Trial,1,2D Sim,False,Distance Weight,0.9,Random Seed,15,Min Iterations,1200,Lazy,False,Distance cost,0.7964148194917486,Manip Cost,12.161842122513516,Total cost,1.932957549793925,Node cost function,False,Percent Manip Threshold,0,Update Path,False,Increasing weight,False,Parent finding radius R,0.9,Step Size,0.3,Goal Area Sample Probability,0.05,Goal Area Delta,0.6
Manipulability,0.032,0.046,0.06,0.048,0.041,0.029,0.033,0.054,0.084,0.047,0.046,0.062,0.08,0.087,0.09,0.082,0.073,0.058,0.105,0.141,0.113,0.13,0.147,0.141,0.131,0.148,0.155,0.146,0.149,0.153,0.169,0.184,0.167,0.169,0.183,0.202,0.203,0.104
Distance to Last Node,0.0,0.27,0.27,0.321,0.321,0.292,0.292,0.391,0.391,0.365,0.295,0.444,0.444,0.3,0.3,0.3,0.269,0.269,0.292,0.292,0.391,0.284,0.284,0.309,0.309,0.351,0.351,0.3,0.193,0.193,0.358,0.358,0.284,0.431,0.392,0.392,0.299,0.46
Joint 0: ,-1.7,-1.471,-1.243,-1.031,-0.82,-0.579,-0.339,-0.229,-0.119,-0.028,0.127,0.408,0.688,0.797,1.011,1.216,1.26,1.304,1.281,1.258,1.012,1.181,1.35,1.364,1.378,1.476,1.573,1.722,1.736,1.751,1.5,1.25,1.463,1.629,1.714,1.798,1.616,1.705
Joint 1: ,-1.0,-1.003,-1.006,-0.815,-0.625,-0.626,-0.627,-0.731,-0.836,-0.662,-0.57,-0.605,-0.639,-0.696,-0.832,-0.859,-0.929,-0.999,-1.025,-1.052,-0.917,-0.948,-0.979,-1.029,-1.08,-0.998,-0.915,-0.989,-0.927,-0.864,-0.959,-1.054,-0.976,-0.784,-1.037,-1.291,-1.253,-1.004
Joint 2: ,0.2,0.204,0.208,0.285,0.362,0.309,0.256,0.241,0.225,0.24,0.351,0.472,0.593,0.754,0.639,0.64,0.862,1.084,0.867,0.649,0.753,0.612,0.47,0.681,0.893,0.681,0.47,0.367,0.351,0.336,0.428,0.519,0.502,0.413,0.337,0.26,0.425,0.494
Joint 3: ,-0.1,-0.191,-0.282,-0.288,-0.294,-0.185,-0.076,0.156,0.389,0.163,0.211,0.345,0.479,0.615,0.516,0.384,0.29,0.195,0.334,0.472,0.568,0.584,0.6,0.54,0.48,0.565,0.651,0.427,0.588,0.749,0.744,0.738,0.613,0.76,0.671,0.582,0.565,0.307
Joint 4: ,0.3,0.24,0.18,0.177,0.173,0.28,0.386,0.487,0.588,0.475,0.274,-0.015,-0.303,-0.228,-0.217,-0.225,-0.144,-0.064,-0.158,-0.252,-0.213,-0.228,-0.242,-0.121,0.001,-0.056,-0.114,-0.078,-0.041,-0.005,-0.205,-0.405,-0.295,-0.242,-0.243,-0.244,-0.193,-0.197
Joint 5: ,0.2,0.287,0.374,0.304,0.235,0.246,0.257,0.195,0.133,0.179,0.179,0.171,0.163,0.016,0.008,0.072,0.072,0.072,0.163,0.255,0.05,0.161,0.273,0.205,0.138,0.264,0.391,0.409,0.384,0.36,0.396,0.433,0.457,0.622,0.515,0.407,0.471,0.21
Joint 6: ,0.1,0.064,0.028,0.133,0.237,0.2,0.164,-0.084,-0.331,-0.161,-0.163,-0.13,-0.097,-0.157,-0.111,-0.272,-0.243,-0.213,-0.195,-0.177,-0.072,-0.207,-0.342,-0.183,-0.024,-0.212,-0.399,-0.383,-0.453,-0.524,-0.444,-0.364,-0.336,-0.585,-0.347,-0.109,-0.253,-0.198
Trial,2,2D Sim,False,Distance Weight,0.9,Random Seed,30,Min Iterations,1200,Lazy,False,Distance cost,1.0645568481123497,Manip Cost,15.197225074632076,Total cost,2.477823670764322,Node cost function,False,Percent Manip Threshold,0,Update Path,False,Increasing weight,False,Parent finding radius R,0.9,Step Size,0.3,Goal Area Sample Probability,0.05,Goal Area Delta,0.6
Manipulability,0.032,0.066,0.009,0.085,0.048,0.03,0.027,0.038,0.026,0.018,0.036,0.064,0.043,0.042,0.045,0.095,0.028,0.051,0.08,0.063,0.063,0.059,0.058,0.064,0.08,0.093,0.112,0.135,0.14,0.132,0.152,0.145,0.143,0.157,0.164,0.159,0.152,0.125,0.126,0.128,0.13,0.138,0.147,0.148,0.148,0.157,0.165,0.19,0.214,0.164,0.101
Distance to Last Node,0.0,0.424,0.307,0.307,0.299,0.271,0.434,0.434,0.246,0.441,0.41,0.41,0.257,0.257,0.372,0.372,0.435,0.317,0.317,0.311,0.311,0.38,0.282,0.282,0.282,0.278,0.278,0.278,0.3,0.3,0.46,0.316,0.316,0.215,0.215,0.3,0.3,0.483,0.298,0.298,0.293,0.287,0.287,0.273,0.273,0.287,0.287,0.296,0.296,0.373,0.373
Joint 0: ,-1.7,-1.434,-1.313,-1.191,-1.094,-0.861,-0.578,-0.296,-0.141,0.109,0.37,0.632,0.545,0.459,0.607,0.754,0.587,0.733,0.879,0.859,0.838,0.915,0.792,0.669,0.546,0.753,0.96,1.166,1.277,1.507,1.29,1.483,1.676,1.644,1.613,1.633,1.653,1.859,1.635,1.412,1.572,1.724,1.876,1.837,1.798,1.858,1.918,1.993,2.068,1.884,1.7
Joint 1: ,-1.0,-1.081,-1.028,-0.975,-0.893,-0.847,-0.825,-0.803,-0.741,-0.582,-0.421,-0.261,-0.326,-0.392,-0.269,-0.146,-0.193,-0.173,-0.152,-0.286,-0.419,-0.264,-0.335,-0.405,-0.476,-0.506,-0.536,-0.565,-0.623,-0.666,-0.746,-0.667,-0.587,-0.629,-0.67,-0.749,-0.828,-0.54,-0.599,-0.658,-0.736,-0.826,-0.915,-0.907,-0.898,-0.929,-0.96,-1.112,-1.264,-1.132,-1.0
Joint 2: ,0.2,0.282,0.212,0.143,0.127,0.147,0.002,-0.143,-0.036,0.225,0.328,0.432,0.596,0.761,0.522,0.283,0.572,0.344,0.117,0.262,0.407,0.215,0.433,0.652,0.87,0.762,0.653,0.545,0.67,0.647,0.838,0.672,0.507,0.556,0.605,0.605,0.605,0.61,0.561,0.512,0.483,0.465,0.448,0.55,0.652,0.598,0.544,0.605,0.666,0.583,0.5
Joint 3: ,-0.1,0.187,-0.052,-0.292,-0.2,-0.095,0.057,0.209,0.174,0.156,0.319,0.482,0.334,0.187,0.389,0.591,0.322,0.461,0.601,0.503,0.405,0.439,0.398,0.357,0.316,0.45,0.584,0.718,0.856,0.763,0.989,0.953,0.916,0.984,1.051,0.858,0.665,0.796,0.701,0.605,0.554,0.491,0.428,0.485,0.541,0.559,0.576,0.602,0.627,0.464,0.3
Joint 4: ,0.3,0.357,0.261,0.165,0.233,0.23,0.047,-0.136,-0.036,-0.022,0.052,0.125,0.191,0.257,0.266,0.275,0.315,0.372,0.429,0.246,0.063,0.334,0.289,0.244,0.199,0.137,0.075,0.014,0.206,0.077,0.343,0.184,0.026,0.176,0.326,0.129,-0.068,-0.032,-0.024,-0.015,-0.071,-0.151,-0.232,-0.235,-0.239,-0.312,-0.385,-0.456,-0.526,-0.363,-0.2
Joint 5: ,0.2,0.111,0.053,-0.004,0.032,-0.024,-0.159,-0.294,-0.21,-0.044,0.104,0.251,0.279,0.307,0.266,0.224,0.195,0.139,0.083,0.196,0.308,0.253,0.34,0.427,0.513,0.513,0.513,0.514,0.466,0.392,0.409,0.363,0.316,0.434,0.552,0.513,0.474,0.352,0.427,0.502,0.479,0.493,0.507,0.467,0.427,0.461,0.494,0.513,0.531,0.366,0.2
Joint 6: ,0.1,0.053,0.008,-0.038,0.204,0.253,0.362,0.472,0.418,0.318,0.219,0.12,0.121,0.123,0.088,0.053,0.043,0.076,0.11,0.069,0.029,0.031,0.05,0.07,0.089,0.086,0.082,0.079,0.066,0.0,-0.017,-0.039,-0.06,-0.077,-0.093,-0.018,0.057,-0.217,-0.081,0.054,-0.163,-0.363,-0.563,-0.323,-0.082,-0.343,-0.603,-0.381,-0.159,-0.18,-0.2
Trial,3,2D Sim,False,Distance Weight,0.9,Random Seed,45,Min Iterations,1200,Lazy,False,Distance cost,0.74906245175676,Manip Cost,11.236493591318451,Total cost,1.7978055657129288,Node cost function,False,Percent Manip Threshold,0,Update Path,False,Increasing weight,False,Parent finding radius R,0.9,Step Size,0.3,Goal Area Sample Probability,0.05,Goal Area Delta,0.6
Manipulability,0.032,0.056,0.071,0.06,0.066,0.073,0.079,0.081,0.072,0.068,0.071,0.066,0.068,0.089,0.119,0.139,0.116,0.157,0.151,0.062,0.011,0.056,0.119,0.11,0.145,0.18,0.167,0.154,0.176,0.196,0.211,0.214,0.204,0.152,0.099
Distance to Last Node,0.0,0.285,0.285,0.3,0.295,0.295,0.295,0.3,0.3,0.352,0.352,0.293,0.293,0.4,0.4,0.3,0.342,0.267,0.348,0.358,0.281,0.416,0.416,0.421,0.432,0.432,0.347,0.362,0.279,0.279,0.279,0.3,0.442,0.297,0.297
Joint 0: ,-1.7,-1.533,-1.366,-1.209,-1.022,-0.834,-0.647,-0.67,-0.507,-0.392,-0.277,-0.099,0.079,0.366,0.653,0.827,0.842,0.902,0.946,1.023,1.094,1.232,1.371,1.568,1.499,1.431,1.49,1.59,1.547,1.503,1.46,1.516,1.605,1.656,1.706
Joint 1: ,-1.0,-0.861,-0.722,-0.664,-0.642,-0.62,-0.598,-0.6,-0.446,-0.437,-0.428,-0.422,-0.417,-0.508,-0.599,-0.653,-0.687,-0.705,-0.685,-0.535,-0.512,-0.695,-0.879,-0.708,-0.975,-1.241,-1.055,-0.91,-1.064,-1.217,-1.371,-1.497,-1.334,-1.17,-1.006
Joint 2: ,0.2,0.332,0.464,0.322,0.387,0.451,0.516,0.679,0.79,0.999,1.207,1.156,1.104,0.989,0.874,1.053,0.904,1.022,0.819,0.892,0.773,0.561,0.349,0.321,0.431,0.541,0.308,0.064,0.284,0.504,0.724,0.91,0.635,0.557,0.48
Joint 3: ,-0.1,-0.048,0.004,-0.098,-0.125,-0.152,-0.179,-0.186,-0.319,-0.459,-0.6,-0.559,-0.519,-0.509,-0.499,-0.608,-0.49,-0.61,-0.572,-0.284,-0.078,0.162,0.402,0.627,0.53,0.432,0.391,0.427,0.416,0.406,0.396,0.28,0.418,0.359,0.3
Joint 4: ,0.3,0.347,0.395,0.275,0.072,-0.13,-0.333,-0.444,-0.365,-0.199,-0.034,0.117,0.268,0.251,0.234,0.341,0.068,0.231,-0.041,0.023,0.082,0.102,0.122,-0.087,0.148,0.384,0.29,0.467,0.445,0.423,0.401,0.3,0.091,-0.041,-0.173
Joint 5: ,0.2,0.307,0.415,0.436,0.5,0.565,0.63,0.619,0.663,0.598,0.533,0.381,0.229,0.094,-0.041,-0.029,0.013,-0.093,-0.061,-0.028,0.075,0.206,0.336,0.238,0.335,0.432,0.555,0.643,0.622,0.601,0.58,0.635,0.516,0.35,0.184
Joint 6: ,0.1,0.107,0.114,-0.014,-0.047,-0.08,-0.112,0.113,0.154,0.028,-0.098,-0.035,0.028,-0.166,-0.36,-0.326,-0.273,-0.243,-0.266,-0.346,-0.396,-0.388,-0.38,-0.447,-0.291,-0.135,-0.182,-0.175,-0.12,-0.065,-0.01,-0.109,-0.015,-0.082,-0.149
Trial,4,2D Sim,False,Distance Weight,0.9,Random Seed,60,Min Iterations,1200,Lazy,False,Distance cost,0.7154549344404899,Manip Cost,10.071672217527947,Total cost,1.6510766627492355,Node cost function,False,Percent Manip Threshold,0,Update Path,False,Increasing weight,False,Parent finding radius R,0.9,Step Size,0.3,Goal Area Sample Probability,0.05,Goal Area Delta,0.6
Manipulability,0.032,0.077,0.168,0.139,0.128,0.117,0.054,0.021,0.034,0.067,0.068,0.069,0.073,0.075,0.119,0.168,0.141,0.114,0.134,0.154,0.172,0.142,0.176,0.154,0.195,0.194,0.189,0.205,0.219,0.243,0.239,0.234,0.173,0.101
Distance to Last Node,0.0,0.298,0.298,0.494,0.271,0.271,0.405,0.432,0.382,0.382,0.317,0.317,0.275,0.275,0.37,0.37,0.271,0.271,0.242,0.242,0.242,0.302,0.416,0.316,0.428,0.335,0.335,0.223,0.223,0.3,0.352,0.352,0.412,0.412
Joint 0: ,-1.7,-1.612,-1.524,-1.481,-1.296,-1.111,-0.83,-0.531,-0.233,0.064,0.315,0.567,0.803,1.039,1.188,1.338,1.384,1.43,1.436,1.442,1.448,1.488,1.213,1.24,1.293,1.399,1.506,1.453,1.399,1.417,1.474,1.53,1.615,1.7
Joint 1: ,-1.0,-0.995,-0.991,-0.769,-0.666,-0.562,-0.47,-0.422,-0.459,-0.496,-0.487,-0.478,-0.579,-0.68,-0.932,-1.184,-1.139,-1.094,-1.114,-1.135,-1.155,-1.156,-1.366,-1.157,-1.414,-1.302,-1.19,-1.241,-1.292,-1.357,-1.364,-1.372,-1.186,-1.0
Joint 2: ,0.2,0.242,0.285,0.545,0.602,0.658,0.75,0.807,0.875,0.944,0.87,0.797,0.78,0.763,0.851,0.939,0.875,0.811,0.846,0.882,0.917,0.796,0.816,0.618,0.905,0.933,0.961,1.047,1.133,1.276,1.018,0.759,0.63,0.5
Joint 3: ,-0.1,-0.312,-0.524,-0.388,-0.345,-0.302,-0.192,-0.172,-0.056,0.06,0.079,0.097,0.121,0.146,0.212,0.278,0.275,0.273,0.287,0.3,0.313,0.285,0.198,0.26,0.318,0.414,0.511,0.528,0.545,0.641,0.673,0.706,0.503,0.3
Joint 4: ,0.3,0.244,0.187,0.339,0.248,0.156,-0.018,-0.244,-0.25,-0.256,-0.285,-0.315,-0.367,-0.419,-0.254,-0.088,-0.317,-0.546,-0.33,-0.114,0.102,-0.029,-0.024,0.028,0.076,0.184,0.291,0.303,0.314,0.497,0.285,0.073,-0.063,-0.2
Joint 5: ,0.2,0.071,-0.059,-0.176,-0.225,-0.274,-0.119,0.074,0.262,0.45,0.468,0.487,0.415,0.343,0.414,0.485,0.371,0.257,0.338,0.419,0.5,0.356,0.529,0.454,0.503,0.457,0.412,0.459,0.506,0.594,0.535,0.475,0.337,0.2
Joint 6: ,0.1,-0.019,-0.138,0.126,0.239,0.351,0.393,0.344,0.291,0.238,0.063,-0.111,-0.084,-0.057,0.026,0.11,0.12,0.129,0.189,0.248,0.307,0.115,-0.008,-0.072,-0.228,0.027,0.281,0.095,-0.09,0.029,0.094,0.159,-0.021,-0.2
Trial,5,2D Sim,False,Distance Weight,0.9,Random Seed,75,Min Iterations,1200,Lazy,False,Distance cost,0.6387868420899621,Manip Cost,11.004061013055953,Total cost,1.6753142591865609,Node cost function,False,Percent Manip Threshold,0,Update Path,False,Increasing weight,False,Parent finding radius R,0.9,Step Size,0.3,Goal Area Sample Probability,0.05,Goal Area Delta,0.6
Manipulability,0.032,0.07,0.071,0.071,0.078,0.079,0.084,0.068,0.062,0.056,0.053,0.055,0.058,0.062,0.067,0.09,0.116,0.116,0.127,0.118,0.127,0.136,0.154,0.15,0.174,0.198,0.221,0.182,0.19,0.149,0.101
Distance to Last Node,0.0,0.3,0.3,0.409,0.288,0.442,0.442,0.401,0.317,0.271,0.265,0.25,0.255,0.255,0.255,0.423,0.423,0.267,0.267,0.343,0.343,0.3,0.3,0.33,0.297,0.297,0.297,0.441,0.405,0.245,0.245
Joint 0: ,-1.7,-1.731,-1.803,-1.576,-1.442,-1.664,-1.886,-1.596,-1.352,-1.109,-0.858,-0.63,-0.396,-0.161,0.074,0.212,0.35,0.33,0.31,0.516,0.722,1.003,1.062,1.05,1.081,1.113,1.144,1.393,1.663,1.682,1.7
Joint 1: ,-1.0,-0.885,-0.86,-0.806,-0.704,-0.733,-0.763,-0.593,-0.451,-0.392,-0.369,-0.368,-0.408,-0.449,-0.49,-0.579,-0.669,-0.562,-0.455,-0.63,-0.805,-0.86,-0.949,-0.933,-1.039,-1.144,-1.249,-1.059,-1.159,-1.08,-1.0
Joint 2: ,0.2,0.261,0.358,0.314,0.354,0.51,0.667,0.626,0.675,0.715,0.739,0.706,0.689,0.673,0.656,0.554,0.452,0.263,0.074,0.234,0.394,0.412,0.299,0.463,0.605,0.746,0.888,0.619,0.536,0.518,0.5
Joint 3: ,-0.1,0.054,-0.088,0.09,0.221,-0.003,-0.226,-0.268,-0.306,-0.28,-0.229,-0.149,-0.073,0.004,0.08,0.291,0.503,0.591,0.679,0.593,0.506,0.548,0.549,0.611,0.635,0.659,0.682,0.596,0.507,0.403,0.3
Joint 4: ,0.3,0.382,0.237,0.42,0.576,0.333,0.091,-0.105,-0.229,-0.3,-0.327,-0.352,-0.371,-0.39,-0.409,-0.572,-0.734,-0.648,-0.562,-0.541,-0.52,-0.592,-0.782,-0.592,-0.369,-0.146,0.078,0.041,-0.043,-0.122,-0.2
Joint 5: ,0.2,0.309,0.41,0.32,0.357,0.466,0.574,0.561,0.598,0.564,0.532,0.542,0.521,0.499,0.477,0.476,0.475,0.451,0.426,0.419,0.413,0.391,0.494,0.375,0.413,0.451,0.489,0.477,0.504,0.352,0.2
Joint 6: ,0.1,0.273,0.427,0.234,0.134,0.136,0.137,0.217,0.216,0.16,0.12,0.069,0.035,0.0,-0.034,-0.298,-0.563,-0.475,-0.387,-0.491,-0.596,-0.571,-0.433,-0.598,-0.663,-0.728,-0.792,-0.669,-0.427,-0.314,-0.2
Trial,1,2D Sim,False,Distance Weight,0.85,Random Seed,15,Min Iterations,1200,Lazy,False,Distance cost,1.0839732801868573,Manip Cost,10.784811862009814,Total cost,2.539099067460301,Node cost function,False,Percent Manip Threshold,0,Update Path,False,Increasing weight,False,Parent finding radius R,0.9,Step Size,0.3,Goal Area Sample Probability,0.05,Goal Area Delta,0.6
Manipulability,0.032,0.046,0.06,0.048,0.041,0.029,0.033,0.054,0.084,0.047,0.046,0.062,0.08,0.087,0.09,0.082,0.07,0.058,0.105,0.141,0.113,0.13,0.103,0.095,0.116,0.131,0.148,0.155,0.146,0.149,0.153,0.169,0.184,0.167,0.148,0.128,0.137,0.164,0.166,0.17,0.171,0.159,0.181,0.199,0.201,0.203,0.204,0.209,0.215,0.167,0.109
Distance to Last Node,0.0,0.27,0.27,0.321,0.321,0.292,0.292,0.391,0.391,0.365,0.295,0.444,0.444,0.3,0.3,0.3,0.3,0.3,0.292,0.292,0.391,0.284,0.41,0.383,0.429,0.429,0.351,0.351,0.3,0.193,0.193,0.358,0.358,0.284,0.284,0.284,0.311,0.311,0.3,0.278,0.278,0.41,0.344,0.344,0.409,0.421,0.421,0.321,0.234,0.283,0.283
Joint 0: ,-1.7,-1.471,-1.243,-1.031,-0.82,-0.579,-0.339,-0.229,-0.119,-0.028,0.127,0.408,0.688,0.797,1.011,1.216,1.325,1.304,1.281,1.258,1.012,1.181,1.027,0.997,1.188,1.378,1.476,1.573,1.722,1.736,1.751,1.5,1.25,1.463,1.676,1.889,1.812,1.735,1.581,1.702,1.822,1.825,1.856,1.887,1.926,1.697,1.468,1.687,1.497,1.6,1.703
Joint 1: ,-1.0,-1.003,-1.006,-0.815,-0.625,-0.626,-0.627,-0.731,-0.836,-0.662,-0.57,-0.605,-0.639,-0.696,-0.832,-0.859,-0.887,-0.999,-1.025,-1.052,-0.917,-0.948,-0.806,-0.64,-0.86,-1.08,-0.998,-0.915,-0.989,-0.927,-0.864,-0.959,-1.054,-0.976,-0.899,-0.821,-0.726,-0.632,-0.604,-0.625,-0.647,-0.845,-1.086,-1.327,-1.415,-1.311,-1.207,-1.176,-1.25,-1.124,-0.998
Joint 2: ,0.2,0.204,0.208,0.285,0.362,0.309,0.256,0.241,0.225,0.24,0.351,0.472,0.593,0.754,0.639,0.64,0.878,1.084,0.867,0.649,0.753,0.612,0.763,0.871,0.882,0.893,0.681,0.47,0.367,0.351,0.336,0.428,0.519,0.502,0.486,0.469,0.378,0.287,0.11,0.244,0.378,0.346,0.297,0.249,0.184,0.383,0.583,0.409,0.38,0.429,0.479
Joint 3: ,-0.1,-0.191,-0.282,-0.288,-0.294,-0.185,-0.076,0.156,0.389,0.163,0.211,0.345,0.479,0.615,0.516,0.384,0.249,0.195,0.334,0.472,0.568,0.584,0.68,0.951,0.716,0.48,0.565,0.651,0.427,0.588,0.749,0.744,0.738,0.613,0.488,0.363,0.609,0.856,0.849,0.842,0.835,0.665,0.602,0.538,0.738,0.654,0.569,0.603,0.546,0.433,0.32
Joint 4: ,0.3,0.24,0.18,0.177,0.173,0.28,0.386,0.487,0.588,0.475,0.274,-0.015,-0.303,-0.228,-0.217,-0.225,-0.234,-0.064,-0.158,-0.252,-0.213,-0.228,-0.189,-0.212,-0.105,0.001,-0.056,-0.114,-0.078,-0.041,-0.005,-0.205,-0.405,-0.295,-0.185,-0.075,-0.032,0.011,-0.112,-0.043,0.027,0.02,-0.115,-0.251,-0.448,-0.306,-0.164,-0.156,-0.244,-0.212,-0.181
Joint 5: ,0.2,0.287,0.374,0.304,0.235,0.246,0.257,0.195,0.133,0.179,0.179,0.171,0.163,0.016,0.008,0.072,0.113,0.072,0.163,0.255,0.05,0.161,-0.044,-0.222,-0.042,0.138,0.264,0.391,0.409,0.384,0.36,0.396,0.433,0.457,0.481,0.504,0.504,0.503,0.486,0.569,0.651,0.533,0.46,0.388,0.143,0.332,0.521,0.628,0.616,0.425,0.233
Joint 6: ,0.1,0.064,0.028,0.133,0.237,0.2,0.164,-0.084,-0.331,-0.161,-0.163,-0.13,-0.097,-0.157,-0.111,-0.272,-0.243,-0.213,-0.195,-0.177,-0.072,-0.207,0.013,-0.015,-0.02,-0.024,-0.212,-0.399,-0.383,-0.453,-0.524,-0.444,-0.364,-0.336,-0.309,-0.281,-0.388,-0.494,-0.358,-0.539,-0.721,-0.429,-0.258,-0.088,-0.211,-0.315,-0.419,-0.313,-0.28,-0.255,-0.229
Trial,2,2D Sim,False,Distance Weight,0.85,Random Seed,30,Min Iterations,1200,Lazy,False,Distance cost,1.4060818258586687,Manip Cost,13.411153364501528,Total cost,3.206842556655098,Node cost function,False,Percent Manip Threshold,0,Update Path,False,Increasing weight,False,Parent finding radius R,0.9,Step Size,0.3,Goal Area Sample Probability,0.05,Goal Area Delta,0.6
Manipulability,0.032,0.066,0.062,0.067,0.071,0.039,0.085,0.048,0.03,0.027,0.038,0.026,0.018,0.036,0.064,0.043,0.042,0.045,0.095,0.048,0.057,0.064,0.076,0.096,0.049,0.093,0.14,0.146,0.124,0.097,0.134,0.168,0.15,0.125,0.112,0.123,0.134,0.127,0.12,0.096,0.094,0.104,0.115,0.12,0.133,0.125,0.126,0.134,0.13,0.124,0.139,0.147,0.153,0.152,0.163,0.18,0.186,0.206,0.155,0.101
Distance to Last Node,0.0,0.424,0.416,0.416,0.3,0.4,0.4,0.299,0.271,0.434,0.434,0.246,0.441,0.41,0.41,0.257,0.257,0.372,0.372,0.388,0.337,0.281,0.281,0.281,0.396,0.324,0.324,0.3,0.27,0.27,0.387,0.387,0.442,0.442,0.3,0.287,0.287,0.352,0.352,0.416,0.602,0.354,0.354,0.386,0.386,0.35,0.437,0.437,0.393,0.393,0.326,0.326,0.443,0.569,0.276,0.276,0.276,0.3,0.369,0.369
Joint 0: ,-1.7,-1.434,-1.36,-1.287,-1.228,-1.21,-1.191,-1.094,-0.861,-0.578,-0.296,-0.141,0.109,0.37,0.632,0.545,0.459,0.607,0.754,0.86,0.925,0.954,0.983,1.012,1.033,1.079,1.126,1.243,1.291,1.338,1.3,1.261,1.385,1.51,1.742,1.562,1.381,1.631,1.881,1.614,1.831,1.909,1.988,1.832,1.676,1.664,1.753,1.842,1.831,1.821,1.788,1.754,1.578,1.845,1.855,1.864,1.874,1.883,1.791,1.7
Joint 1: ,-1.0,-1.081,-0.943,-0.805,-0.596,-0.786,-0.975,-0.893,-0.847,-0.825,-0.803,-0.741,-0.582,-0.421,-0.261,-0.326,-0.392,-0.269,-0.146,-0.233,-0.171,-0.273,-0.374,-0.476,-0.304,-0.466,-0.629,-0.683,-0.615,-0.547,-0.677,-0.807,-0.765,-0.723,-0.633,-0.72,-0.807,-0.803,-0.799,-0.921,-0.689,-0.71,-0.731,-0.694,-0.658,-0.868,-0.98,-1.093,-0.927,-0.761,-0.983,-1.205,-0.996,-0.7,-0.916,-1.132,-1.348,-1.405,-1.203,-1.0
Joint 2: ,0.2,0.282,0.129,-0.025,-0.081,0.031,0.143,0.127,0.147,0.002,-0.143,-0.036,0.225,0.328,0.432,0.596,0.761,0.522,0.283,0.476,0.249,0.457,0.665,0.873,0.765,0.811,0.857,0.961,0.857,0.753,0.928,1.102,0.898,0.693,0.736,0.64,0.545,0.61,0.675,0.623,0.915,0.883,0.85,0.644,0.438,0.492,0.623,0.755,0.837,0.919,0.74,0.562,0.505,0.361,0.403,0.445,0.488,0.296,0.398,0.5
Joint 3: ,-0.1,0.187,0.002,-0.183,-0.133,-0.212,-0.292,-0.2,-0.095,0.057,0.209,0.174,0.156,0.319,0.482,0.334,0.187,0.389,0.591,0.368,0.421,0.441,0.462,0.483,0.275,0.475,0.674,0.819,0.655,0.492,0.729,0.967,0.709,0.452,0.478,0.417,0.356,0.346,0.335,0.196,0.454,0.367,0.281,0.412,0.543,0.306,0.512,0.719,0.648,0.577,0.554,0.53,0.493,0.626,0.62,0.614,0.608,0.768,0.534,0.3
Joint 4: ,0.3,0.357,0.128,-0.102,-0.01,0.077,0.165,0.233,0.23,0.047,-0.136,-0.036,-0.022,0.052,0.125,0.191,0.257,0.266,0.275,0.196,0.4,0.281,0.161,0.042,0.058,0.056,0.053,0.248,0.113,-0.021,0.184,0.389,0.125,-0.138,-0.144,-0.118,-0.092,-0.109,-0.126,-0.078,-0.348,-0.148,0.051,-0.086,-0.224,-0.25,-0.364,-0.478,-0.465,-0.452,-0.412,-0.372,-0.239,-0.037,-0.106,-0.175,-0.244,-0.34,-0.27,-0.2
Joint 5: ,0.2,0.111,0.276,0.442,0.585,0.29,-0.004,0.032,-0.024,-0.159,-0.294,-0.21,-0.044,0.104,0.251,0.279,0.307,0.266,0.224,0.294,0.246,0.344,0.442,0.54,0.384,0.526,0.667,0.607,0.525,0.443,0.485,0.527,0.519,0.511,0.485,0.531,0.576,0.519,0.461,0.302,0.227,0.368,0.509,0.549,0.589,0.467,0.17,-0.126,0.095,0.315,0.223,0.13,0.393,0.66,0.511,0.362,0.213,0.155,0.178,0.2
Joint 6: ,0.1,0.053,-0.051,-0.155,-0.247,-0.142,-0.038,0.204,0.253,0.362,0.472,0.418,0.318,0.219,0.12,0.121,0.123,0.088,0.053,-0.13,-0.049,-0.038,-0.028,-0.018,-0.237,-0.118,0.001,-0.005,-0.067,-0.129,-0.107,-0.086,-0.068,-0.05,-0.208,-0.044,0.12,-0.111,-0.343,-0.149,0.027,-0.198,-0.423,-0.215,-0.006,-0.063,-0.163,-0.263,-0.005,0.252,0.137,0.021,0.196,0.076,0.106,0.135,0.165,0.056,-0.072,-0.2
Trial,3,2D Sim,False,Distance Weight,0.85,Random Seed,45,Min Iterations,1200,Lazy,False,Distance cost,0.7305775520672373,Manip Cost,12.390883112086101,Total cost,2.479623386070067,Node cost function,False,Percent Manip Threshold,0,Update Path,False,Increasing weight,False,Parent finding radius R,0.9,Step Size,0.3,Goal Area Sample Probability,0.05,Goal Area Delta,0.6
Manipulability,0.032,0.056,0.071,0.06,0.066,0.073,0.079,0.081,0.072,0.068,0.071,0.066,0.068,0.089,0.119,0.062,0.103,0.139,0.116,0.083,0.147,0.184,0.152,0.16,0.156,0.17,0.179,0.184,0.157,0.123,0.063,0.015,0.042,0.102
Distance to Last Node,0.0,0.285,0.285,0.3,0.295,0.295,0.295,0.3,0.3,0.352,0.352,0.293,0.293,0.4,0.4,0.411,0.275,0.275,0.342,0.342,0.422,0.422,0.3,0.335,0.335,0.287,0.287,0.287,0.284,0.337,0.411,0.411,0.426,0.426
Joint 0: ,-1.7,-1.533,-1.366,-1.209,-1.022,-0.834,-0.647,-0.67,-0.507,-0.392,-0.277,-0.099,0.079,0.366,0.653,0.764,0.795,0.827,0.842,0.858,0.91,0.962,1.049,0.937,0.825,0.96,1.095,1.23,1.24,1.284,1.294,1.304,1.504,1.705
Joint 1: ,-1.0,-0.861,-0.722,-0.664,-0.642,-0.62,-0.598,-0.6,-0.446,-0.437,-0.428,-0.422,-0.417,-0.508,-0.599,-0.644,-0.649,-0.653,-0.687,-0.721,-0.722,-0.723,-0.575,-0.665,-0.756,-0.722,-0.688,-0.654,-0.611,-0.615,-0.591,-0.567,-0.788,-1.009
Joint 2: ,0.2,0.332,0.464,0.322,0.387,0.451,0.516,0.679,0.79,0.999,1.207,1.156,1.104,0.989,0.874,0.937,0.995,1.053,0.904,0.754,0.948,1.141,1.26,1.192,1.124,1.128,1.132,1.136,1.043,0.891,0.624,0.356,0.424,0.492
Joint 3: ,-0.1,-0.048,0.004,-0.098,-0.125,-0.152,-0.179,-0.186,-0.319,-0.459,-0.6,-0.559,-0.519,-0.509,-0.499,-0.261,-0.435,-0.608,-0.49,-0.372,-0.552,-0.731,-0.799,-0.748,-0.697,-0.763,-0.829,-0.895,-0.672,-0.436,-0.165,0.106,0.206,0.306
Joint 4: ,0.3,0.347,0.395,0.275,0.072,-0.13,-0.333,-0.444,-0.365,-0.199,-0.034,0.117,0.268,0.251,0.234,-0.063,0.139,0.341,0.068,-0.205,0.095,0.394,0.553,0.414,0.275,0.386,0.497,0.608,0.492,0.314,0.191,0.068,-0.058,-0.183
Joint 5: ,0.2,0.307,0.415,0.436,0.5,0.565,0.63,0.619,0.663,0.598,0.533,0.381,0.229,0.094,-0.041,-0.014,-0.022,-0.029,0.013,0.056,-0.071,-0.199,-0.155,-0.058,0.039,-0.018,-0.075,-0.132,-0.128,-0.152,-0.148,-0.144,0.026,0.195
Joint 6: ,0.1,0.107,0.114,-0.014,-0.047,-0.08,-0.112,0.113,0.154,0.028,-0.098,-0.035,0.028,-0.166,-0.36,-0.288,-0.307,-0.326,-0.273,-0.22,-0.217,-0.214,-0.094,-0.329,-0.565,-0.358,-0.151,0.057,-0.028,-0.008,0.081,0.169,-0.014,-0.197
Trial,4,2D Sim,False,Distance Weight,0.85,Random Seed,60,Min Iterations,1200,Lazy,False,Distance cost,0.855105007277417,Manip Cost,9.506629358942934,Total cost,2.1528336600272446,Node cost function,False,Percent Manip Threshold,0,Update Path,False,Increasing weight,False,Parent finding radius R,0.9,Step Size,0.3,Goal Area Sample Probability,0.05,Goal Area Delta,0.6
Manipulability,0.032,0.077,0.168,0.139,0.128,0.117,0.054,0.021,0.034,0.067,0.068,0.069,0.073,0.075,0.119,0.168,0.133,0.153,0.138,0.123,0.141,0.16,0.176,0.154,0.125,0.163,0.195,0.171,0.145,0.167,0.189,0.156,0.186,0.213,0.238,0.23,0.221,0.195,0.153,0.101
Distance to Last Node,0.0,0.298,0.298,0.494,0.271,0.271,0.405,0.432,0.382,0.382,0.317,0.317,0.275,0.275,0.37,0.37,0.353,0.291,0.289,0.289,0.293,0.293,0.293,0.316,0.316,0.345,0.345,0.258,0.258,0.405,0.405,0.433,0.295,0.295,0.3,0.402,0.402,0.415,0.248,0.248
Joint 0: ,-1.7,-1.612,-1.524,-1.481,-1.296,-1.111,-0.83,-0.531,-0.233,0.064,0.315,0.567,0.803,1.039,1.188,1.338,1.336,1.392,1.448,1.505,1.408,1.31,1.213,1.24,1.268,1.28,1.293,1.23,1.167,1.336,1.506,1.615,1.548,1.482,1.493,1.551,1.61,1.624,1.662,1.7
Joint 1: ,-1.0,-0.995,-0.991,-0.769,-0.666,-0.562,-0.47,-0.422,-0.459,-0.496,-0.487,-0.478,-0.579,-0.68,-0.932,-1.184,-1.042,-1.099,-1.075,-1.052,-1.157,-1.262,-1.366,-1.157,-0.947,-1.181,-1.414,-1.306,-1.198,-1.194,-1.19,-1.174,-1.19,-1.207,-1.28,-1.307,-1.333,-1.155,-1.077,-1.0
Joint 2: ,0.2,0.242,0.285,0.545,0.602,0.658,0.75,0.807,0.875,0.944,0.87,0.797,0.78,0.763,0.851,0.939,0.895,0.906,0.909,0.913,0.88,0.848,0.816,0.618,0.421,0.663,0.905,0.697,0.489,0.725,0.961,0.752,0.95,1.148,1.296,1.005,0.714,0.499,0.5,0.5
Joint 3: ,-0.1,-0.312,-0.524,-0.388,-0.345,-0.302,-0.192,-0.172,-0.056,0.06,0.079,0.097,0.121,0.146,0.212,0.278,0.287,0.3,0.327,0.354,0.302,0.25,0.198,0.26,0.323,0.32,0.318,0.321,0.325,0.418,0.511,0.434,0.525,0.615,0.709,0.708,0.707,0.56,0.43,0.3
Joint 4: ,0.3,0.244,0.187,0.339,0.248,0.156,-0.018,-0.244,-0.25,-0.256,-0.285,-0.315,-0.367,-0.419,-0.254,-0.088,-0.383,-0.141,-0.407,-0.673,-0.457,-0.241,-0.024,0.028,0.081,0.078,0.076,0.084,0.092,0.192,0.291,0.074,0.234,0.393,0.576,0.32,0.064,-0.091,-0.145,-0.2
Joint 5: ,0.2,0.071,-0.059,-0.176,-0.225,-0.274,-0.119,0.074,0.262,0.45,0.468,0.487,0.415,0.343,0.414,0.485,0.369,0.434,0.345,0.257,0.348,0.438,0.529,0.454,0.38,0.441,0.503,0.416,0.328,0.37,0.412,0.291,0.38,0.469,0.564,0.481,0.398,0.52,0.36,0.2
Joint 6: ,0.1,-0.019,-0.138,0.126,0.239,0.351,0.393,0.344,0.291,0.238,0.063,-0.111,-0.084,-0.057,0.026,0.11,0.062,0.184,0.209,0.233,0.153,0.073,-0.008,-0.072,-0.136,-0.182,-0.228,-0.216,-0.205,0.038,0.281,0.028,0.069,0.109,0.216,0.194,0.172,-0.012,-0.106,-0.2
Trial,5,2D Sim,False,Distance Weight,0.85,Random Seed,75,Min Iterations,1200,Lazy,False,Distance cost,0.8927346394137307,Manip Cost,9.995590422756187,Total cost,2.2581630069150993,Node cost function,False,Percent Manip Threshold,0,Update Path,False,Increasing weight,False,Parent finding radius R,0.9,Step Size,0.3,Goal Area Sample Probability,0.05,Goal Area Delta,0.6
Manipulability,0.032,0.07,0.071,0.071,0.078,0.079,0.084,0.068,0.062,0.056,0.053,0.055,0.058,0.062,0.067,0.084,0.108,0.116,0.116,0.127,0.106,0.103,0.099,0.127,0.106,0.136,0.154,0.15,0.145,0.149,0.148,0.141,0.162,0.181,0.198,0.226,0.19,0.2,0.23,0.181,0.101
Distance to Last Node,0.0,0.3,0.3,0.409,0.288,0.442,0.442,0.401,0.317,0.271,0.265,0.25,0.255,0.255,0.255,0.397,0.397,0.3,0.267,0.267,0.317,0.317,0.3,0.482,0.314,0.429,0.3,0.33,0.33,0.398,0.398,0.407,0.298,0.298,0.298,0.3,0.432,0.278,0.382,0.414,0.414
Joint 0: ,-1.7,-1.731,-1.803,-1.576,-1.442,-1.664,-1.886,-1.596,-1.352,-1.109,-0.858,-0.63,-0.396,-0.161,0.074,0.214,0.354,0.35,0.33,0.31,0.41,0.509,0.506,0.722,0.713,1.003,1.062,1.05,1.038,1.102,1.166,1.281,1.35,1.418,1.487,1.662,1.763,1.858,1.725,1.713,1.7
Joint 1: ,-1.0,-0.885,-0.86,-0.806,-0.704,-0.733,-0.763,-0.593,-0.451,-0.392,-0.369,-0.368,-0.408,-0.449,-0.49,-0.55,-0.61,-0.669,-0.562,-0.455,-0.591,-0.727,-0.794,-0.805,-0.778,-0.86,-0.949,-0.933,-0.918,-0.884,-0.851,-0.862,-0.93,-0.998,-1.066,-1.206,-1.032,-1.155,-1.248,-1.124,-1.0
Joint 2: ,0.2,0.261,0.358,0.314,0.354,0.51,0.667,0.626,0.675,0.715,0.739,0.706,0.689,0.673,0.656,0.458,0.259,0.452,0.263,0.074,0.239,0.403,0.646,0.394,0.595,0.412,0.299,0.463,0.628,0.393,0.159,0.246,0.297,0.348,0.399,0.435,0.583,0.511,0.48,0.49,0.5
Joint 3: ,-0.1,0.054,-0.088,0.09,0.221,-0.003,-0.226,-0.268,-0.306,-0.28,-0.229,-0.149,-0.073,0.004,0.08,0.307,0.533,0.503,0.591,0.679,0.562,0.446,0.374,0.506,0.458,0.548,0.549,0.611,0.674,0.68,0.686,0.582,0.607,0.631,0.656,0.74,0.686,0.559,0.736,0.518,0.3
Joint 4: ,0.3,0.382,0.237,0.42,0.576,0.333,0.091,-0.105,-0.229,-0.3,-0.327,-0.352,-0.371,-0.39,-0.409,-0.531,-0.652,-0.734,-0.648,-0.562,-0.598,-0.634,-0.659,-0.52,-0.607,-0.592,-0.782,-0.592,-0.403,-0.667,-0.931,-0.685,-0.437,-0.188,0.06,-0.005,-0.24,-0.181,-0.03,-0.115,-0.2
Joint 5: ,0.2,0.309,0.41,0.32,0.357,0.466,0.574,0.561,0.598,0.564,0.532,0.542,0.521,0.499,0.477,0.446,0.415,0.475,0.451,0.426,0.378,0.329,0.273,0.413,0.278,0.391,0.494,0.375,0.256,0.377,0.498,0.438,0.513,0.587,0.662,0.797,0.568,0.57,0.727,0.463,0.2
Joint 6: ,0.1,0.273,0.427,0.234,0.134,0.136,0.137,0.217,0.216,0.16,0.12,0.069,0.035,0.0,-0.034,-0.201,-0.368,-0.563,-0.475,-0.387,-0.553,-0.719,-0.852,-0.596,-0.767,-0.571,-0.433,-0.598,-0.763,-0.645,-0.528,-0.263,-0.358,-0.453,-0.547,-0.643,-0.526,-0.358,-0.558,-0.379,-0.2
Trial,1,2D Sim,False,Distance Weight,0.8,Random Seed,15,Min Iterations,1200,Lazy,False,Distance cost,1.3809374646412933,Manip Cost,9.905323297030044,Total cost,3.0858146311190433,Node cost function,False,Percent Manip Threshold,0,Update Path,False,Increasing weight,False,Parent finding radius R,0.9,Step Size,0.3,Goal Area Sample Probability,0.05,Goal Area Delta,0.6
Manipulability,0.032,0.046,0.06,0.048,0.041,0.029,0.033,0.054,0.084,0.047,0.046,0.062,0.08,0.087,0.09,0.082,0.07,0.058,0.105,0.141,0.079,0.083,0.115,0.096,0.092,0.114,0.131,0.148,0.155,0.146,0.149,0.153,0.169,0.184,0.167,0.148,0.128,0.137,0.164,0.166,0.17,0.171,0.159,0.16,0.138,0.159,0.178,0.199,0.162,0.196,0.2,0.204,0.187,0.183,0.184,0.196,0.202,0.203,0.22,0.234,0.225,0.173,0.105
Distance to Last Node,0.0,0.27,0.27,0.321,0.321,0.292,0.292,0.391,0.391,0.365,0.295,0.444,0.444,0.3,0.3,0.3,0.3,0.3,0.292,0.292,0.423,0.448,0.3,0.416,0.38,0.431,0.431,0.351,0.351,0.3,0.193,0.193,0.358,0.358,0.284,0.284,0.284,0.311,0.311,0.3,0.278,0.278,0.41,0.41,0.33,0.43,0.414,0.414,0.259,0.404,0.381,0.381,0.402,0.314,0.357,0.269,0.269,0.269,0.399,0.399,0.278,0.337,0.337
Joint 0: ,-1.7,-1.471,-1.243,-1.031,-0.82,-0.579,-0.339,-0.229,-0.119,-0.028,0.127,0.408,0.688,0.797,1.011,1.216,1.325,1.304,1.281,1.258,1.328,1.047,1.199,1.035,1.002,1.19,1.378,1.476,1.573,1.722,1.736,1.751,1.5,1.25,1.463,1.676,1.889,1.812,1.735,1.581,1.702,1.822,1.825,1.828,1.758,1.777,1.832,1.887,1.978,1.966,1.717,1.468,1.764,1.842,1.966,1.961,1.955,1.95,1.941,1.932,1.687,1.687,1.688
Joint 1: ,-1.0,-1.003,-1.006,-0.815,-0.625,-0.626,-0.627,-0.731,-0.836,-0.662,-0.57,-0.605,-0.639,-0.696,-0.832,-0.859,-0.887,-0.999,-1.025,-1.052,-0.839,-0.81,-0.894,-0.779,-0.627,-0.854,-1.08,-0.998,-0.915,-0.989,-0.927,-0.864,-0.959,-1.054,-0.976,-0.899,-0.821,-0.726,-0.632,-0.604,-0.625,-0.647,-0.845,-1.042,-0.927,-0.759,-1.043,-1.327,-1.265,-1.323,-1.265,-1.207,-1.241,-1.138,-1.275,-1.23,-1.185,-1.14,-1.24,-1.34,-1.293,-1.147,-1.001
Joint 2: ,0.2,0.204,0.208,0.285,0.362,0.309,0.256,0.241,0.225,0.24,0.351,0.472,0.593,0.754,0.639,0.64,0.878,1.084,0.867,0.649,0.757,0.808,0.639,0.777,0.878,0.885,0.893,0.681,0.47,0.367,0.351,0.336,0.428,0.519,0.502,0.486,0.469,0.378,0.287,0.11,0.244,0.378,0.346,0.314,0.269,0.296,0.272,0.249,0.391,0.187,0.385,0.583,0.467,0.357,0.467,0.34,0.212,0.084,0.14,0.195,0.233,0.386,0.539
Joint 3: ,-0.1,-0.191,-0.282,-0.288,-0.294,-0.185,-0.076,0.156,0.389,0.163,0.211,0.345,0.479,0.615,0.516,0.384,0.249,0.195,0.334,0.472,0.283,0.474,0.537,0.656,0.939,0.71,0.48,0.565,0.651,0.427,0.588,0.749,0.744,0.738,0.613,0.488,0.363,0.609,0.856,0.849,0.842,0.835,0.665,0.495,0.605,0.756,0.647,0.538,0.369,0.645,0.607,0.569,0.572,0.696,0.614,0.69,0.765,0.841,0.713,0.585,0.611,0.454,0.297
Joint 4: ,0.3,0.24,0.18,0.177,0.173,0.28,0.386,0.487,0.588,0.475,0.274,-0.015,-0.303,-0.228,-0.217,-0.225,-0.234,-0.064,-0.158,-0.252,-0.454,-0.314,-0.278,-0.214,-0.224,-0.111,0.001,-0.056,-0.114,-0.078,-0.041,-0.005,-0.205,-0.405,-0.295,-0.185,-0.075,-0.032,0.011,-0.112,-0.043,0.027,0.02,0.013,-0.008,-0.098,-0.175,-0.251,-0.262,-0.426,-0.295,-0.164,-0.337,-0.109,-0.373,-0.171,0.031,0.234,-0.012,-0.258,-0.311,-0.268,-0.225
Joint 5: ,0.2,0.287,0.374,0.304,0.235,0.246,0.257,0.195,0.133,0.179,0.179,0.171,0.163,0.016,0.008,0.072,0.113,0.072,0.163,0.255,0.161,0.003,0.138,-0.056,-0.228,-0.045,0.138,0.264,0.391,0.409,0.384,0.36,0.396,0.433,0.457,0.481,0.504,0.504,0.503,0.486,0.569,0.651,0.533,0.415,0.261,0.524,0.456,0.388,0.348,0.276,0.399,0.521,0.347,0.323,0.255,0.332,0.409,0.486,0.58,0.675,0.635,0.431,0.227
Joint 6: ,0.1,0.064,0.028,0.133,0.237,0.2,0.164,-0.084,-0.331,-0.161,-0.163,-0.13,-0.097,-0.157,-0.111,-0.272,-0.243,-0.213,-0.195,-0.177,-0.354,-0.16,-0.251,-0.009,-0.026,-0.025,-0.024,-0.212,-0.399,-0.383,-0.453,-0.524,-0.444,-0.364,-0.336,-0.309,-0.281,-0.388,-0.494,-0.358,-0.539,-0.721,-0.429,-0.137,-0.365,-0.599,-0.344,-0.088,-0.15,-0.247,-0.333,-0.419,-0.418,-0.463,-0.456,-0.49,-0.524,-0.558,-0.313,-0.068,-0.162,-0.177,-0.193
Trial,2,2D Sim,False,Distance Weight,0.8,Random Seed,30,Min Iterations,1200,Lazy,False,Distance cost,1.782521450287349,Manip Cost,12.088978353659622,Total cost,3.843812830961803,Node cost function,False,Percent Manip Threshold,0,Update Path,False,Increasing weight,False,Parent finding radius R,0.9,Step Size,0.3,Goal Area Sample Probability,0.05,Goal Area Delta,0.6
Manipulability,0.032,0.066,0.062,0.067,0.071,0.039,0.085,0.048,0.03,0.027,0.038,0.026,0.018,0.036,0.064,0.043,0.042,0.045,0.095,0.028,0.051,0.08,0.063,0.063,0.059,0.058,0.064,0.08,0.093,0.112,0.135,0.14,0.132,0.152,0.145,0.143,0.157,0.164,0.159,0.152,0.125,0.126,0.128,0.133,0.08,0.083,0.11,0.138,0.142,0.145,0.15,0.143,0.134,0.159,0.131,0.131,0.15,0.144,0.157,0.138,0.123,0.134,0.152,0.165,0.173,0.177,0.167,0.182,0.178,0.172,0.168,0.162,0.176,0.194,0.203,0.211,0.207,0.203,0.214,0.162,0.101
Distance to Last Node,0.0,0.424,0.416,0.416,0.3,0.4,0.4,0.299,0.271,0.434,0.434,0.246,0.441,0.41,0.41,0.257,0.257,0.372,0.372,0.435,0.317,0.317,0.311,0.311,0.38,0.282,0.282,0.282,0.278,0.278,0.278,0.3,0.3,0.46,0.316,0.316,0.215,0.215,0.3,0.3,0.483,0.298,0.298,0.298,0.374,0.298,0.396,0.396,0.283,0.283,0.283,0.319,0.319,0.3,0.377,0.369,0.369,0.416,0.416,0.351,0.351,0.272,0.287,0.287,0.287,0.307,0.307,0.413,0.413,0.408,0.295,0.295,0.3,0.3,0.3,0.3,0.296,0.296,0.443,0.436,0.436
Joint 0: ,-1.7,-1.434,-1.36,-1.287,-1.228,-1.21,-1.191,-1.094,-0.861,-0.578,-0.296,-0.141,0.109,0.37,0.632,0.545,0.459,0.607,0.754,0.587,0.733,0.879,0.859,0.838,0.915,0.792,0.669,0.546,0.753,0.96,1.166,1.277,1.507,1.29,1.483,1.676,1.644,1.613,1.633,1.653,1.859,1.635,1.412,1.188,1.15,1.404,1.648,1.892,1.848,1.803,1.759,1.821,1.884,1.851,1.949,1.843,1.738,1.834,1.93,1.869,1.808,1.802,1.787,1.771,1.756,1.806,1.857,1.793,1.729,1.783,1.816,1.849,1.881,1.913,1.945,1.912,1.957,2.001,2.041,1.871,1.7
Joint 1: ,-1.0,-1.081,-0.943,-0.805,-0.596,-0.786,-0.975,-0.893,-0.847,-0.825,-0.803,-0.741,-0.582,-0.421,-0.261,-0.326,-0.392,-0.269,-0.146,-0.193,-0.173,-0.152,-0.286,-0.419,-0.264,-0.335,-0.405,-0.476,-0.506,-0.536,-0.565,-0.623,-0.666,-0.746,-0.667,-0.587,-0.629,-0.67,-0.749,-0.828,-0.54,-0.599,-0.658,-0.717,-0.604,-0.591,-0.742,-0.893,-0.892,-0.891,-0.889,-0.937,-0.984,-0.973,-0.843,-0.707,-0.572,-0.841,-1.11,-1.089,-1.068,-1.095,-1.044,-0.994,-0.944,-1.125,-1.306,-1.105,-0.905,-0.833,-0.812,-0.791,-1.002,-1.213,-1.424,-1.433,-1.371,-1.308,-1.32,-1.16,-1.0
Joint 2: ,0.2,0.282,0.129,-0.025,-0.081,0.031,0.143,0.127,0.147,0.002,-0.143,-0.036,0.225,0.328,0.432,0.596,0.761,0.522,0.283,0.572,0.344,0.117,0.262,0.407,0.215,0.433,0.652,0.87,0.762,0.653,0.545,0.67,0.647,0.838,0.672,0.507,0.556,0.605,0.605,0.605,0.61,0.561,0.512,0.463,0.579,0.545,0.485,0.425,0.535,0.645,0.755,0.698,0.642,0.677,0.695,0.528,0.361,0.571,0.78,0.629,0.479,0.508,0.598,0.687,0.776,0.711,0.646,0.644,0.642,0.549,0.565,0.58,0.558,0.535,0.513,0.317,0.424,0.532,0.629,0.565,0.5
Joint 3: ,-0.1,0.187,0.002,-0.183,-0.133,-0.212,-0.292,-0.2,-0.095,0.057,0.209,0.174,0.156,0.319,0.482,0.334,0.187,0.389,0.591,0.322,0.461,0.601,0.503,0.405,0.439,0.398,0.357,0.316,0.45,0.584,0.718,0.856,0.763,0.989,0.953,0.916,0.984,1.051,0.858,0.665,0.796,0.701,0.605,0.51,0.343,0.43,0.44,0.451,0.5,0.549,0.598,0.568,0.537,0.749,0.545,0.643,0.74,0.697,0.654,0.398,0.141,0.351,0.473,0.594,0.715,0.664,0.614,0.695,0.775,0.801,0.832,0.862,0.796,0.729,0.662,0.782,0.792,0.802,0.688,0.494,0.3
Joint 4: ,0.3,0.357,0.128,-0.102,-0.01,0.077,0.165,0.233,0.23,0.047,-0.136,-0.036,-0.022,0.052,0.125,0.191,0.257,0.266,0.275,0.315,0.372,0.429,0.246,0.063,0.334,0.289,0.244,0.199,0.137,0.075,0.014,0.206,0.077,0.343,0.184,0.026,0.176,0.326,0.129,-0.068,-0.032,-0.024,-0.015,-0.006,-0.012,-0.052,-0.118,-0.184,-0.204,-0.223,-0.243,-0.289,-0.336,-0.481,-0.224,-0.201,-0.177,-0.252,-0.326,-0.379,-0.433,-0.465,-0.432,-0.399,-0.366,-0.358,-0.351,-0.348,-0.346,-0.074,-0.301,-0.529,-0.422,-0.316,-0.209,-0.321,-0.288,-0.256,-0.46,-0.33,-0.2
Joint 5: ,0.2,0.111,0.276,0.442,0.585,0.29,-0.004,0.032,-0.024,-0.159,-0.294,-0.21,-0.044,0.104,0.251,0.279,0.307,0.266,0.224,0.195,0.139,0.083,0.196,0.308,0.253,0.34,0.427,0.513,0.513,0.513,0.514,0.466,0.392,0.409,0.363,0.316,0.434,0.552,0.513,0.474,0.352,0.427,0.502,0.576,0.343,0.311,0.372,0.434,0.418,0.403,0.388,0.297,0.206,0.249,0.324,0.427,0.53,0.331,0.131,0.282,0.432,0.305,0.358,0.411,0.464,0.284,0.103,0.334,0.565,0.593,0.519,0.444,0.368,0.292,0.215,0.159,0.175,0.191,0.397,0.299,0.2
Joint 6: ,0.1,0.053,-0.051,-0.155,-0.247,-0.142,-0.038,0.204,0.253,0.362,0.472,0.418,0.318,0.219,0.12,0.121,0.123,0.088,0.053,0.043,0.076,0.11,0.069,0.029,0.031,0.05,0.07,0.089,0.086,0.082,0.079,0.066,0.0,-0.017,-0.039,-0.06,-0.077,-0.093,-0.018,0.057,-0.217,-0.081,0.054,0.19,0.018,-0.095,-0.346,-0.596,-0.345,-0.093,0.158,-0.127,-0.412,-0.553,-0.507,-0.266,-0.025,-0.039,-0.053,-0.126,-0.199,-0.304,-0.074,0.156,0.386,0.246,0.106,0.364,0.622,0.349,0.515,0.68,0.531,0.381,0.232,0.09,0.352,0.614,0.318,0.059,-0.2
Trial,3,2D Sim,False,Distance Weight,0.8,Random Seed,45,Min Iterations,1200,Lazy,False,Distance cost,1.1010308423911912,Manip Cost,9.871468537708854,Total cost,2.8551183814547234,Node cost function,False,Percent Manip Threshold,0,Update Path,False,Increasing weight,False,Parent finding radius R,0.9,Step Size,0.3,Goal Area Sample Probability,0.05,Goal Area Delta,0.6
Manipulability,0.032,0.056,0.071,0.06,0.066,0.073,0.079,0.081,0.072,0.068,0.071,0.066,0.068,0.089,0.119,0.062,0.103,0.139,0.116,0.083,0.147,0.144,0.138,0.055,0.009,0.069,0.148,0.18,0.132,0.086,0.136,0.187,0.158,0.118,0.167,0.197,0.184,0.161,0.177,0.185,0.186,0.188,0.178,0.178,0.177,0.193,0.207,0.218,0.225,0.204,0.195,0.153,0.105
Distance to Last Node,0.0,0.285,0.285,0.3,0.295,0.295,0.295,0.3,0.3,0.352,0.352,0.293,0.293,0.4,0.4,0.411,0.275,0.275,0.342,0.342,0.422,0.271,0.271,0.413,0.295,0.437,0.437,0.3,0.354,0.354,0.42,0.42,0.262,0.262,0.334,0.334,0.3,0.3,0.273,0.273,0.273,0.3,0.419,0.271,0.271,0.274,0.274,0.274,0.3,0.406,0.285,0.25,0.25
Joint 0: ,-1.7,-1.533,-1.366,-1.209,-1.022,-0.834,-0.647,-0.67,-0.507,-0.392,-0.277,-0.099,0.079,0.366,0.653,0.764,0.795,0.827,0.842,0.858,0.91,0.95,0.991,1.045,1.118,1.284,1.45,1.431,1.581,1.731,1.636,1.54,1.527,1.515,1.582,1.65,1.573,1.497,1.553,1.609,1.665,1.75,1.567,1.686,1.804,1.721,1.638,1.555,1.598,1.644,1.64,1.67,1.7
Joint 1: ,-1.0,-0.861,-0.722,-0.664,-0.642,-0.62,-0.598,-0.6,-0.446,-0.437,-0.428,-0.422,-0.417,-0.508,-0.599,-0.644,-0.649,-0.653,-0.687,-0.721,-0.722,-0.694,-0.666,-0.525,-0.599,-0.853,-1.107,-1.241,-1.074,-0.906,-1.039,-1.173,-1.205,-1.238,-1.222,-1.206,-1.248,-1.291,-1.232,-1.173,-1.114,-1.067,-1.076,-1.076,-1.076,-1.155,-1.234,-1.313,-1.441,-1.292,-1.167,-1.086,-1.005
Joint 2: ,0.2,0.332,0.464,0.322,0.387,0.451,0.516,0.679,0.79,0.999,1.207,1.156,1.104,0.989,0.874,0.937,0.995,1.053,0.904,0.754,0.948,0.781,0.615,0.79,0.687,0.561,0.435,0.541,0.562,0.583,0.495,0.406,0.365,0.324,0.301,0.278,0.3,0.323,0.273,0.223,0.172,0.327,0.356,0.355,0.354,0.439,0.524,0.61,0.802,0.58,0.506,0.503,0.501
Joint 3: ,-0.1,-0.048,0.004,-0.098,-0.125,-0.152,-0.179,-0.186,-0.319,-0.459,-0.6,-0.559,-0.519,-0.509,-0.499,-0.261,-0.435,-0.608,-0.49,-0.372,-0.552,-0.543,-0.533,-0.265,-0.053,0.15,0.353,0.432,0.437,0.442,0.421,0.399,0.357,0.314,0.437,0.561,0.488,0.414,0.473,0.531,0.59,0.676,0.426,0.469,0.512,0.464,0.415,0.367,0.259,0.396,0.455,0.382,0.31
Joint 4: ,0.3,0.347,0.395,0.275,0.072,-0.13,-0.333,-0.444,-0.365,-0.199,-0.034,0.117,0.268,0.251,0.234,-0.063,0.139,0.341,0.068,-0.205,0.095,-0.109,-0.313,-0.113,-0.014,0.09,0.194,0.384,0.283,0.182,0.27,0.359,0.239,0.12,0.302,0.485,0.279,0.073,0.291,0.51,0.728,0.871,0.603,0.81,1.016,0.804,0.592,0.379,0.285,0.081,0.04,-0.085,-0.209
Joint 5: ,0.2,0.307,0.415,0.436,0.5,0.565,0.63,0.619,0.663,0.598,0.533,0.381,0.229,0.094,-0.041,-0.014,-0.022,-0.029,0.013,0.056,-0.071,-0.051,-0.03,-0.013,0.069,0.225,0.381,0.432,0.222,0.011,0.293,0.575,0.378,0.181,0.354,0.526,0.405,0.283,0.384,0.485,0.586,0.71,0.635,0.66,0.684,0.691,0.698,0.705,0.743,0.572,0.58,0.396,0.212
Joint 6: ,0.1,0.107,0.114,-0.014,-0.047,-0.08,-0.112,0.113,0.154,0.028,-0.098,-0.035,0.028,-0.166,-0.36,-0.288,-0.307,-0.326,-0.273,-0.22,-0.217,-0.253,-0.289,-0.357,-0.421,-0.34,-0.259,-0.135,-0.275,-0.415,-0.184,0.047,-0.057,-0.161,0.006,0.173,0.036,-0.102,-0.038,0.026,0.091,0.207,0.168,0.287,0.406,0.32,0.234,0.148,0.034,0.079,-0.155,-0.177,-0.199
Trial,4,2D Sim,False,Distance Weight,0.8,Random Seed,60,Min Iterations,1200,Lazy,False,Distance cost,0.9522126125764315,Manip Cost,9.422683406562125,Total cost,2.64630677137357,Node cost function,False,Percent Manip Threshold,0,Update Path,False,Increasing weight,False,Parent finding radius R,0.9,Step Size,0.3,Goal Area Sample Probability,0.05,Goal Area Delta,0.6
Manipulability,0.032,0.077,0.168,0.139,0.128,0.117,0.054,0.021,0.034,0.067,0.068,0.069,0.073,0.075,0.076,0.09,0.1,0.135,0.168,0.133,0.153,0.138,0.123,0.141,0.16,0.176,0.153,0.122,0.162,0.195,0.171,0.145,0.167,0.148,0.17,0.192,0.213,0.238,0.241,0.233,0.227,0.224,0.206,0.19,0.148,0.101
Distance to Last Node,0.0,0.298,0.298,0.494,0.271,0.271,0.405,0.432,0.382,0.382,0.317,0.317,0.275,0.275,0.275,0.289,0.289,0.419,0.419,0.353,0.291,0.289,0.289,0.293,0.293,0.293,0.32,0.32,0.357,0.357,0.263,0.263,0.412,0.39,0.294,0.294,0.294,0.3,0.3,0.297,0.297,0.297,0.298,0.39,0.233,0.233
Joint 0: ,-1.7,-1.612,-1.524,-1.481,-1.296,-1.111,-0.83,-0.531,-0.233,0.064,0.315,0.567,0.803,1.039,1.274,1.038,0.801,1.069,1.338,1.336,1.392,1.448,1.505,1.408,1.31,1.213,1.196,1.179,1.236,1.293,1.205,1.117,1.312,1.099,1.227,1.354,1.482,1.493,1.472,1.486,1.499,1.512,1.45,1.543,1.621,1.7
Joint 1: ,-1.0,-0.995,-0.991,-0.769,-0.666,-0.562,-0.47,-0.422,-0.459,-0.496,-0.487,-0.478,-0.579,-0.68,-0.781,-0.734,-0.686,-0.935,-1.184,-1.042,-1.099,-1.075,-1.052,-1.157,-1.262,-1.366,-1.13,-0.893,-1.153,-1.414,-1.29,-1.167,-1.178,-1.181,-1.19,-1.198,-1.207,-1.28,-1.134,-1.196,-1.257,-1.319,-1.305,-1.167,-1.084,-1.0
Joint 2: ,0.2,0.242,0.285,0.545,0.602,0.658,0.75,0.807,0.875,0.944,0.87,0.797,0.78,0.763,0.746,0.755,0.765,0.852,0.939,0.895,0.906,0.909,0.913,0.88,0.848,0.816,0.632,0.448,0.677,0.905,0.705,0.505,0.733,0.504,0.719,0.933,1.148,1.296,1.536,1.299,1.061,0.824,0.766,0.52,0.51,0.5
Joint 3: ,-0.1,-0.312,-0.524,-0.388,-0.345,-0.302,-0.192,-0.172,-0.056,0.06,0.079,0.097,0.121,0.146,0.171,0.194,0.218,0.248,0.278,0.287,0.3,0.327,0.354,0.302,0.25,0.198,0.254,0.31,0.314,0.318,0.318,0.318,0.414,0.4,0.472,0.543,0.615,0.709,0.718,0.707,0.696,0.685,0.516,0.453,0.377,0.3
Joint 4: ,0.3,0.244,0.187,0.339,0.248,0.156,-0.018,-0.244,-0.25,-0.256,-0.285,-0.315,-0.367,-0.419,-0.471,-0.387,-0.304,-0.196,-0.088,-0.383,-0.141,-0.407,-0.673,-0.457,-0.241,-0.024,0.02,0.065,0.071,0.076,0.08,0.083,0.187,0.154,0.234,0.314,0.393,0.576,0.599,0.448,0.296,0.145,0.109,-0.087,-0.143,-0.2
Joint 5: ,0.2,0.071,-0.059,-0.176,-0.225,-0.274,-0.119,0.074,0.262,0.45,0.468,0.487,0.415,0.343,0.272,0.379,0.487,0.486,0.485,0.369,0.434,0.345,0.257,0.348,0.438,0.529,0.471,0.413,0.458,0.503,0.426,0.348,0.38,0.282,0.344,0.407,0.469,0.564,0.62,0.563,0.505,0.448,0.455,0.542,0.371,0.2
Joint 6: ,0.1,-0.019,-0.138,0.126,0.239,0.351,0.393,0.344,0.291,0.238,0.063,-0.111,-0.084,-0.057,-0.03,-0.107,-0.184,-0.037,0.11,0.062,0.184,0.209,0.233,0.153,0.073,-0.008,-0.072,-0.136,-0.182,-0.228,-0.216,-0.205,0.038,-0.172,-0.079,0.015,0.109,0.216,0.134,0.17,0.205,0.241,0.014,-0.102,-0.151,-0.2
Trial,5,2D Sim,False,Distance Weight,0.8,Random Seed,75,Min Iterations,1200,Lazy,False,Distance cost,1.1394073983338362,Manip Cost,9.181435862924381,Total cost,2.747813091251945,Node cost function,False,Percent Manip Threshold,0,Update Path,False,Increasing weight,False,Parent finding radius R,0.9,Step Size,0.3,Goal Area Sample Probability,0.05,Goal Area Delta,0.6
Manipulability,0.032,0.07,0.071,0.071,0.078,0.079,0.084,0.068,0.062,0.056,0.053,0.055,0.058,0.062,0.067,0.084,0.108,0.116,0.116,0.127,0.106,0.103,0.099,0.127,0.103,0.136,0.154,0.15,0.145,0.149,0.148,0.138,0.14,0.137,0.147,0.156,0.165,0.171,0.161,0.151,0.181,0.202,0.226,0.225,0.238,0.199,0.232,0.211,0.16,0.101
Distance to Last Node,0.0,0.3,0.3,0.409,0.288,0.442,0.442,0.401,0.317,0.271,0.265,0.25,0.255,0.255,0.255,0.397,0.397,0.3,0.267,0.267,0.317,0.317,0.3,0.482,0.379,0.445,0.3,0.33,0.33,0.398,0.398,0.478,0.321,0.329,0.438,0.438,0.272,0.272,0.385,0.362,0.417,0.417,0.3,0.39,0.316,0.385,0.343,0.425,0.444,0.444
Joint 0: ,-1.7,-1.731,-1.803,-1.576,-1.442,-1.664,-1.886,-1.596,-1.352,-1.109,-0.858,-0.63,-0.396,-0.161,0.074,0.214,0.354,0.35,0.33,0.31,0.41,0.509,0.506,0.722,0.785,1.003,1.062,1.05,1.038,1.102,1.166,1.242,1.236,1.316,1.197,1.078,1.155,1.233,1.358,1.656,1.513,1.37,1.556,1.751,1.625,1.474,1.531,1.312,1.506,1.7
Joint 1: ,-1.0,-0.885,-0.86,-0.806,-0.704,-0.733,-0.763,-0.593,-0.451,-0.392,-0.369,-0.368,-0.408,-0.449,-0.49,-0.55,-0.61,-0.669,-0.562,-0.455,-0.591,-0.727,-0.794,-0.805,-0.687,-0.86,-0.949,-0.933,-0.918,-0.884,-0.851,-0.925,-0.838,-0.855,-0.956,-1.056,-0.985,-0.915,-0.981,-1.029,-1.046,-1.062,-1.202,-1.242,-1.292,-1.084,-1.269,-1.3,-1.15,-1.0
Joint 2: ,0.2,0.261,0.358,0.314,0.354,0.51,0.667,0.626,0.675,0.715,0.739,0.706,0.689,0.673,0.656,0.458,0.259,0.452,0.263,0.074,0.239,0.403,0.646,0.394,0.61,0.412,0.299,0.463,0.628,0.393,0.159,0.254,0.128,0.231,0.409,0.587,0.456,0.325,0.376,0.377,0.37,0.362,0.402,0.419,0.42,0.298,0.414,0.504,0.502,0.5
Joint 3: ,-0.1,0.054,-0.088,0.09,0.221,-0.003,-0.226,-0.268,-0.306,-0.28,-0.229,-0.149,-0.073,0.004,0.08,0.307,0.533,0.503,0.591,0.679,0.562,0.446,0.374,0.506,0.519,0.548,0.549,0.611,0.674,0.68,0.686,0.42,0.535,0.506,0.518,0.529,0.565,0.6,0.578,0.613,0.632,0.65,0.733,0.581,0.747,0.735,0.854,0.67,0.485,0.3
Joint 4: ,0.3,0.382,0.237,0.42,0.576,0.333,0.091,-0.105,-0.229,-0.3,-0.327,-0.352,-0.371,-0.39,-0.409,-0.531,-0.652,-0.734,-0.648,-0.562,-0.598,-0.634,-0.659,-0.52,-0.603,-0.592,-0.782,-0.592,-0.403,-0.667,-0.931,-0.638,-0.863,-0.651,-0.423,-0.194,-0.268,-0.343,-0.334,-0.355,-0.141,0.073,0.007,-0.051,0.042,0.008,0.156,0.117,-0.041,-0.2
Joint 5: ,0.2,0.309,0.41,0.32,0.357,0.466,0.574,0.561,0.598,0.564,0.532,0.542,0.521,0.499,0.477,0.446,0.415,0.475,0.451,0.426,0.378,0.329,0.273,0.413,0.292,0.391,0.494,0.375,0.256,0.377,0.498,0.458,0.553,0.466,0.388,0.31,0.475,0.64,0.435,0.244,0.495,0.746,0.871,0.727,0.839,0.585,0.692,0.394,0.297,0.2
Joint 6: ,0.1,0.273,0.427,0.234,0.134,0.136,0.137,0.217,0.216,0.16,0.12,0.069,0.035,0.0,-0.034,-0.201,-0.368,-0.563,-0.475,-0.387,-0.553,-0.719,-0.852,-0.596,-0.837,-0.571,-0.433,-0.598,-0.763,-0.645,-0.528,-0.305,-0.388,-0.193,-0.47,-0.748,-0.639,-0.53,-0.24,-0.203,-0.413,-0.622,-0.709,-0.456,-0.637,-0.592,-0.732,-0.724,-0.462,-0.2
Trial,1,2D Sim,False,Distance Weight,0.7,Random Seed,15,Min Iterations,1200,Lazy,False,Distance cost,1.6961710078233325,Manip Cost,9.611329852256686,Total cost,4.070718661153339,Node cost function,False,Percent Manip Threshold,0,Update Path,False,Increasing weight,False,Parent finding radius R,0.9,Step Size,0.3,Goal Area Sample Probability,0.05,Goal Area Delta,0.6
Manipulability,0.032,0.046,0.06,0.048,0.041,0.029,0.033,0.054,0.084,0.047,0.046,0.062,0.08,0.087,0.09,0.082,0.07,0.058,0.105,0.141,0.079,0.083,0.115,0.096,0.068,0.076,0.086,0.102,0.117,0.131,0.148,0.155,0.146,0.149,0.153,0.169,0.184,0.167,0.148,0.128,0.137,0.164,0.166,0.17,0.171,0.159,0.16,0.138,0.118,0.137,0.154,0.146,0.137,0.127,0.12,0.137,0.17,0.199,0.162,0.119,0.161,0.196,0.2,0.204,0.188,0.18,0.169,0.181,0.176,0.194,0.202,0.203,0.22,0.234,0.225,0.217,0.207,0.159,0.101
Distance to Last Node,0.0,0.27,0.27,0.321,0.321,0.292,0.292,0.391,0.391,0.365,0.295,0.444,0.444,0.3,0.3,0.3,0.3,0.3,0.292,0.292,0.423,0.448,0.3,0.416,0.392,0.412,0.412,0.294,0.294,0.294,0.351,0.351,0.3,0.193,0.193,0.358,0.358,0.284,0.284,0.284,0.311,0.311,0.3,0.278,0.278,0.41,0.41,0.33,0.33,0.408,0.408,0.361,0.361,0.316,0.316,0.291,0.432,0.432,0.259,0.259,0.304,0.304,0.381,0.381,0.268,0.297,0.297,0.387,0.357,0.287,0.287,0.287,0.399,0.399,0.278,0.278,0.264,0.303,0.303
Joint 0: ,-1.7,-1.471,-1.243,-1.031,-0.82,-0.579,-0.339,-0.229,-0.119,-0.028,0.127,0.408,0.688,0.797,1.011,1.216,1.325,1.304,1.281,1.258,1.328,1.047,1.199,1.035,1.126,1.32,1.513,1.468,1.423,1.378,1.476,1.573,1.722,1.736,1.751,1.5,1.25,1.463,1.676,1.889,1.812,1.735,1.581,1.702,1.822,1.825,1.828,1.758,1.689,1.833,1.977,1.84,1.703,1.655,1.608,1.67,1.779,1.887,1.978,2.069,2.017,1.966,1.717,1.468,1.677,1.777,1.876,1.898,2.004,1.986,1.968,1.95,1.941,1.932,1.687,1.442,1.651,1.678,1.705
Joint 1: ,-1.0,-1.003,-1.006,-0.815,-0.625,-0.626,-0.627,-0.731,-0.836,-0.662,-0.57,-0.605,-0.639,-0.696,-0.832,-0.859,-0.887,-0.999,-1.025,-1.052,-0.839,-0.81,-0.894,-0.779,-0.838,-0.903,-0.968,-1.005,-1.043,-1.08,-0.998,-0.915,-0.989,-0.927,-0.864,-0.959,-1.054,-0.976,-0.899,-0.821,-0.726,-0.632,-0.604,-0.625,-0.647,-0.845,-1.042,-0.927,-0.812,-0.99,-1.168,-1.083,-0.999,-0.93,-0.861,-0.771,-1.049,-1.327,-1.265,-1.203,-1.263,-1.323,-1.265,-1.207,-1.219,-1.328,-1.437,-1.237,-1.323,-1.262,-1.201,-1.14,-1.24,-1.34,-1.293,-1.246,-1.253,-1.135,-1.017
Joint 2: ,0.2,0.204,0.208,0.285,0.362,0.309,0.256,0.241,0.225,0.24,0.351,0.472,0.593,0.754,0.639,0.64,0.878,1.084,0.867,0.649,0.757,0.808,0.639,0.777,0.958,1.151,1.344,1.193,1.043,0.893,0.681,0.47,0.367,0.351,0.336,0.428,0.519,0.502,0.486,0.469,0.378,0.287,0.11,0.244,0.378,0.346,0.314,0.269,0.223,0.292,0.361,0.194,0.028,0.224,0.421,0.388,0.318,0.249,0.391,0.534,0.36,0.187,0.385,0.583,0.539,0.418,0.297,0.272,0.457,0.333,0.208,0.084,0.14,0.195,0.233,0.27,0.248,0.385,0.521
Joint 3: ,-0.1,-0.191,-0.282,-0.288,-0.294,-0.185,-0.076,0.156,0.389,0.163,0.211,0.345,0.479,0.615,0.516,0.384,0.249,0.195,0.334,0.472,0.283,0.474,0.537,0.656,0.414,0.376,0.339,0.386,0.433,0.48,0.565,0.651,0.427,0.588,0.749,0.744,0.738,0.613,0.488,0.363,0.609,0.856,0.849,0.842,0.835,0.665,0.495,0.605,0.715,0.535,0.355,0.483,0.611,0.441,0.271,0.483,0.511,0.538,0.369,0.199,0.422,0.645,0.607,0.569,0.534,0.593,0.653,0.737,0.608,0.686,0.764,0.841,0.713,0.585,0.611,0.637,0.519,0.41,0.301
Joint 4: ,0.3,0.24,0.18,0.177,0.173,0.28,0.386,0.487,0.588,0.475,0.274,-0.015,-0.303,-0.228,-0.217,-0.225,-0.234,-0.064,-0.158,-0.252,-0.454,-0.314,-0.278,-0.214,-0.093,0.024,0.141,0.094,0.048,0.001,-0.056,-0.114,-0.078,-0.041,-0.005,-0.205,-0.405,-0.295,-0.185,-0.075,-0.032,0.011,-0.112,-0.043,0.027,0.02,0.013,-0.008,-0.029,-0.092,-0.156,-0.113,-0.07,-0.026,0.019,-0.05,-0.151,-0.251,-0.262,-0.273,-0.349,-0.426,-0.295,-0.164,-0.271,-0.353,-0.435,-0.159,-0.399,-0.188,0.023,0.234,-0.012,-0.258,-0.311,-0.364,-0.345,-0.28,-0.214
Joint 5: ,0.2,0.287,0.374,0.304,0.235,0.246,0.257,0.195,0.133,0.179,0.179,0.171,0.163,0.016,0.008,0.072,0.113,0.072,0.163,0.255,0.161,0.003,0.138,-0.056,-0.082,-0.014,0.054,0.082,0.11,0.138,0.264,0.391,0.409,0.384,0.36,0.396,0.433,0.457,0.481,0.504,0.504,0.503,0.486,0.569,0.651,0.533,0.415,0.261,0.107,0.24,0.373,0.268,0.162,0.313,0.464,0.572,0.48,0.388,0.348,0.308,0.292,0.276,0.399,0.521,0.404,0.201,-0.002,0.148,0.167,0.273,0.38,0.486,0.58,0.675,0.635,0.596,0.567,0.379,0.192
Joint 6: ,0.1,0.064,0.028,0.133,0.237,0.2,0.164,-0.084,-0.331,-0.161,-0.163,-0.13,-0.097,-0.157,-0.111,-0.272,-0.243,-0.213,-0.195,-0.177,-0.354,-0.16,-0.251,-0.009,-0.195,-0.461,-0.728,-0.493,-0.258,-0.024,-0.212,-0.399,-0.383,-0.453,-0.524,-0.444,-0.364,-0.336,-0.309,-0.281,-0.388,-0.494,-0.358,-0.539,-0.721,-0.429,-0.137,-0.365,-0.594,-0.359,-0.124,-0.341,-0.558,-0.542,-0.527,-0.629,-0.358,-0.088,-0.15,-0.213,-0.23,-0.247,-0.333,-0.419,-0.423,-0.421,-0.419,-0.463,-0.46,-0.493,-0.525,-0.558,-0.313,-0.068,-0.162,-0.255,-0.358,-0.274,-0.19
Trial,2,2D Sim,False,Distance Weight,0.7,Random Seed,30,Min Iterations,1200,Lazy,False,Distance cost,1.9221911939937042,Manip Cost,11.900618298722124,Total cost,4.915719325412231,Node cost function,False,Percent Manip Threshold,0,Update Path,False,Increasing weight,False,Parent finding radius R,0.9,Step Size,0.3,Goal Area Sample Probability,0.05,Goal Area Delta,0.6
Manipulability,0.032,0.066,0.062,0.067,0.071,0.039,0.085,0.048,0.03,0.027,0.038,0.026,0.018,0.036,0.064,0.043,0.042,0.045,0.095,0.028,0.051,0.08,0.063,0.063,0.059,0.058,0.064,0.08,0.093,0.112,0.135,0.14,0.132,0.152,0.145,0.143,0.157,0.164,0.159,0.152,0.125,0.126,0.128,0.133,0.08,0.083,0.087,0.093,0.101,0.138,0.142,0.145,0.15,0.104,0.12,0.134,0.159,0.131,0.102,0.116,0.15,0.136,0.142,0.135,0.128,0.123,0.134,0.149,0.164,0.168,0.172,0.177,0.182,0.178,0.172,0.168,0.162,0.186,0.207,0.202,0.197,0.168,0.187,0.197,0.185,0.17,0.152,0.17,0.188,0.146,0.101
Distance to Last Node,0.0,0.424,0.416,0.416,0.3,0.4,0.4,0.299,0.271,0.434,0.434,0.246,0.441,0.41,0.41,0.257,0.257,0.372,0.372,0.435,0.317,0.317,0.311,0.311,0.38,0.282,0.282,0.282,0.278,0.278,0.278,0.3,0.3,0.46,0.316,0.316,0.215,0.215,0.3,0.3,0.483,0.298,0.298,0.298,0.374,0.298,0.298,0.298,0.3,0.3,0.283,0.283,0.283,0.314,0.297,0.297,0.3,0.377,0.377,0.403,0.403,0.416,0.416,0.257,0.257,0.3,0.272,0.272,0.272,0.27,0.27,0.27,0.315,0.315,0.408,0.295,0.295,0.412,0.412,0.215,0.215,0.281,0.344,0.344,0.298,0.298,0.298,0.236,0.236,0.359,0.359
Joint 0: ,-1.7,-1.434,-1.36,-1.287,-1.228,-1.21,-1.191,-1.094,-0.861,-0.578,-0.296,-0.141,0.109,0.37,0.632,0.545,0.459,0.607,0.754,0.587,0.733,0.879,0.859,0.838,0.915,0.792,0.669,0.546,0.753,0.96,1.166,1.277,1.507,1.29,1.483,1.676,1.644,1.613,1.633,1.653,1.859,1.635,1.412,1.188,1.15,1.404,1.658,1.912,1.996,1.892,1.848,1.803,1.759,1.746,1.815,1.884,1.851,1.949,2.047,1.892,1.738,1.83,1.922,1.886,1.849,1.808,1.802,1.796,1.79,1.782,1.774,1.765,1.747,1.729,1.783,1.816,1.849,1.875,1.901,1.869,1.837,1.827,1.897,1.967,1.972,1.977,1.983,1.978,1.973,1.836,1.7
Joint 1: ,-1.0,-1.081,-0.943,-0.805,-0.596,-0.786,-0.975,-0.893,-0.847,-0.825,-0.803,-0.741,-0.582,-0.421,-0.261,-0.326,-0.392,-0.269,-0.146,-0.193,-0.173,-0.152,-0.286,-0.419,-0.264,-0.335,-0.405,-0.476,-0.506,-0.536,-0.565,-0.623,-0.666,-0.746,-0.667,-0.587,-0.629,-0.67,-0.749,-0.828,-0.54,-0.599,-0.658,-0.717,-0.604,-0.591,-0.579,-0.566,-0.755,-0.893,-0.892,-0.891,-0.889,-0.685,-0.835,-0.984,-0.973,-0.843,-0.712,-0.642,-0.572,-0.804,-1.036,-1.074,-1.112,-1.068,-1.095,-1.121,-1.148,-1.176,-1.204,-1.232,-1.068,-0.905,-0.833,-0.812,-0.791,-1.09,-1.388,-1.362,-1.335,-1.339,-1.268,-1.197,-1.219,-1.24,-1.261,-1.318,-1.375,-1.187,-1.0
Joint 2: ,0.2,0.282,0.129,-0.025,-0.081,0.031,0.143,0.127,0.147,0.002,-0.143,-0.036,0.225,0.328,0.432,0.596,0.761,0.522,0.283,0.572,0.344,0.117,0.262,0.407,0.215,0.433,0.652,0.87,0.762,0.653,0.545,0.67,0.647,0.838,0.672,0.507,0.556,0.605,0.605,0.605,0.61,0.561,0.512,0.463,0.579,0.545,0.511,0.476,0.499,0.425,0.535,0.645,0.755,0.852,0.747,0.642,0.677,0.695,0.713,0.537,0.361,0.586,0.81,0.688,0.567,0.479,0.508,0.538,0.568,0.577,0.586,0.595,0.619,0.642,0.549,0.565,0.58,0.535,0.489,0.424,0.36,0.463,0.497,0.531,0.446,0.361,0.276,0.419,0.561,0.531,0.5
Joint 3: ,-0.1,0.187,0.002,-0.183,-0.133,-0.212,-0.292,-0.2,-0.095,0.057,0.209,0.174,0.156,0.319,0.482,0.334,0.187,0.389,0.591,0.322,0.461,0.601,0.503,0.405,0.439,0.398,0.357,0.316,0.45,0.584,0.718,0.856,0.763,0.989,0.953,0.916,0.984,1.051,0.858,0.665,0.796,0.701,0.605,0.51,0.343,0.43,0.517,0.603,0.419,0.451,0.5,0.549,0.598,0.59,0.564,0.537,0.749,0.545,0.342,0.541,0.74,0.694,0.648,0.492,0.335,0.141,0.351,0.562,0.772,0.708,0.644,0.58,0.677,0.775,0.801,0.832,0.862,0.754,0.646,0.707,0.767,0.551,0.688,0.824,0.76,0.695,0.631,0.573,0.515,0.407,0.3
Joint 4: ,0.3,0.357,0.128,-0.102,-0.01,0.077,0.165,0.233,0.23,0.047,-0.136,-0.036,-0.022,0.052,0.125,0.191,0.257,0.266,0.275,0.315,0.372,0.429,0.246,0.063,0.334,0.289,0.244,0.199,0.137,0.075,0.014,0.206,0.077,0.343,0.184,0.026,0.176,0.326,0.129,-0.068,-0.032,-0.024,-0.015,-0.006,-0.012,-0.052,-0.091,-0.131,-0.117,-0.184,-0.204,-0.223,-0.243,-0.276,-0.306,-0.336,-0.481,-0.224,0.033,-0.072,-0.177,-0.257,-0.336,-0.393,-0.45,-0.433,-0.465,-0.498,-0.531,-0.485,-0.439,-0.393,-0.37,-0.346,-0.074,-0.301,-0.529,-0.379,-0.23,-0.323,-0.417,-0.431,-0.372,-0.313,-0.394,-0.475,-0.556,-0.575,-0.593,-0.397,-0.2
Joint 5: ,0.2,0.111,0.276,0.442,0.585,0.29,-0.004,0.032,-0.024,-0.159,-0.294,-0.21,-0.044,0.104,0.251,0.279,0.307,0.266,0.224,0.195,0.139,0.083,0.196,0.308,0.253,0.34,0.427,0.513,0.513,0.513,0.514,0.466,0.392,0.409,0.363,0.316,0.434,0.552,0.513,0.474,0.352,0.427,0.502,0.576,0.343,0.311,0.279,0.247,0.3,0.434,0.418,0.403,0.388,0.217,0.211,0.206,0.249,0.324,0.399,0.464,0.53,0.305,0.079,0.174,0.269,0.432,0.305,0.179,0.052,0.124,0.197,0.269,0.417,0.565,0.593,0.519,0.444,0.369,0.294,0.224,0.154,0.164,0.213,0.261,0.182,0.102,0.023,0.177,0.331,0.266,0.2
Joint 6: ,0.1,0.053,-0.051,-0.155,-0.247,-0.142,-0.038,0.204,0.253,0.362,0.472,0.418,0.318,0.219,0.12,0.121,0.123,0.088,0.053,0.043,0.076,0.11,0.069,0.029,0.031,0.05,0.07,0.089,0.086,0.082,0.079,0.066,0.0,-0.017,-0.039,-0.06,-0.077,-0.093,-0.018,0.057,-0.217,-0.081,0.054,0.19,0.018,-0.095,-0.208,-0.321,-0.42,-0.596,-0.345,-0.093,0.158,0.027,-0.192,-0.412,-0.553,-0.507,-0.461,-0.243,-0.025,-0.063,-0.1,-0.209,-0.317,-0.199,-0.304,-0.409,-0.514,-0.268,-0.022,0.224,0.423,0.622,0.349,0.515,0.68,0.484,0.288,0.137,-0.015,0.131,0.418,0.705,0.452,0.199,-0.053,0.015,0.083,-0.059,-0.2
Trial,3,2D Sim,False,Distance Weight,0.7,Random Seed,45,Min Iterations,1200,Lazy,False,Distance cost,1.4970675855626054,Manip Cost,9.58458816505627,Total cost,3.923323759410705,Node cost function,False,Percent Manip Threshold,0,Update Path,False,Increasing weight,False,Parent finding radius R,0.9,Step Size,0.3,Goal Area Sample Probability,0.05,Goal Area Delta,0.6
Manipulability,0.032,0.056,0.071,0.06,0.066,0.073,0.079,0.081,0.072,0.068,0.071,0.066,0.068,0.089,0.119,0.062,0.103,0.139,0.116,0.083,0.147,0.144,0.138,0.055,0.01,0.036,0.068,0.11,0.166,0.139,0.177,0.216,0.152,0.104,0.139,0.187,0.148,0.113,0.117,0.121,0.092,0.119,0.148,0.18,0.145,0.11,0.148,0.187,0.158,0.121,0.167,0.197,0.174,0.185,0.186,0.188,0.178,0.178,0.177,0.193,0.207,0.218,0.225,0.178,0.176,0.176,0.176,0.173,0.172,0.17,0.101
Distance to Last Node,0.0,0.285,0.285,0.3,0.295,0.295,0.295,0.3,0.3,0.352,0.352,0.293,0.293,0.4,0.4,0.411,0.275,0.275,0.342,0.342,0.422,0.271,0.271,0.413,0.273,0.384,0.384,0.329,0.329,0.3,0.233,0.233,0.327,0.327,0.283,0.283,0.367,0.367,0.398,0.398,0.417,0.349,0.349,0.3,0.329,0.329,0.378,0.378,0.258,0.258,0.308,0.308,0.419,0.327,0.327,0.3,0.419,0.271,0.271,0.274,0.274,0.274,0.3,0.401,0.339,0.339,0.287,0.287,0.336,0.249,0.32
Joint 0: ,-1.7,-1.533,-1.366,-1.209,-1.022,-0.834,-0.647,-0.67,-0.507,-0.392,-0.277,-0.099,0.079,0.366,0.653,0.764,0.795,0.827,0.842,0.858,0.91,0.95,0.991,1.045,1.109,1.231,1.353,1.477,1.601,1.769,1.732,1.696,1.702,1.708,1.731,1.753,1.528,1.303,1.534,1.765,1.643,1.546,1.45,1.431,1.592,1.754,1.647,1.54,1.581,1.621,1.635,1.65,1.576,1.62,1.665,1.75,1.567,1.686,1.804,1.721,1.638,1.555,1.598,1.492,1.585,1.678,1.677,1.677,1.703,1.793,1.7
Joint 1: ,-1.0,-0.861,-0.722,-0.664,-0.642,-0.62,-0.598,-0.6,-0.446,-0.437,-0.428,-0.422,-0.417,-0.508,-0.599,-0.644,-0.649,-0.653,-0.687,-0.721,-0.722,-0.694,-0.666,-0.525,-0.505,-0.412,-0.319,-0.152,0.016,0.065,0.106,0.147,-0.132,-0.41,-0.176,0.058,-0.154,-0.367,-0.452,-0.538,-0.663,-0.885,-1.107,-1.241,-1.102,-0.963,-1.068,-1.173,-1.196,-1.22,-1.213,-1.206,-1.26,-1.187,-1.114,-1.067,-1.076,-1.076,-1.076,-1.155,-1.234,-1.313,-1.441,-1.199,-1.191,-1.184,-1.097,-1.009,-1.185,-1.138,-1.0
Joint 2: ,0.2,0.332,0.464,0.322,0.387,0.451,0.516,0.679,0.79,0.999,1.207,1.156,1.104,0.989,0.874,0.937,0.995,1.053,0.904,0.754,0.948,0.781,0.615,0.79,0.705,0.566,0.428,0.45,0.471,0.57,0.486,0.403,0.398,0.393,0.446,0.499,0.371,0.243,0.268,0.293,0.421,0.428,0.435,0.541,0.53,0.52,0.463,0.406,0.371,0.337,0.307,0.278,0.315,0.244,0.172,0.327,0.356,0.355,0.354,0.439,0.524,0.61,0.802,0.588,0.471,0.354,0.36,0.366,0.486,0.428,0.5
Joint 3: ,-0.1,-0.048,0.004,-0.098,-0.125,-0.152,-0.179,-0.186,-0.319,-0.459,-0.6,-0.559,-0.519,-0.509,-0.499,-0.261,-0.435,-0.608,-0.49,-0.372,-0.552,-0.543,-0.533,-0.265,-0.065,0.189,0.444,0.648,0.851,0.876,0.879,0.882,0.825,0.768,0.791,0.814,0.722,0.63,0.741,0.852,0.617,0.485,0.353,0.432,0.466,0.5,0.45,0.399,0.382,0.365,0.463,0.561,0.468,0.529,0.59,0.676,0.426,0.469,0.512,0.464,0.415,0.367,0.259,0.157,0.34,0.523,0.549,0.576,0.514,0.489,0.3
Joint 4: ,0.3,0.347,0.395,0.275,0.072,-0.13,-0.333,-0.444,-0.365,-0.199,-0.034,0.117,0.268,0.251,0.234,-0.063,0.139,0.341,0.068,-0.205,0.095,-0.109,-0.313,-0.113,-0.009,0.073,0.154,0.062,-0.031,0.066,-0.08,-0.226,-0.177,-0.128,-0.207,-0.286,-0.253,-0.22,-0.258,-0.296,-0.029,0.083,0.194,0.384,0.24,0.096,0.227,0.359,0.247,0.136,0.31,0.485,0.19,0.459,0.728,0.871,0.603,0.81,1.016,0.804,0.592,0.379,0.285,0.344,0.162,-0.02,-0.031,-0.042,0.048,-0.164,-0.2
Joint 5: ,0.2,0.307,0.415,0.436,0.5,0.565,0.63,0.619,0.663,0.598,0.533,0.381,0.229,0.094,-0.041,-0.014,-0.022,-0.029,0.013,0.056,-0.071,-0.051,-0.03,-0.013,0.085,0.219,0.352,0.277,0.202,0.008,0.159,0.309,0.227,0.145,0.243,0.341,0.349,0.356,0.248,0.139,0.126,0.253,0.381,0.432,0.257,0.082,0.329,0.575,0.362,0.149,0.338,0.526,0.333,0.46,0.586,0.71,0.635,0.66,0.684,0.691,0.698,0.705,0.743,0.674,0.514,0.354,0.432,0.51,0.33,0.38,0.2
Joint 6: ,0.1,0.107,0.114,-0.014,-0.047,-0.08,-0.112,0.113,0.154,0.028,-0.098,-0.035,0.028,-0.166,-0.36,-0.288,-0.307,-0.326,-0.273,-0.22,-0.217,-0.253,-0.289,-0.357,-0.403,-0.528,-0.653,-0.746,-0.84,-0.883,-0.909,-0.935,-0.804,-0.673,-0.746,-0.82,-0.934,-1.049,-0.782,-0.515,-0.522,-0.39,-0.259,-0.135,-0.236,-0.337,-0.145,0.047,-0.025,-0.097,0.038,0.173,-0.008,0.041,0.091,0.207,0.168,0.287,0.406,0.32,0.234,0.148,0.034,0.196,0.173,0.149,-0.112,-0.372,-0.22,-0.206,-0.2
Trial,4,2D Sim,False,Distance Weight,0.7,Random Seed,60,Min Iterations,1200,Lazy,False,Distance cost,1.329583450107594,Manip Cost,9.371175632812061,Total cost,3.7420611049189345,Node cost function,False,Percent Manip Threshold,0,Update Path,False,Increasing weight,False,Parent finding radius R,0.9,Step Size,0.3,Goal Area Sample Probability,0.05,Goal Area Delta,0.6
Manipulability,0.032,0.077,0.168,0.139,0.128,0.117,0.098,0.082,0.046,0.018,0.018,0.043,0.067,0.068,0.069,0.073,0.075,0.076,0.09,0.1,0.093,0.067,0.115,0.168,0.133,0.153,0.172,0.142,0.108,0.104,0.104,0.176,0.154,0.125,0.163,0.195,0.142,0.132,0.162,0.189,0.156,0.186,0.213,0.177,0.171,0.166,0.161,0.137,0.151,0.164,0.159,0.148,0.161,0.172,0.185,0.188,0.208,0.221,0.192,0.175,0.156,0.101
Distance to Last Node,0.0,0.298,0.298,0.494,0.271,0.271,0.3,0.3,0.279,0.279,0.268,0.268,0.268,0.317,0.317,0.275,0.275,0.275,0.289,0.289,0.338,0.44,0.41,0.41,0.353,0.291,0.291,0.302,0.302,0.3,0.437,0.417,0.316,0.316,0.345,0.345,0.327,0.331,0.396,0.396,0.433,0.295,0.295,0.366,0.293,0.293,0.293,0.289,0.365,0.365,0.316,0.316,0.29,0.29,0.393,0.393,0.392,0.392,0.433,0.29,0.31,0.333
Joint 0: ,-1.7,-1.612,-1.524,-1.481,-1.296,-1.111,-1.032,-0.953,-0.75,-0.547,-0.343,-0.14,0.064,0.315,0.567,0.803,1.039,1.274,1.038,0.801,1.041,1.26,1.299,1.338,1.336,1.392,1.448,1.488,1.529,1.291,1.432,1.213,1.24,1.268,1.28,1.293,1.313,1.208,1.357,1.506,1.615,1.548,1.482,1.656,1.759,1.862,1.964,1.984,1.888,1.792,1.55,1.308,1.326,1.344,1.259,1.174,1.392,1.61,1.594,1.597,1.589,1.7
Joint 1: ,-1.0,-0.995,-0.991,-0.769,-0.666,-0.562,-0.545,-0.527,-0.461,-0.395,-0.428,-0.462,-0.496,-0.487,-0.478,-0.579,-0.68,-0.781,-0.734,-0.686,-0.808,-0.599,-0.892,-1.184,-1.042,-1.099,-1.155,-1.156,-1.157,-1.071,-1.17,-1.366,-1.157,-0.947,-1.181,-1.414,-1.336,-1.213,-1.202,-1.19,-1.174,-1.19,-1.207,-1.199,-1.201,-1.203,-1.205,-1.143,-1.227,-1.31,-1.17,-1.03,-1.021,-1.013,-1.169,-1.326,-1.329,-1.333,-1.133,-1.212,-1.174,-1.0
Joint 2: ,0.2,0.242,0.285,0.545,0.602,0.658,0.834,1.009,0.992,0.976,0.965,0.954,0.944,0.87,0.797,0.78,0.763,0.746,0.755,0.765,0.788,0.863,0.901,0.939,0.895,0.906,0.917,0.796,0.676,0.616,0.756,0.816,0.618,0.421,0.663,0.905,0.822,0.551,0.756,0.961,0.752,0.95,1.148,0.903,0.702,0.5,0.299,0.202,0.327,0.453,0.351,0.249,0.472,0.694,0.711,0.727,0.721,0.714,0.48,0.429,0.57,0.5
Joint 3: ,-0.1,-0.312,-0.524,-0.388,-0.345,-0.302,-0.211,-0.12,-0.111,-0.103,-0.049,0.006,0.06,0.079,0.097,0.121,0.146,0.171,0.194,0.218,0.242,0.114,0.196,0.278,0.287,0.3,0.313,0.285,0.257,0.241,0.032,0.198,0.26,0.323,0.32,0.318,0.319,0.324,0.417,0.511,0.434,0.525,0.615,0.531,0.536,0.541,0.546,0.434,0.371,0.307,0.339,0.372,0.493,0.615,0.397,0.18,0.443,0.707,0.55,0.563,0.549,0.3
Joint 4: ,0.3,0.244,0.187,0.339,0.248,0.156,-0.042,-0.241,-0.27,-0.299,-0.284,-0.27,-0.256,-0.285,-0.315,-0.367,-0.419,-0.471,-0.387,-0.304,-0.298,-0.281,-0.185,-0.088,-0.383,-0.141,0.102,-0.029,-0.161,-0.019,0.11,-0.024,0.028,0.081,0.078,0.076,-0.104,-0.002,0.145,0.291,0.074,0.234,0.393,0.29,0.108,-0.074,-0.256,-0.404,-0.292,-0.18,-0.273,-0.366,-0.497,-0.628,-0.432,-0.237,-0.086,0.064,-0.06,-0.187,-0.186,-0.2
Joint 5: ,0.2,0.071,-0.059,-0.176,-0.225,-0.274,-0.298,-0.323,-0.167,-0.01,0.143,0.296,0.45,0.468,0.487,0.415,0.343,0.272,0.379,0.487,0.305,0.354,0.419,0.485,0.369,0.434,0.5,0.356,0.213,0.242,0.39,0.529,0.454,0.38,0.441,0.503,0.259,0.25,0.331,0.412,0.291,0.38,0.469,0.31,0.276,0.242,0.208,0.208,0.302,0.395,0.415,0.436,0.455,0.474,0.553,0.632,0.515,0.398,0.523,0.284,0.19,0.2
Joint 6: ,0.1,-0.019,-0.138,0.126,0.239,0.351,0.285,0.218,0.3,0.381,0.333,0.286,0.238,0.063,-0.111,-0.084,-0.057,-0.03,-0.107,-0.184,-0.098,-0.376,-0.133,0.11,0.062,0.184,0.307,0.115,-0.076,-0.115,0.13,-0.008,-0.072,-0.136,-0.182,-0.228,-0.19,-0.192,0.044,0.281,0.028,0.069,0.109,0.09,0.109,0.128,0.147,0.335,0.059,-0.217,-0.255,-0.294,-0.25,-0.206,-0.031,0.144,0.158,0.172,-0.02,0.023,-0.234,-0.2
Trial,5,2D Sim,False,Distance Weight,0.7,Random Seed,75,Min Iterations,1200,Lazy,False,Distance cost,1.342746027311092,Manip Cost,9.031136246919163,Total cost,3.6492630931935137,Node cost function,False,Percent Manip Threshold,0,Update Path,False,Increasing weight,False,Parent finding radius R,0.9,Step Size,0.3,Goal Area Sample Probability,0.05,Goal Area Delta,0.6
Manipulability,0.032,0.07,0.071,0.071,0.078,0.079,0.084,0.068,0.062,0.058,0.054,0.055,0.058,0.062,0.067,0.084,0.108,0.116,0.116,0.127,0.106,0.103,0.099,0.127,0.103,0.08,0.107,0.136,0.154,0.15,0.145,0.149,0.148,0.138,0.14,0.134,0.125,0.129,0.143,0.156,0.164,0.169,0.16,0.146,0.142,0.138,0.157,0.172,0.201,0.226,0.192,0.181,0.227,0.193,0.186,0.234,0.205,0.155,0.101
Distance to Last Node,0.0,0.3,0.3,0.409,0.288,0.442,0.442,0.401,0.317,0.317,0.274,0.257,0.262,0.262,0.262,0.397,0.397,0.3,0.267,0.267,0.317,0.317,0.3,0.482,0.379,0.379,0.385,0.385,0.3,0.33,0.33,0.398,0.398,0.478,0.321,0.321,0.428,0.279,0.445,0.445,0.267,0.267,0.375,0.375,0.216,0.216,0.422,0.422,0.3,0.3,0.326,0.401,0.441,0.396,0.369,0.438,0.335,0.442,0.442
Joint 0: ,-1.7,-1.731,-1.803,-1.576,-1.442,-1.664,-1.886,-1.596,-1.352,-1.108,-0.857,-0.63,-0.395,-0.161,0.074,0.214,0.354,0.35,0.33,0.31,0.41,0.509,0.506,0.722,0.785,0.847,0.925,1.003,1.062,1.05,1.038,1.102,1.166,1.242,1.236,1.229,1.267,1.332,1.205,1.078,1.156,1.234,1.358,1.482,1.664,1.847,1.611,1.375,1.37,1.555,1.638,1.795,1.647,1.454,1.218,1.404,1.248,1.474,1.7
Joint 1: ,-1.0,-0.885,-0.86,-0.806,-0.704,-0.733,-0.763,-0.593,-0.451,-0.308,-0.313,-0.33,-0.383,-0.437,-0.49,-0.55,-0.61,-0.669,-0.562,-0.455,-0.591,-0.727,-0.794,-0.805,-0.687,-0.569,-0.714,-0.86,-0.949,-0.933,-0.918,-0.884,-0.851,-0.925,-0.838,-0.751,-0.796,-0.834,-0.945,-1.056,-0.984,-0.913,-0.98,-1.047,-0.995,-0.942,-0.937,-0.933,-1.06,-1.2,-1.046,-1.149,-1.244,-1.068,-1.158,-1.306,-1.318,-1.159,-1.0
Joint 2: ,0.2,0.261,0.358,0.314,0.354,0.51,0.667,0.626,0.675,0.723,0.745,0.71,0.692,0.674,0.656,0.458,0.259,0.452,0.263,0.074,0.239,0.403,0.646,0.394,0.61,0.826,0.619,0.412,0.299,0.463,0.628,0.393,0.159,0.254,0.128,0.003,0.198,0.265,0.426,0.587,0.461,0.336,0.381,0.426,0.475,0.525,0.392,0.259,0.368,0.408,0.433,0.39,0.408,0.402,0.472,0.503,0.549,0.524,0.5
Joint 3: ,-0.1,0.054,-0.088,0.09,0.221,-0.003,-0.226,-0.268,-0.306,-0.344,-0.271,-0.178,-0.092,-0.006,0.08,0.307,0.533,0.503,0.591,0.679,0.562,0.446,0.374,0.506,0.519,0.532,0.54,0.548,0.549,0.611,0.674,0.68,0.686,0.42,0.535,0.649,0.477,0.477,0.503,0.529,0.56,0.59,0.573,0.556,0.58,0.603,0.627,0.651,0.644,0.728,0.631,0.621,0.764,0.671,0.537,0.752,0.619,0.46,0.3
Joint 4: ,0.3,0.382,0.237,0.42,0.576,0.333,0.091,-0.105,-0.229,-0.354,-0.363,-0.376,-0.387,-0.398,-0.409,-0.531,-0.652,-0.734,-0.648,-0.562,-0.598,-0.634,-0.659,-0.52,-0.603,-0.686,-0.639,-0.592,-0.782,-0.592,-0.403,-0.667,-0.931,-0.638,-0.863,-1.088,-0.845,-0.643,-0.418,-0.194,-0.269,-0.345,-0.335,-0.325,-0.358,-0.391,-0.254,-0.116,0.07,0.004,-0.027,-0.083,0.025,-0.05,-0.045,0.128,0.103,-0.048,-0.2
Joint 5: ,0.2,0.309,0.41,0.32,0.357,0.466,0.574,0.561,0.598,0.634,0.579,0.574,0.542,0.509,0.477,0.446,0.415,0.475,0.451,0.426,0.378,0.329,0.273,0.413,0.292,0.17,0.281,0.391,0.494,0.375,0.256,0.377,0.498,0.458,0.553,0.648,0.49,0.434,0.372,0.31,0.466,0.621,0.426,0.231,0.233,0.236,0.404,0.573,0.736,0.862,0.627,0.346,0.644,0.572,0.443,0.617,0.357,0.278,0.2
Joint 6: ,0.1,0.273,0.427,0.234,0.134,0.136,0.137,0.217,0.216,0.215,0.156,0.093,0.051,0.009,-0.034,-0.201,-0.368,-0.563,-0.475,-0.387,-0.553,-0.719,-0.852,-0.596,-0.837,-1.077,-0.824,-0.571,-0.433,-0.598,-0.763,-0.645,-0.528,-0.305,-0.388,-0.471,-0.302,-0.15,-0.449,-0.748,-0.633,-0.518,-0.235,0.049,-0.032,-0.113,-0.351,-0.589,-0.615,-0.703,-0.605,-0.401,-0.607,-0.345,-0.527,-0.696,-0.706,-0.453,-0.2
