Trial,1,2D Sim,False,Distance Weight,0.9,Random Seed,15,Min Iterations,1200,Lazy,False,Distance cost,0.7223628723852498,Manip Cost,11.923849037158694,Total cost,1.842511488862594,Node cost function,False,Percent Manip Threshold,20,Update Path,False,Increasing weight,False,Parent finding radius R,0.9,Step Size,0.3,Goal Area Sample Probability,0.05,Goal Area Delta,0.6
Manipulability,0.032,0.046,0.06,0.048,0.041,0.029,0.033,0.054,0.084,0.044,0.042,0.06,0.068,0.093,0.11,0.125,0.162,0.199,0.172,0.142,0.118,0.128,0.144,0.16,0.132,0.17,0.203,0.22,0.234,0.225,0.217,0.206,0.157,0.101
Distance to Last Node,0.0,0.27,0.27,0.321,0.321,0.292,0.292,0.391,0.391,0.423,0.395,0.358,0.279,0.26,0.294,0.294,0.323,0.323,0.286,0.286,0.286,0.435,0.294,0.294,0.418,0.414,0.414,0.399,0.399,0.278,0.278,0.358,0.301,0.301
Joint 0: ,-1.7,-1.471,-1.243,-1.031,-0.82,-0.579,-0.339,-0.229,-0.119,0.078,0.258,0.473,0.721,0.93,1.194,1.455,1.671,1.887,1.717,1.548,1.378,1.272,1.488,1.704,1.507,1.729,1.95,1.941,1.932,1.687,1.442,1.738,1.719,1.7
Joint 1: ,-1.0,-1.003,-1.006,-0.815,-0.625,-0.626,-0.627,-0.731,-0.836,-0.629,-0.508,-0.574,-0.669,-0.772,-0.844,-0.952,-1.139,-1.327,-1.102,-0.877,-0.653,-0.89,-0.938,-0.987,-0.775,-0.958,-1.14,-1.24,-1.34,-1.293,-1.246,-1.252,-1.126,-1.0
Joint 2: ,0.2,0.204,0.208,0.285,0.362,0.309,0.256,0.241,0.225,0.226,0.398,0.496,0.544,0.519,0.468,0.432,0.34,0.249,0.224,0.2,0.175,0.41,0.356,0.301,0.278,0.181,0.084,0.14,0.195,0.233,0.27,0.227,0.364,0.5
Joint 3: ,-0.1,-0.191,-0.282,-0.288,-0.294,-0.185,-0.076,0.156,0.389,0.153,0.229,0.354,0.364,0.443,0.438,0.41,0.474,0.538,0.551,0.564,0.576,0.389,0.533,0.677,0.557,0.699,0.841,0.713,0.585,0.611,0.637,0.49,0.395,0.3
Joint 4: ,0.3,0.24,0.18,0.177,0.173,0.28,0.386,0.487,0.588,0.41,0.141,-0.081,-0.129,-0.167,-0.137,-0.143,-0.197,-0.251,-0.21,-0.169,-0.128,-0.115,-0.037,0.04,-0.132,0.051,0.234,-0.012,-0.258,-0.311,-0.364,-0.321,-0.26,-0.2
Joint 5: ,0.2,0.287,0.374,0.304,0.235,0.246,0.257,0.195,0.133,0.176,0.178,0.17,0.137,0.182,0.258,0.296,0.342,0.388,0.396,0.404,0.412,0.403,0.368,0.333,0.442,0.464,0.486,0.58,0.675,0.635,0.596,0.576,0.388,0.2
Joint 6: ,0.1,0.064,0.028,0.133,0.237,0.2,0.164,-0.084,-0.331,-0.237,-0.202,-0.15,-0.19,-0.241,-0.288,-0.233,-0.161,-0.088,-0.088,-0.088,-0.088,-0.265,-0.346,-0.427,-0.242,-0.4,-0.558,-0.313,-0.068,-0.162,-0.255,-0.378,-0.289,-0.2
Trial,2,2D Sim,False,Distance Weight,0.9,Random Seed,30,Min Iterations,1200,Lazy,False,Distance cost,0.5619467658589088,Manip Cost,16.921978712494624,Total cost,2.19794996052248,Node cost function,False,Percent Manip Threshold,20,Update Path,False,Increasing weight,False,Parent finding radius R,0.9,Step Size,0.3,Goal Area Sample Probability,0.05,Goal Area Delta,0.6
Manipulability,0.032,0.039,0.085,0.032,0.027,0.028,0.038,0.021,0.019,0.035,0.064,0.099,0.111,0.12,0.153,0.184,0.213,0.166,0.099,0.13,0.154,0.143,0.129,0.166,0.135,0.101
Distance to Last Node,0.0,0.308,0.308,0.39,0.274,0.347,0.347,0.365,0.379,0.383,0.383,0.364,0.296,0.261,0.385,0.342,0.342,0.299,0.404,0.287,0.287,0.383,0.383,0.3,0.346,0.346
Joint 0: ,-1.7,-1.446,-1.191,-0.918,-0.697,-0.497,-0.296,-0.088,0.136,0.384,0.632,0.899,1.15,1.353,1.555,1.722,1.89,1.792,1.632,1.599,1.565,1.761,1.956,2.027,1.864,1.7
Joint 1: ,-1.0,-0.988,-0.975,-0.905,-0.846,-0.824,-0.803,-0.639,-0.531,-0.396,-0.261,-0.413,-0.551,-0.664,-0.918,-1.157,-1.396,-1.362,-1.15,-1.103,-1.056,-1.149,-1.243,-1.319,-1.16,-1.0
Joint 2: ,0.2,0.171,0.143,0.199,0.13,-0.007,-0.143,0.049,0.268,0.35,0.432,0.488,0.527,0.603,0.633,0.494,0.355,0.399,0.403,0.435,0.467,0.375,0.284,0.455,0.477,0.5
Joint 3: ,-0.1,-0.196,-0.292,-0.108,-0.035,0.087,0.209,0.194,0.166,0.324,0.482,0.6,0.622,0.614,0.636,0.705,0.774,0.498,0.327,0.347,0.367,0.42,0.472,0.476,0.388,0.3
Joint 4: ,0.3,0.232,0.165,0.184,0.145,0.004,-0.136,-0.04,-0.024,0.051,0.125,0.069,0.024,-0.065,-0.219,-0.266,-0.313,-0.316,-0.096,-0.161,-0.226,-0.367,-0.508,-0.618,-0.409,-0.2
Joint 5: ,0.2,0.098,-0.004,-0.012,-0.078,-0.186,-0.294,-0.172,-0.025,0.113,0.251,0.382,0.413,0.404,0.362,0.291,0.22,0.192,0.093,0.271,0.449,0.258,0.067,0.261,0.231,0.2
Joint 6: ,0.1,0.031,-0.038,0.15,0.232,0.352,0.472,0.43,0.324,0.222,0.12,0.099,0.085,0.109,0.236,0.205,0.174,0.172,0.097,-0.108,-0.312,-0.134,0.045,0.041,-0.079,-0.2
Trial,3,2D Sim,False,Distance Weight,0.9,Random Seed,45,Min Iterations,1200,Lazy,False,Distance cost,0.7321724375518919,Manip Cost,12.125045962355681,Total cost,1.8714597900322705,Node cost function,False,Percent Manip Threshold,20,Update Path,False,Increasing weight,False,Parent finding radius R,0.9,Step Size,0.3,Goal Area Sample Probability,0.05,Goal Area Delta,0.6
Manipulability,0.032,0.056,0.054,0.064,0.067,0.061,0.055,0.05,0.067,0.102,0.139,0.089,0.042,0.021,0.055,0.072,0.104,0.139,0.187,0.148,0.113,0.117,0.116,0.142,0.163,0.194,0.214,0.203,0.181,0.183,0.115
Distance to Last Node,0.0,0.285,0.412,0.287,0.441,0.411,0.414,0.295,0.272,0.36,0.36,0.323,0.323,0.426,0.426,0.384,0.384,0.283,0.283,0.367,0.367,0.398,0.437,0.437,0.314,0.375,0.375,0.447,0.447,0.275,0.476
Joint 0: ,-1.7,-1.533,-1.278,-1.068,-0.787,-0.492,-0.206,0.031,0.238,0.533,0.827,0.88,0.933,1.084,1.236,1.472,1.708,1.731,1.753,1.528,1.303,1.534,1.486,1.437,1.434,1.475,1.516,1.607,1.697,1.681,1.697
Joint 1: ,-1.0,-0.861,-0.739,-0.692,-0.569,-0.538,-0.478,-0.421,-0.48,-0.567,-0.653,-0.575,-0.496,-0.481,-0.465,-0.438,-0.41,-0.176,0.058,-0.154,-0.367,-0.452,-0.678,-0.904,-1.073,-1.285,-1.497,-1.331,-1.165,-1.293,-1.028
Joint 2: ,0.2,0.332,0.327,0.39,0.59,0.841,0.973,1.027,0.976,1.015,1.053,1.015,0.977,0.755,0.533,0.463,0.393,0.446,0.499,0.371,0.243,0.268,0.221,0.174,0.357,0.634,0.91,0.639,0.369,0.531,0.504
Joint 3: ,-0.1,-0.048,-0.149,-0.159,-0.239,-0.343,-0.431,-0.409,-0.439,-0.523,-0.608,-0.378,-0.149,0.093,0.336,0.552,0.768,0.791,0.814,0.722,0.63,0.741,0.56,0.378,0.405,0.343,0.28,0.416,0.551,0.506,0.345
Joint 4: ,0.3,0.347,0.14,-0.018,-0.192,-0.13,0.069,0.099,0.144,0.243,0.341,0.147,-0.047,0.076,0.199,0.036,-0.128,-0.207,-0.286,-0.253,-0.22,-0.258,-0.028,0.202,0.293,0.296,0.3,0.092,-0.115,0.017,-0.234
Joint 5: ,0.2,0.307,0.382,0.465,0.564,0.518,0.373,0.228,0.138,0.054,-0.029,-0.059,-0.088,0.096,0.281,0.213,0.145,0.243,0.341,0.349,0.356,0.248,0.396,0.544,0.488,0.561,0.635,0.515,0.395,0.326,0.223
Joint 6: ,0.1,0.107,-0.068,-0.083,0.036,0.063,0.046,-0.003,-0.122,-0.224,-0.326,-0.377,-0.428,-0.461,-0.495,-0.584,-0.673,-0.746,-0.82,-0.934,-1.049,-0.782,-0.615,-0.448,-0.291,-0.2,-0.109,0.013,0.136,0.043,-0.193
Trial,4,2D Sim,False,Distance Weight,0.9,Random Seed,60,Min Iterations,1200,Lazy,False,Distance cost,0.5647110734389449,Manip Cost,13.55713422464341,Total cost,1.8639533885593909,Node cost function,False,Percent Manip Threshold,20,Update Path,False,Increasing weight,False,Parent finding radius R,0.9,Step Size,0.3,Goal Area Sample Probability,0.05,Goal Area Delta,0.6
Manipulability,0.032,0.077,0.168,0.139,0.13,0.078,0.038,0.019,0.026,0.042,0.04,0.04,0.049,0.069,0.11,0.163,0.201,0.215,0.179,0.136,0.136,0.136,0.132,0.136,0.117,0.101
Distance to Last Node,0.0,0.298,0.298,0.36,0.287,0.404,0.312,0.375,0.3,0.3,0.277,0.259,0.296,0.422,0.294,0.384,0.302,0.283,0.297,0.297,0.429,0.429,0.448,0.448,0.374,0.374
Joint 0: ,-1.7,-1.612,-1.524,-1.396,-1.254,-1.008,-0.779,-0.505,-0.238,0.028,0.27,0.495,0.755,0.979,1.084,1.224,1.299,1.337,1.373,1.408,1.511,1.614,1.56,1.506,1.603,1.7
Joint 1: ,-1.0,-0.995,-0.991,-0.85,-0.706,-0.502,-0.44,-0.407,-0.45,-0.494,-0.438,-0.456,-0.565,-0.789,-0.997,-1.211,-1.296,-1.298,-1.276,-1.254,-1.173,-1.092,-1.124,-1.155,-1.078,-1.0
Joint 2: ,0.2,0.242,0.285,0.482,0.57,0.686,0.764,0.814,0.829,0.844,0.819,0.794,0.778,0.701,0.769,0.859,1.015,1.228,1.083,0.939,0.816,0.694,0.519,0.345,0.422,0.5
Joint 3: ,-0.1,-0.312,-0.524,-0.4,-0.351,-0.28,-0.181,-0.167,-0.147,-0.126,-0.109,-0.07,0.011,0.118,0.184,0.349,0.491,0.58,0.342,0.103,0.329,0.555,0.259,-0.036,0.132,0.3
Joint 4: ,0.3,0.244,0.187,0.241,0.198,0.017,-0.088,-0.278,-0.345,-0.411,-0.457,-0.497,-0.488,-0.259,-0.147,0.06,0.226,0.386,0.302,0.218,0.023,-0.171,-0.048,0.076,-0.062,-0.2
Joint 5: ,0.2,0.071,-0.059,-0.129,-0.201,-0.127,-0.046,0.111,0.221,0.33,0.332,0.309,0.297,0.271,0.348,0.382,0.431,0.432,0.444,0.456,0.277,0.098,0.349,0.6,0.4,0.2
Joint 6: ,0.1,-0.019,-0.138,0.039,0.195,0.261,0.348,0.322,0.317,0.312,0.201,0.092,0.052,-0.029,-0.095,-0.15,-0.212,-0.21,-0.172,-0.133,-0.31,-0.487,-0.519,-0.551,-0.375,-0.2
Trial,5,2D Sim,False,Distance Weight,0.9,Random Seed,75,Min Iterations,1200,Lazy,False,Distance cost,0.497605957410557,Manip Cost,10.815395192780244,Total cost,1.5293848809475254,Node cost function,False,Percent Manip Threshold,20,Update Path,False,Increasing weight,False,Parent finding radius R,0.9,Step Size,0.3,Goal Area Sample Probability,0.05,Goal Area Delta,0.6
Manipulability,0.032,0.062,0.059,0.059,0.054,0.051,0.054,0.057,0.059,0.061,0.066,0.093,0.126,0.147,0.19,0.22,0.253,0.268,0.252,0.21,0.178,0.142,0.101
Distance to Last Node,0.0,0.357,0.446,0.35,0.271,0.261,0.246,0.251,0.248,0.248,0.248,0.416,0.403,0.269,0.412,0.34,0.357,0.357,0.446,0.446,0.34,0.412,0.412
Joint 0: ,-1.7,-1.793,-1.549,-1.328,-1.094,-0.848,-0.624,-0.391,-0.186,0.019,0.224,0.473,0.759,0.921,1.104,1.229,1.356,1.482,1.303,1.124,1.195,1.447,1.7
Joint 1: ,-1.0,-0.881,-0.653,-0.48,-0.411,-0.382,-0.376,-0.414,-0.419,-0.423,-0.427,-0.616,-0.807,-0.961,-1.11,-1.238,-1.406,-1.574,-1.467,-1.36,-1.146,-1.073,-1.0
Joint 2: ,0.2,0.433,0.51,0.616,0.676,0.714,0.689,0.678,0.635,0.592,0.549,0.472,0.49,0.495,0.606,0.757,0.857,0.958,0.705,0.452,0.338,0.419,0.5
Joint 3: ,-0.1,-0.163,-0.236,-0.29,-0.269,-0.222,-0.145,-0.07,0.032,0.134,0.236,0.371,0.537,0.543,0.645,0.68,0.694,0.708,0.584,0.459,0.586,0.443,0.3
Joint 4: ,0.3,0.195,-0.052,-0.203,-0.282,-0.315,-0.344,-0.366,-0.418,-0.471,-0.523,-0.522,-0.476,-0.344,-0.073,0.136,0.285,0.434,0.33,0.226,0.123,-0.039,-0.2
Joint 5: ,0.2,0.387,0.467,0.551,0.533,0.511,0.529,0.511,0.482,0.453,0.424,0.419,0.355,0.346,0.449,0.526,0.71,0.895,0.705,0.514,0.361,0.281,0.2
Joint 6: ,0.1,0.119,0.208,0.211,0.157,0.118,0.067,0.034,-0.025,-0.084,-0.143,-0.37,-0.471,-0.54,-0.626,-0.727,-0.855,-0.982,-0.813,-0.643,-0.604,-0.402,-0.2
Trial,1,2D Sim,False,Distance Weight,0.85,Random Seed,15,Min Iterations,1200,Lazy,False,Distance cost,0.9060425658649227,Manip Cost,11.086366918758614,Total cost,2.4330912187989764,Node cost function,False,Percent Manip Threshold,20,Update Path,False,Increasing weight,False,Parent finding radius R,0.9,Step Size,0.3,Goal Area Sample Probability,0.05,Goal Area Delta,0.6
Manipulability,0.032,0.046,0.06,0.048,0.041,0.029,0.033,0.054,0.084,0.044,0.042,0.06,0.068,0.093,0.11,0.125,0.162,0.199,0.172,0.142,0.118,0.128,0.144,0.16,0.132,0.109,0.11,0.115,0.136,0.158,0.166,0.174,0.17,0.164,0.21,0.234,0.225,0.217,0.206,0.19,0.146,0.101
Distance to Last Node,0.0,0.27,0.27,0.321,0.321,0.292,0.292,0.391,0.391,0.423,0.395,0.358,0.279,0.26,0.294,0.294,0.323,0.323,0.286,0.286,0.286,0.435,0.294,0.294,0.418,0.418,0.445,0.445,0.355,0.355,0.231,0.231,0.377,0.377,0.354,0.354,0.278,0.278,0.358,0.358,0.354,0.354
Joint 0: ,-1.7,-1.471,-1.243,-1.031,-0.82,-0.579,-0.339,-0.229,-0.119,0.078,0.258,0.473,0.721,0.93,1.194,1.455,1.671,1.887,1.717,1.548,1.378,1.272,1.488,1.704,1.507,1.311,1.457,1.603,1.454,1.305,1.316,1.327,1.566,1.805,1.868,1.932,1.687,1.442,1.738,2.033,1.867,1.7
Joint 1: ,-1.0,-1.003,-1.006,-0.815,-0.625,-0.626,-0.627,-0.731,-0.836,-0.629,-0.508,-0.574,-0.669,-0.772,-0.844,-0.952,-1.139,-1.327,-1.102,-0.877,-0.653,-0.89,-0.938,-0.987,-0.775,-0.563,-0.775,-0.987,-1.154,-1.321,-1.33,-1.338,-1.365,-1.392,-1.366,-1.34,-1.293,-1.246,-1.252,-1.257,-1.128,-1.0
Joint 2: ,0.2,0.204,0.208,0.285,0.362,0.309,0.256,0.241,0.225,0.226,0.398,0.496,0.544,0.519,0.468,0.432,0.34,0.249,0.224,0.2,0.175,0.41,0.356,0.301,0.278,0.255,0.393,0.53,0.525,0.52,0.559,0.597,0.632,0.666,0.431,0.195,0.233,0.27,0.227,0.185,0.342,0.5
Joint 3: ,-0.1,-0.191,-0.282,-0.288,-0.294,-0.185,-0.076,0.156,0.389,0.153,0.229,0.354,0.364,0.443,0.438,0.41,0.474,0.538,0.551,0.564,0.576,0.389,0.533,0.677,0.557,0.436,0.517,0.597,0.519,0.442,0.35,0.258,0.202,0.145,0.365,0.585,0.611,0.637,0.49,0.343,0.321,0.3
Joint 4: ,0.3,0.24,0.18,0.177,0.173,0.28,0.386,0.487,0.588,0.41,0.141,-0.081,-0.129,-0.167,-0.137,-0.143,-0.197,-0.251,-0.21,-0.169,-0.128,-0.115,-0.037,0.04,-0.132,-0.305,-0.463,-0.621,-0.397,-0.174,-0.327,-0.481,-0.32,-0.159,-0.209,-0.258,-0.311,-0.364,-0.321,-0.278,-0.239,-0.2
Joint 5: ,0.2,0.287,0.374,0.304,0.235,0.246,0.257,0.195,0.133,0.176,0.178,0.17,0.137,0.182,0.258,0.296,0.342,0.388,0.396,0.404,0.412,0.403,0.368,0.333,0.442,0.551,0.267,-0.018,0.101,0.22,0.355,0.491,0.5,0.51,0.593,0.675,0.635,0.596,0.576,0.557,0.378,0.2
Joint 6: ,0.1,0.064,0.028,0.133,0.237,0.2,0.164,-0.084,-0.331,-0.237,-0.202,-0.15,-0.19,-0.241,-0.288,-0.233,-0.161,-0.088,-0.088,-0.088,-0.088,-0.265,-0.346,-0.427,-0.242,-0.057,-0.029,-0.001,0.073,0.148,0.184,0.22,-0.012,-0.244,-0.156,-0.068,-0.162,-0.255,-0.378,-0.501,-0.351,-0.2
Trial,2,2D Sim,False,Distance Weight,0.85,Random Seed,30,Min Iterations,1200,Lazy,False,Distance cost,0.5619467658589088,Manip Cost,16.921978712494624,Total cost,3.0159515578542666,Node cost function,False,Percent Manip Threshold,20,Update Path,False,Increasing weight,False,Parent finding radius R,0.9,Step Size,0.3,Goal Area Sample Probability,0.05,Goal Area Delta,0.6
Manipulability,0.032,0.039,0.085,0.032,0.027,0.028,0.038,0.021,0.019,0.035,0.064,0.099,0.111,0.12,0.153,0.184,0.213,0.166,0.099,0.13,0.154,0.143,0.129,0.166,0.135,0.101
Distance to Last Node,0.0,0.308,0.308,0.39,0.274,0.347,0.347,0.365,0.379,0.383,0.383,0.364,0.296,0.261,0.385,0.342,0.342,0.299,0.404,0.287,0.287,0.383,0.383,0.3,0.346,0.346
Joint 0: ,-1.7,-1.446,-1.191,-0.918,-0.697,-0.497,-0.296,-0.088,0.136,0.384,0.632,0.899,1.15,1.353,1.555,1.722,1.89,1.792,1.632,1.599,1.565,1.761,1.956,2.027,1.864,1.7
Joint 1: ,-1.0,-0.988,-0.975,-0.905,-0.846,-0.824,-0.803,-0.639,-0.531,-0.396,-0.261,-0.413,-0.551,-0.664,-0.918,-1.157,-1.396,-1.362,-1.15,-1.103,-1.056,-1.149,-1.243,-1.319,-1.16,-1.0
Joint 2: ,0.2,0.171,0.143,0.199,0.13,-0.007,-0.143,0.049,0.268,0.35,0.432,0.488,0.527,0.603,0.633,0.494,0.355,0.399,0.403,0.435,0.467,0.375,0.284,0.455,0.477,0.5
Joint 3: ,-0.1,-0.196,-0.292,-0.108,-0.035,0.087,0.209,0.194,0.166,0.324,0.482,0.6,0.622,0.614,0.636,0.705,0.774,0.498,0.327,0.347,0.367,0.42,0.472,0.476,0.388,0.3
Joint 4: ,0.3,0.232,0.165,0.184,0.145,0.004,-0.136,-0.04,-0.024,0.051,0.125,0.069,0.024,-0.065,-0.219,-0.266,-0.313,-0.316,-0.096,-0.161,-0.226,-0.367,-0.508,-0.618,-0.409,-0.2
Joint 5: ,0.2,0.098,-0.004,-0.012,-0.078,-0.186,-0.294,-0.172,-0.025,0.113,0.251,0.382,0.413,0.404,0.362,0.291,0.22,0.192,0.093,0.271,0.449,0.258,0.067,0.261,0.231,0.2
Joint 6: ,0.1,0.031,-0.038,0.15,0.232,0.352,0.472,0.43,0.324,0.222,0.12,0.099,0.085,0.109,0.236,0.205,0.174,0.172,0.097,-0.108,-0.312,-0.134,0.045,0.041,-0.079,-0.2
Trial,3,2D Sim,False,Distance Weight,0.85,Random Seed,45,Min Iterations,1200,Lazy,False,Distance cost,0.9720100544682867,Manip Cost,11.112980764671551,Total cost,2.4931556609987764,Node cost function,False,Percent Manip Threshold,20,Update Path,False,Increasing weight,False,Parent finding radius R,0.9,Step Size,0.3,Goal Area Sample Probability,0.05,Goal Area Delta,0.6
Manipulability,0.032,0.056,0.054,0.064,0.067,0.061,0.055,0.05,0.067,0.102,0.139,0.089,0.042,0.021,0.055,0.066,0.103,0.104,0.139,0.187,0.148,0.113,0.101,0.108,0.115,0.121,0.092,0.114,0.12,0.142,0.163,0.18,0.167,0.148,0.145,0.149,0.172,0.193,0.199,0.2,0.2,0.182,0.18,0.107
Distance to Last Node,0.0,0.285,0.412,0.287,0.441,0.411,0.414,0.295,0.272,0.36,0.36,0.323,0.323,0.426,0.426,0.369,0.369,0.3,0.283,0.283,0.367,0.367,0.3,0.296,0.296,0.296,0.417,0.347,0.445,0.445,0.314,0.314,0.347,0.347,0.338,0.267,0.267,0.267,0.297,0.297,0.297,0.446,0.286,0.417
Joint 0: ,-1.7,-1.533,-1.278,-1.068,-0.787,-0.492,-0.206,0.031,0.238,0.533,0.827,0.88,0.933,1.084,1.236,1.389,1.542,1.708,1.731,1.753,1.528,1.303,1.325,1.471,1.618,1.765,1.643,1.726,1.582,1.437,1.434,1.431,1.49,1.549,1.532,1.554,1.523,1.491,1.566,1.64,1.715,1.698,1.696,1.677
Joint 1: ,-1.0,-0.861,-0.739,-0.692,-0.569,-0.538,-0.478,-0.421,-0.48,-0.567,-0.653,-0.575,-0.496,-0.481,-0.465,-0.345,-0.224,-0.41,-0.176,0.058,-0.154,-0.367,-0.495,-0.51,-0.524,-0.538,-0.663,-0.571,-0.737,-0.904,-1.073,-1.241,-1.055,-0.869,-1.053,-0.938,-1.082,-1.227,-1.208,-1.189,-1.171,-1.163,-1.076,-1.02
Joint 2: ,0.2,0.332,0.327,0.39,0.59,0.841,0.973,1.027,0.976,1.015,1.053,1.015,0.977,0.755,0.533,0.485,0.436,0.393,0.446,0.499,0.371,0.243,0.209,0.237,0.265,0.293,0.421,0.345,0.26,0.174,0.357,0.541,0.308,0.075,0.2,0.099,0.307,0.516,0.447,0.379,0.311,0.371,0.361,0.496
Joint 3: ,-0.1,-0.048,-0.149,-0.159,-0.239,-0.343,-0.431,-0.409,-0.439,-0.523,-0.608,-0.378,-0.149,0.093,0.336,0.529,0.723,0.768,0.791,0.814,0.722,0.63,0.692,0.745,0.799,0.852,0.617,0.809,0.593,0.378,0.405,0.432,0.391,0.35,0.332,0.369,0.378,0.387,0.481,0.574,0.668,0.552,0.579,0.316
Joint 4: ,0.3,0.347,0.14,-0.018,-0.192,-0.13,0.069,0.099,0.144,0.243,0.341,0.147,-0.047,0.076,0.199,0.039,-0.122,-0.128,-0.207,-0.286,-0.253,-0.22,-0.199,-0.232,-0.264,-0.296,-0.029,-0.27,-0.034,0.202,0.293,0.384,0.29,0.196,0.158,0.314,0.343,0.372,0.112,-0.147,-0.407,-0.112,-0.101,-0.191
Joint 5: ,0.2,0.307,0.382,0.465,0.564,0.518,0.373,0.228,0.138,0.054,-0.029,-0.059,-0.088,0.096,0.281,0.215,0.15,0.145,0.243,0.341,0.349,0.356,0.196,0.177,0.158,0.139,0.126,0.141,0.342,0.544,0.488,0.432,0.555,0.678,0.43,0.573,0.575,0.577,0.55,0.522,0.495,0.401,0.475,0.207
Joint 6: ,0.1,0.107,-0.068,-0.083,0.036,0.063,0.046,-0.003,-0.122,-0.224,-0.326,-0.377,-0.428,-0.461,-0.495,-0.661,-0.828,-0.673,-0.746,-0.82,-0.934,-1.049,-1.254,-1.007,-0.761,-0.515,-0.522,-0.455,-0.451,-0.448,-0.291,-0.135,-0.182,-0.229,-0.195,-0.226,-0.154,-0.082,-0.111,-0.14,-0.169,0.123,-0.137,-0.2
Trial,4,2D Sim,False,Distance Weight,0.85,Random Seed,60,Min Iterations,1200,Lazy,False,Distance cost,0.5647110734389449,Manip Cost,13.55713422464341,Total cost,2.513574546119615,Node cost function,False,Percent Manip Threshold,20,Update Path,False,Increasing weight,False,Parent finding radius R,0.9,Step Size,0.3,Goal Area Sample Probability,0.05,Goal Area Delta,0.6
Manipulability,0.032,0.077,0.168,0.139,0.13,0.078,0.038,0.019,0.026,0.042,0.04,0.04,0.049,0.069,0.11,0.163,0.201,0.215,0.179,0.136,0.136,0.136,0.132,0.136,0.117,0.101
Distance to Last Node,0.0,0.298,0.298,0.36,0.287,0.404,0.312,0.375,0.3,0.3,0.277,0.259,0.296,0.422,0.294,0.384,0.302,0.283,0.297,0.297,0.429,0.429,0.448,0.448,0.374,0.374
Joint 0: ,-1.7,-1.612,-1.524,-1.396,-1.254,-1.008,-0.779,-0.505,-0.238,0.028,0.27,0.495,0.755,0.979,1.084,1.224,1.299,1.337,1.373,1.408,1.511,1.614,1.56,1.506,1.603,1.7
Joint 1: ,-1.0,-0.995,-0.991,-0.85,-0.706,-0.502,-0.44,-0.407,-0.45,-0.494,-0.438,-0.456,-0.565,-0.789,-0.997,-1.211,-1.296,-1.298,-1.276,-1.254,-1.173,-1.092,-1.124,-1.155,-1.078,-1.0
Joint 2: ,0.2,0.242,0.285,0.482,0.57,0.686,0.764,0.814,0.829,0.844,0.819,0.794,0.778,0.701,0.769,0.859,1.015,1.228,1.083,0.939,0.816,0.694,0.519,0.345,0.422,0.5
Joint 3: ,-0.1,-0.312,-0.524,-0.4,-0.351,-0.28,-0.181,-0.167,-0.147,-0.126,-0.109,-0.07,0.011,0.118,0.184,0.349,0.491,0.58,0.342,0.103,0.329,0.555,0.259,-0.036,0.132,0.3
Joint 4: ,0.3,0.244,0.187,0.241,0.198,0.017,-0.088,-0.278,-0.345,-0.411,-0.457,-0.497,-0.488,-0.259,-0.147,0.06,0.226,0.386,0.302,0.218,0.023,-0.171,-0.048,0.076,-0.062,-0.2
Joint 5: ,0.2,0.071,-0.059,-0.129,-0.201,-0.127,-0.046,0.111,0.221,0.33,0.332,0.309,0.297,0.271,0.348,0.382,0.431,0.432,0.444,0.456,0.277,0.098,0.349,0.6,0.4,0.2
Joint 6: ,0.1,-0.019,-0.138,0.039,0.195,0.261,0.348,0.322,0.317,0.312,0.201,0.092,0.052,-0.029,-0.095,-0.15,-0.212,-0.21,-0.172,-0.133,-0.31,-0.487,-0.519,-0.551,-0.375,-0.2
Trial,5,2D Sim,False,Distance Weight,0.85,Random Seed,75,Min Iterations,1200,Lazy,False,Distance cost,0.5531759561794339,Manip Cost,10.412691593112278,Total cost,2.032103301719361,Node cost function,False,Percent Manip Threshold,20,Update Path,False,Increasing weight,False,Parent finding radius R,0.9,Step Size,0.3,Goal Area Sample Probability,0.05,Goal Area Delta,0.6
Manipulability,0.032,0.062,0.059,0.059,0.054,0.051,0.054,0.057,0.059,0.061,0.066,0.093,0.126,0.147,0.19,0.22,0.253,0.268,0.252,0.21,0.178,0.143,0.157,0.164,0.133,0.101
Distance to Last Node,0.0,0.357,0.446,0.35,0.271,0.261,0.246,0.251,0.248,0.248,0.248,0.416,0.403,0.269,0.412,0.34,0.357,0.357,0.446,0.446,0.34,0.34,0.233,0.233,0.429,0.429
Joint 0: ,-1.7,-1.793,-1.549,-1.328,-1.094,-0.848,-0.624,-0.391,-0.186,0.019,0.224,0.473,0.759,0.921,1.104,1.229,1.356,1.482,1.303,1.124,1.195,1.265,1.249,1.232,1.466,1.7
Joint 1: ,-1.0,-0.881,-0.653,-0.48,-0.411,-0.382,-0.376,-0.414,-0.419,-0.423,-0.427,-0.616,-0.807,-0.961,-1.11,-1.238,-1.406,-1.574,-1.467,-1.36,-1.146,-0.931,-1.097,-1.262,-1.131,-1.0
Joint 2: ,0.2,0.433,0.51,0.616,0.676,0.714,0.689,0.678,0.635,0.592,0.549,0.472,0.49,0.495,0.606,0.757,0.857,0.958,0.705,0.452,0.338,0.225,0.342,0.46,0.48,0.5
Joint 3: ,-0.1,-0.163,-0.236,-0.29,-0.269,-0.222,-0.145,-0.07,0.032,0.134,0.236,0.371,0.537,0.543,0.645,0.68,0.694,0.708,0.584,0.459,0.586,0.713,0.66,0.607,0.453,0.3
Joint 4: ,0.3,0.195,-0.052,-0.203,-0.282,-0.315,-0.344,-0.366,-0.418,-0.471,-0.523,-0.522,-0.476,-0.344,-0.073,0.136,0.285,0.434,0.33,0.226,0.123,0.019,0.102,0.184,-0.008,-0.2
Joint 5: ,0.2,0.387,0.467,0.551,0.533,0.511,0.529,0.511,0.482,0.453,0.424,0.419,0.355,0.346,0.449,0.526,0.71,0.895,0.705,0.514,0.361,0.209,0.169,0.129,0.164,0.2
Joint 6: ,0.1,0.119,0.208,0.211,0.157,0.118,0.067,0.034,-0.025,-0.084,-0.143,-0.37,-0.471,-0.54,-0.626,-0.727,-0.855,-0.982,-0.813,-0.643,-0.604,-0.564,-0.606,-0.647,-0.423,-0.2
Trial,1,2D Sim,False,Distance Weight,0.8,Random Seed,15,Min Iterations,1200,Lazy,False,Distance cost,0.9234641208903808,Manip Cost,10.995312932121228,Total cost,2.93783388313655,Node cost function,False,Percent Manip Threshold,20,Update Path,False,Increasing weight,False,Parent finding radius R,0.9,Step Size,0.3,Goal Area Sample Probability,0.05,Goal Area Delta,0.6
Manipulability,0.032,0.046,0.06,0.048,0.041,0.029,0.033,0.054,0.084,0.044,0.042,0.06,0.068,0.093,0.11,0.125,0.162,0.199,0.172,0.142,0.118,0.128,0.144,0.16,0.132,0.109,0.11,0.115,0.136,0.158,0.166,0.174,0.17,0.164,0.21,0.234,0.225,0.217,0.206,0.19,0.171,0.14,0.101
Distance to Last Node,0.0,0.27,0.27,0.321,0.321,0.292,0.292,0.391,0.391,0.423,0.395,0.358,0.279,0.26,0.294,0.294,0.323,0.323,0.286,0.286,0.286,0.435,0.294,0.294,0.418,0.418,0.445,0.445,0.355,0.355,0.231,0.231,0.377,0.377,0.354,0.354,0.278,0.278,0.358,0.358,0.289,0.342,0.342
Joint 0: ,-1.7,-1.471,-1.243,-1.031,-0.82,-0.579,-0.339,-0.229,-0.119,0.078,0.258,0.473,0.721,0.93,1.194,1.455,1.671,1.887,1.717,1.548,1.378,1.272,1.488,1.704,1.507,1.311,1.457,1.603,1.454,1.305,1.316,1.327,1.566,1.805,1.868,1.932,1.687,1.442,1.738,2.033,2.014,1.857,1.7
Joint 1: ,-1.0,-1.003,-1.006,-0.815,-0.625,-0.626,-0.627,-0.731,-0.836,-0.629,-0.508,-0.574,-0.669,-0.772,-0.844,-0.952,-1.139,-1.327,-1.102,-0.877,-0.653,-0.89,-0.938,-0.987,-0.775,-0.563,-0.775,-0.987,-1.154,-1.321,-1.33,-1.338,-1.365,-1.392,-1.366,-1.34,-1.293,-1.246,-1.252,-1.257,-1.035,-1.018,-1.0
Joint 2: ,0.2,0.204,0.208,0.285,0.362,0.309,0.256,0.241,0.225,0.226,0.398,0.496,0.544,0.519,0.468,0.432,0.34,0.249,0.224,0.2,0.175,0.41,0.356,0.301,0.278,0.255,0.393,0.53,0.525,0.52,0.559,0.597,0.632,0.666,0.431,0.195,0.233,0.27,0.227,0.185,0.255,0.378,0.5
Joint 3: ,-0.1,-0.191,-0.282,-0.288,-0.294,-0.185,-0.076,0.156,0.389,0.153,0.229,0.354,0.364,0.443,0.438,0.41,0.474,0.538,0.551,0.564,0.576,0.389,0.533,0.677,0.557,0.436,0.517,0.597,0.519,0.442,0.35,0.258,0.202,0.145,0.365,0.585,0.611,0.637,0.49,0.343,0.482,0.391,0.3
Joint 4: ,0.3,0.24,0.18,0.177,0.173,0.28,0.386,0.487,0.588,0.41,0.141,-0.081,-0.129,-0.167,-0.137,-0.143,-0.197,-0.251,-0.21,-0.169,-0.128,-0.115,-0.037,0.04,-0.132,-0.305,-0.463,-0.621,-0.397,-0.174,-0.327,-0.481,-0.32,-0.159,-0.209,-0.258,-0.311,-0.364,-0.321,-0.278,-0.26,-0.23,-0.2
Joint 5: ,0.2,0.287,0.374,0.304,0.235,0.246,0.257,0.195,0.133,0.176,0.178,0.17,0.137,0.182,0.258,0.296,0.342,0.388,0.396,0.404,0.412,0.403,0.368,0.333,0.442,0.551,0.267,-0.018,0.101,0.22,0.355,0.491,0.5,0.51,0.593,0.675,0.635,0.596,0.576,0.557,0.537,0.368,0.2
Joint 6: ,0.1,0.064,0.028,0.133,0.237,0.2,0.164,-0.084,-0.331,-0.237,-0.202,-0.15,-0.19,-0.241,-0.288,-0.233,-0.161,-0.088,-0.088,-0.088,-0.088,-0.265,-0.346,-0.427,-0.242,-0.057,-0.029,-0.001,0.073,0.148,0.184,0.22,-0.012,-0.244,-0.156,-0.068,-0.162,-0.255,-0.378,-0.501,-0.597,-0.398,-0.2
Trial,2,2D Sim,False,Distance Weight,0.8,Random Seed,30,Min Iterations,1200,Lazy,False,Distance cost,0.5619467658589088,Manip Cost,16.921978712494624,Total cost,3.8339531551860513,Node cost function,False,Percent Manip Threshold,20,Update Path,False,Increasing weight,False,Parent finding radius R,0.9,Step Size,0.3,Goal Area Sample Probability,0.05,Goal Area Delta,0.6
Manipulability,0.032,0.039,0.085,0.032,0.027,0.028,0.038,0.021,0.019,0.035,0.064,0.099,0.111,0.12,0.153,0.184,0.213,0.166,0.099,0.13,0.154,0.143,0.129,0.166,0.135,0.101
Distance to Last Node,0.0,0.308,0.308,0.39,0.274,0.347,0.347,0.365,0.379,0.383,0.383,0.364,0.296,0.261,0.385,0.342,0.342,0.299,0.404,0.287,0.287,0.383,0.383,0.3,0.346,0.346
Joint 0: ,-1.7,-1.446,-1.191,-0.918,-0.697,-0.497,-0.296,-0.088,0.136,0.384,0.632,0.899,1.15,1.353,1.555,1.722,1.89,1.792,1.632,1.599,1.565,1.761,1.956,2.027,1.864,1.7
Joint 1: ,-1.0,-0.988,-0.975,-0.905,-0.846,-0.824,-0.803,-0.639,-0.531,-0.396,-0.261,-0.413,-0.551,-0.664,-0.918,-1.157,-1.396,-1.362,-1.15,-1.103,-1.056,-1.149,-1.243,-1.319,-1.16,-1.0
Joint 2: ,0.2,0.171,0.143,0.199,0.13,-0.007,-0.143,0.049,0.268,0.35,0.432,0.488,0.527,0.603,0.633,0.494,0.355,0.399,0.403,0.435,0.467,0.375,0.284,0.455,0.477,0.5
Joint 3: ,-0.1,-0.196,-0.292,-0.108,-0.035,0.087,0.209,0.194,0.166,0.324,0.482,0.6,0.622,0.614,0.636,0.705,0.774,0.498,0.327,0.347,0.367,0.42,0.472,0.476,0.388,0.3
Joint 4: ,0.3,0.232,0.165,0.184,0.145,0.004,-0.136,-0.04,-0.024,0.051,0.125,0.069,0.024,-0.065,-0.219,-0.266,-0.313,-0.316,-0.096,-0.161,-0.226,-0.367,-0.508,-0.618,-0.409,-0.2
Joint 5: ,0.2,0.098,-0.004,-0.012,-0.078,-0.186,-0.294,-0.172,-0.025,0.113,0.251,0.382,0.413,0.404,0.362,0.291,0.22,0.192,0.093,0.271,0.449,0.258,0.067,0.261,0.231,0.2
Joint 6: ,0.1,0.031,-0.038,0.15,0.232,0.352,0.472,0.43,0.324,0.222,0.12,0.099,0.085,0.109,0.236,0.205,0.174,0.172,0.097,-0.108,-0.312,-0.134,0.045,0.041,-0.079,-0.2
Trial,3,2D Sim,False,Distance Weight,0.8,Random Seed,45,Min Iterations,1200,Lazy,False,Distance cost,1.1445796909537498,Manip Cost,10.539394313745973,Total cost,3.023542615512194,Node cost function,False,Percent Manip Threshold,20,Update Path,False,Increasing weight,False,Parent finding radius R,0.9,Step Size,0.3,Goal Area Sample Probability,0.05,Goal Area Delta,0.6
Manipulability,0.032,0.056,0.054,0.064,0.067,0.061,0.055,0.05,0.067,0.102,0.139,0.089,0.042,0.021,0.055,0.066,0.103,0.104,0.139,0.187,0.148,0.113,0.101,0.108,0.115,0.121,0.092,0.114,0.12,0.142,0.148,0.18,0.132,0.143,0.148,0.145,0.118,0.147,0.15,0.141,0.179,0.162,0.169,0.173,0.174,0.199,0.179,0.177,0.182,0.101
Distance to Last Node,0.0,0.285,0.412,0.287,0.441,0.411,0.414,0.295,0.272,0.36,0.36,0.323,0.323,0.426,0.426,0.369,0.369,0.3,0.283,0.283,0.367,0.367,0.3,0.296,0.296,0.296,0.417,0.347,0.445,0.445,0.415,0.3,0.354,0.355,0.355,0.338,0.338,0.421,0.401,0.401,0.413,0.447,0.277,0.277,0.277,0.422,0.306,0.236,0.362,0.416
Joint 0: ,-1.7,-1.533,-1.278,-1.068,-0.787,-0.492,-0.206,0.031,0.238,0.533,0.827,0.88,0.933,1.084,1.236,1.389,1.542,1.708,1.731,1.753,1.528,1.303,1.325,1.471,1.618,1.765,1.643,1.726,1.582,1.437,1.45,1.431,1.581,1.565,1.549,1.532,1.515,1.546,1.448,1.35,1.405,1.512,1.655,1.799,1.942,1.762,1.727,1.715,1.678,1.7
Joint 1: ,-1.0,-0.861,-0.739,-0.692,-0.569,-0.538,-0.478,-0.421,-0.48,-0.567,-0.653,-0.575,-0.496,-0.481,-0.465,-0.345,-0.224,-0.41,-0.176,0.058,-0.154,-0.367,-0.495,-0.51,-0.524,-0.538,-0.663,-0.571,-0.737,-0.904,-1.107,-1.241,-1.074,-0.971,-0.869,-1.053,-1.238,-1.03,-1.228,-1.426,-1.399,-1.103,-1.071,-1.039,-1.007,-1.137,-1.141,-1.061,-1.254,-1.0
Joint 2: ,0.2,0.332,0.327,0.39,0.59,0.841,0.973,1.027,0.976,1.015,1.053,1.015,0.977,0.755,0.533,0.485,0.436,0.393,0.446,0.499,0.371,0.243,0.209,0.237,0.265,0.293,0.421,0.345,0.26,0.174,0.435,0.541,0.562,0.319,0.075,0.2,0.324,0.162,0.291,0.42,0.572,0.457,0.511,0.566,0.62,0.329,0.34,0.34,0.515,0.5
Joint 3: ,-0.1,-0.048,-0.149,-0.159,-0.239,-0.343,-0.431,-0.409,-0.439,-0.523,-0.608,-0.378,-0.149,0.093,0.336,0.529,0.723,0.768,0.791,0.814,0.722,0.63,0.692,0.745,0.799,0.852,0.617,0.809,0.593,0.378,0.353,0.432,0.437,0.394,0.35,0.332,0.314,0.36,0.425,0.489,0.443,0.425,0.49,0.554,0.619,0.678,0.566,0.588,0.53,0.3
Joint 4: ,0.3,0.347,0.14,-0.018,-0.192,-0.13,0.069,0.099,0.144,0.243,0.341,0.147,-0.047,0.076,0.199,0.039,-0.122,-0.128,-0.207,-0.286,-0.253,-0.22,-0.199,-0.232,-0.264,-0.296,-0.029,-0.27,-0.034,0.202,0.194,0.384,0.283,0.239,0.196,0.158,0.12,0.295,0.089,-0.118,0.141,0.028,-0.188,-0.404,-0.62,-0.425,-0.225,-0.177,-0.006,-0.2
Joint 5: ,0.2,0.307,0.382,0.465,0.564,0.518,0.373,0.228,0.138,0.054,-0.029,-0.059,-0.088,0.096,0.281,0.215,0.15,0.145,0.243,0.341,0.349,0.356,0.196,0.177,0.158,0.139,0.126,0.141,0.342,0.544,0.381,0.432,0.222,0.45,0.678,0.43,0.181,0.449,0.242,0.036,0.308,0.415,0.446,0.477,0.508,0.544,0.395,0.47,0.327,0.2
Joint 6: ,0.1,0.107,-0.068,-0.083,0.036,0.063,0.046,-0.003,-0.122,-0.224,-0.326,-0.377,-0.428,-0.461,-0.495,-0.661,-0.828,-0.673,-0.746,-0.82,-0.934,-1.049,-1.254,-1.007,-0.761,-0.515,-0.522,-0.455,-0.451,-0.448,-0.259,-0.135,-0.275,-0.252,-0.229,-0.195,-0.161,-0.209,-0.134,-0.059,-0.035,-0.285,-0.263,-0.24,-0.218,-0.188,-0.056,-0.257,-0.163,-0.2
Trial,4,2D Sim,False,Distance Weight,0.8,Random Seed,60,Min Iterations,1200,Lazy,False,Distance cost,0.5647110734389449,Manip Cost,13.55713422464341,Total cost,3.163195703679837,Node cost function,False,Percent Manip Threshold,20,Update Path,False,Increasing weight,False,Parent finding radius R,0.9,Step Size,0.3,Goal Area Sample Probability,0.05,Goal Area Delta,0.6
Manipulability,0.032,0.077,0.168,0.139,0.13,0.078,0.038,0.019,0.026,0.042,0.04,0.04,0.049,0.069,0.11,0.163,0.201,0.215,0.179,0.136,0.136,0.136,0.132,0.136,0.117,0.101
Distance to Last Node,0.0,0.298,0.298,0.36,0.287,0.404,0.312,0.375,0.3,0.3,0.277,0.259,0.296,0.422,0.294,0.384,0.302,0.283,0.297,0.297,0.429,0.429,0.448,0.448,0.374,0.374
Joint 0: ,-1.7,-1.612,-1.524,-1.396,-1.254,-1.008,-0.779,-0.505,-0.238,0.028,0.27,0.495,0.755,0.979,1.084,1.224,1.299,1.337,1.373,1.408,1.511,1.614,1.56,1.506,1.603,1.7
Joint 1: ,-1.0,-0.995,-0.991,-0.85,-0.706,-0.502,-0.44,-0.407,-0.45,-0.494,-0.438,-0.456,-0.565,-0.789,-0.997,-1.211,-1.296,-1.298,-1.276,-1.254,-1.173,-1.092,-1.124,-1.155,-1.078,-1.0
Joint 2: ,0.2,0.242,0.285,0.482,0.57,0.686,0.764,0.814,0.829,0.844,0.819,0.794,0.778,0.701,0.769,0.859,1.015,1.228,1.083,0.939,0.816,0.694,0.519,0.345,0.422,0.5
Joint 3: ,-0.1,-0.312,-0.524,-0.4,-0.351,-0.28,-0.181,-0.167,-0.147,-0.126,-0.109,-0.07,0.011,0.118,0.184,0.349,0.491,0.58,0.342,0.103,0.329,0.555,0.259,-0.036,0.132,0.3
Joint 4: ,0.3,0.244,0.187,0.241,0.198,0.017,-0.088,-0.278,-0.345,-0.411,-0.457,-0.497,-0.488,-0.259,-0.147,0.06,0.226,0.386,0.302,0.218,0.023,-0.171,-0.048,0.076,-0.062,-0.2
Joint 5: ,0.2,0.071,-0.059,-0.129,-0.201,-0.127,-0.046,0.111,0.221,0.33,0.332,0.309,0.297,0.271,0.348,0.382,0.431,0.432,0.444,0.456,0.277,0.098,0.349,0.6,0.4,0.2
Joint 6: ,0.1,-0.019,-0.138,0.039,0.195,0.261,0.348,0.322,0.317,0.312,0.201,0.092,0.052,-0.029,-0.095,-0.15,-0.212,-0.21,-0.172,-0.133,-0.31,-0.487,-0.519,-0.551,-0.375,-0.2
Trial,5,2D Sim,False,Distance Weight,0.8,Random Seed,75,Min Iterations,1200,Lazy,False,Distance cost,0.6718543826153603,Manip Cost,9.831105462368871,Total cost,2.503704598566062,Node cost function,False,Percent Manip Threshold,20,Update Path,False,Increasing weight,False,Parent finding radius R,0.9,Step Size,0.3,Goal Area Sample Probability,0.05,Goal Area Delta,0.6
Manipulability,0.032,0.062,0.059,0.059,0.054,0.051,0.054,0.057,0.059,0.061,0.066,0.093,0.126,0.147,0.19,0.22,0.253,0.268,0.252,0.21,0.178,0.143,0.111,0.139,0.163,0.154,0.146,0.162,0.132,0.101
Distance to Last Node,0.0,0.357,0.446,0.35,0.271,0.261,0.246,0.251,0.248,0.248,0.248,0.416,0.403,0.269,0.412,0.34,0.357,0.357,0.446,0.446,0.34,0.34,0.447,0.404,0.404,0.386,0.386,0.407,0.343,0.343
Joint 0: ,-1.7,-1.793,-1.549,-1.328,-1.094,-0.848,-0.624,-0.391,-0.186,0.019,0.224,0.473,0.759,0.921,1.104,1.229,1.356,1.482,1.303,1.124,1.195,1.265,1.415,1.486,1.557,1.537,1.518,1.418,1.559,1.7
Joint 1: ,-1.0,-0.881,-0.653,-0.48,-0.411,-0.382,-0.376,-0.414,-0.419,-0.423,-0.427,-0.616,-0.807,-0.961,-1.11,-1.238,-1.406,-1.574,-1.467,-1.36,-1.146,-0.931,-0.774,-0.994,-1.213,-1.096,-0.978,-1.169,-1.085,-1.0
Joint 2: ,0.2,0.433,0.51,0.616,0.676,0.714,0.689,0.678,0.635,0.592,0.549,0.472,0.49,0.495,0.606,0.757,0.857,0.958,0.705,0.452,0.338,0.225,0.114,0.184,0.255,0.513,0.771,0.844,0.672,0.5
Joint 3: ,-0.1,-0.163,-0.236,-0.29,-0.269,-0.222,-0.145,-0.07,0.032,0.134,0.236,0.371,0.537,0.543,0.645,0.68,0.694,0.708,0.584,0.459,0.586,0.713,0.485,0.405,0.324,0.394,0.464,0.552,0.426,0.3
Joint 4: ,0.3,0.195,-0.052,-0.203,-0.282,-0.315,-0.344,-0.366,-0.418,-0.471,-0.523,-0.522,-0.476,-0.344,-0.073,0.136,0.285,0.434,0.33,0.226,0.123,0.019,-0.059,-0.266,-0.474,-0.511,-0.548,-0.596,-0.398,-0.2
Joint 5: ,0.2,0.387,0.467,0.551,0.533,0.511,0.529,0.511,0.482,0.453,0.424,0.419,0.355,0.346,0.449,0.526,0.71,0.895,0.705,0.514,0.361,0.209,0.32,0.377,0.434,0.406,0.378,0.235,0.217,0.2
Joint 6: ,0.1,0.119,0.208,0.211,0.157,0.118,0.067,0.034,-0.025,-0.084,-0.143,-0.37,-0.471,-0.54,-0.626,-0.727,-0.855,-0.982,-0.813,-0.643,-0.604,-0.564,-0.299,-0.07,0.158,-0.09,-0.338,-0.049,-0.124,-0.2
Trial,1,2D Sim,False,Distance Weight,0.7,Random Seed,15,Min Iterations,1200,Lazy,False,Distance cost,1.0354694409506602,Manip Cost,10.538652926849387,Total cost,3.8864244867202786,Node cost function,False,Percent Manip Threshold,20,Update Path,False,Increasing weight,False,Parent finding radius R,0.9,Step Size,0.3,Goal Area Sample Probability,0.05,Goal Area Delta,0.6
Manipulability,0.032,0.046,0.06,0.048,0.041,0.029,0.033,0.054,0.084,0.044,0.042,0.06,0.068,0.093,0.11,0.125,0.162,0.199,0.172,0.142,0.118,0.128,0.144,0.16,0.132,0.109,0.11,0.115,0.136,0.158,0.166,0.174,0.17,0.164,0.21,0.234,0.225,0.217,0.206,0.19,0.171,0.15,0.148,0.196,0.168,0.135,0.12,0.101
Distance to Last Node,0.0,0.27,0.27,0.321,0.321,0.292,0.292,0.391,0.391,0.423,0.395,0.358,0.279,0.26,0.294,0.294,0.323,0.323,0.286,0.286,0.286,0.435,0.294,0.294,0.418,0.418,0.445,0.445,0.355,0.355,0.231,0.231,0.377,0.377,0.354,0.354,0.278,0.278,0.358,0.358,0.289,0.289,0.289,0.38,0.3,0.3,0.411,0.411
Joint 0: ,-1.7,-1.471,-1.243,-1.031,-0.82,-0.579,-0.339,-0.229,-0.119,0.078,0.258,0.473,0.721,0.93,1.194,1.455,1.671,1.887,1.717,1.548,1.378,1.272,1.488,1.704,1.507,1.311,1.457,1.603,1.454,1.305,1.316,1.327,1.566,1.805,1.868,1.932,1.687,1.442,1.738,2.033,2.014,1.995,1.977,1.905,1.954,2.002,1.851,1.7
Joint 1: ,-1.0,-1.003,-1.006,-0.815,-0.625,-0.626,-0.627,-0.731,-0.836,-0.629,-0.508,-0.574,-0.669,-0.772,-0.844,-0.952,-1.139,-1.327,-1.102,-0.877,-0.653,-0.89,-0.938,-0.987,-0.775,-0.563,-0.775,-0.987,-1.154,-1.321,-1.33,-1.338,-1.365,-1.392,-1.366,-1.34,-1.293,-1.246,-1.252,-1.257,-1.035,-0.814,-0.593,-0.603,-0.593,-0.582,-0.791,-1.0
Joint 2: ,0.2,0.204,0.208,0.285,0.362,0.309,0.256,0.241,0.225,0.226,0.398,0.496,0.544,0.519,0.468,0.432,0.34,0.249,0.224,0.2,0.175,0.41,0.356,0.301,0.278,0.255,0.393,0.53,0.525,0.52,0.559,0.597,0.632,0.666,0.431,0.195,0.233,0.27,0.227,0.185,0.255,0.326,0.396,0.355,0.416,0.477,0.489,0.5
Joint 3: ,-0.1,-0.191,-0.282,-0.288,-0.294,-0.185,-0.076,0.156,0.389,0.153,0.229,0.354,0.364,0.443,0.438,0.41,0.474,0.538,0.551,0.564,0.576,0.389,0.533,0.677,0.557,0.436,0.517,0.597,0.519,0.442,0.35,0.258,0.202,0.145,0.365,0.585,0.611,0.637,0.49,0.343,0.482,0.621,0.76,0.971,0.767,0.562,0.431,0.3
Joint 4: ,0.3,0.24,0.18,0.177,0.173,0.28,0.386,0.487,0.588,0.41,0.141,-0.081,-0.129,-0.167,-0.137,-0.143,-0.197,-0.251,-0.21,-0.169,-0.128,-0.115,-0.037,0.04,-0.132,-0.305,-0.463,-0.621,-0.397,-0.174,-0.327,-0.481,-0.32,-0.159,-0.209,-0.258,-0.311,-0.364,-0.321,-0.278,-0.26,-0.243,-0.225,-0.36,-0.389,-0.419,-0.309,-0.2
Joint 5: ,0.2,0.287,0.374,0.304,0.235,0.246,0.257,0.195,0.133,0.176,0.178,0.17,0.137,0.182,0.258,0.296,0.342,0.388,0.396,0.404,0.412,0.403,0.368,0.333,0.442,0.551,0.267,-0.018,0.101,0.22,0.355,0.491,0.5,0.51,0.593,0.675,0.635,0.596,0.576,0.557,0.537,0.516,0.496,0.732,0.679,0.625,0.413,0.2
Joint 6: ,0.1,0.064,0.028,0.133,0.237,0.2,0.164,-0.084,-0.331,-0.237,-0.202,-0.15,-0.19,-0.241,-0.288,-0.233,-0.161,-0.088,-0.088,-0.088,-0.088,-0.265,-0.346,-0.427,-0.242,-0.057,-0.029,-0.001,0.073,0.148,0.184,0.22,-0.012,-0.244,-0.156,-0.068,-0.162,-0.255,-0.378,-0.501,-0.597,-0.692,-0.788,-0.924,-0.729,-0.533,-0.366,-0.2
Trial,2,2D Sim,False,Distance Weight,0.7,Random Seed,30,Min Iterations,1200,Lazy,False,Distance cost,0.5619467658589088,Manip Cost,16.921978712494624,Total cost,5.469956349849624,Node cost function,False,Percent Manip Threshold,20,Update Path,False,Increasing weight,False,Parent finding radius R,0.9,Step Size,0.3,Goal Area Sample Probability,0.05,Goal Area Delta,0.6
Manipulability,0.032,0.039,0.085,0.032,0.027,0.028,0.038,0.021,0.019,0.035,0.064,0.099,0.111,0.12,0.153,0.184,0.213,0.166,0.099,0.13,0.154,0.143,0.129,0.166,0.135,0.101
Distance to Last Node,0.0,0.308,0.308,0.39,0.274,0.347,0.347,0.365,0.379,0.383,0.383,0.364,0.296,0.261,0.385,0.342,0.342,0.299,0.404,0.287,0.287,0.383,0.383,0.3,0.346,0.346
Joint 0: ,-1.7,-1.446,-1.191,-0.918,-0.697,-0.497,-0.296,-0.088,0.136,0.384,0.632,0.899,1.15,1.353,1.555,1.722,1.89,1.792,1.632,1.599,1.565,1.761,1.956,2.027,1.864,1.7
Joint 1: ,-1.0,-0.988,-0.975,-0.905,-0.846,-0.824,-0.803,-0.639,-0.531,-0.396,-0.261,-0.413,-0.551,-0.664,-0.918,-1.157,-1.396,-1.362,-1.15,-1.103,-1.056,-1.149,-1.243,-1.319,-1.16,-1.0
Joint 2: ,0.2,0.171,0.143,0.199,0.13,-0.007,-0.143,0.049,0.268,0.35,0.432,0.488,0.527,0.603,0.633,0.494,0.355,0.399,0.403,0.435,0.467,0.375,0.284,0.455,0.477,0.5
Joint 3: ,-0.1,-0.196,-0.292,-0.108,-0.035,0.087,0.209,0.194,0.166,0.324,0.482,0.6,0.622,0.614,0.636,0.705,0.774,0.498,0.327,0.347,0.367,0.42,0.472,0.476,0.388,0.3
Joint 4: ,0.3,0.232,0.165,0.184,0.145,0.004,-0.136,-0.04,-0.024,0.051,0.125,0.069,0.024,-0.065,-0.219,-0.266,-0.313,-0.316,-0.096,-0.161,-0.226,-0.367,-0.508,-0.618,-0.409,-0.2
Joint 5: ,0.2,0.098,-0.004,-0.012,-0.078,-0.186,-0.294,-0.172,-0.025,0.113,0.251,0.382,0.413,0.404,0.362,0.291,0.22,0.192,0.093,0.271,0.449,0.258,0.067,0.261,0.231,0.2
Joint 6: ,0.1,0.031,-0.038,0.15,0.232,0.352,0.472,0.43,0.324,0.222,0.12,0.099,0.085,0.109,0.236,0.205,0.174,0.172,0.097,-0.108,-0.312,-0.134,0.045,0.041,-0.079,-0.2
Trial,3,2D Sim,False,Distance Weight,0.7,Random Seed,45,Min Iterations,1200,Lazy,False,Distance cost,1.4291220551292374,Manip Cost,9.895062061068515,Total cost,3.968904056911021,Node cost function,False,Percent Manip Threshold,20,Update Path,False,Increasing weight,False,Parent finding radius R,0.9,Step Size,0.3,Goal Area Sample Probability,0.05,Goal Area Delta,0.6
Manipulability,0.032,0.056,0.054,0.064,0.067,0.061,0.055,0.05,0.067,0.102,0.139,0.089,0.042,0.021,0.055,0.066,0.103,0.104,0.139,0.187,0.148,0.113,0.101,0.108,0.115,0.121,0.092,0.114,0.12,0.142,0.148,0.18,0.132,0.143,0.148,0.145,0.118,0.147,0.15,0.141,0.132,0.123,0.122,0.12,0.168,0.156,0.147,0.129,0.164,0.174,0.198,0.168,0.161,0.146,0.151,0.151,0.163,0.164,0.167,0.148,0.101
Distance to Last Node,0.0,0.285,0.412,0.287,0.441,0.411,0.414,0.295,0.272,0.36,0.36,0.323,0.323,0.426,0.426,0.369,0.369,0.3,0.283,0.283,0.367,0.367,0.3,0.296,0.296,0.296,0.417,0.347,0.445,0.445,0.415,0.3,0.354,0.355,0.355,0.338,0.338,0.421,0.401,0.401,0.391,0.391,0.307,0.307,0.415,0.375,0.403,0.403,0.437,0.437,0.476,0.266,0.318,0.318,0.349,0.349,0.358,0.43,0.282,0.435,0.293
Joint 0: ,-1.7,-1.533,-1.278,-1.068,-0.787,-0.492,-0.206,0.031,0.238,0.533,0.827,0.88,0.933,1.084,1.236,1.389,1.542,1.708,1.731,1.753,1.528,1.303,1.325,1.471,1.618,1.765,1.643,1.726,1.582,1.437,1.45,1.431,1.581,1.565,1.549,1.532,1.515,1.546,1.448,1.35,1.369,1.388,1.457,1.527,1.493,1.556,1.491,1.426,1.684,1.942,1.696,1.747,1.72,1.692,1.617,1.542,1.616,1.582,1.601,1.74,1.7
Joint 1: ,-1.0,-0.861,-0.739,-0.692,-0.569,-0.538,-0.478,-0.421,-0.48,-0.567,-0.653,-0.575,-0.496,-0.481,-0.465,-0.345,-0.224,-0.41,-0.176,0.058,-0.154,-0.367,-0.495,-0.51,-0.524,-0.538,-0.663,-0.571,-0.737,-0.904,-1.107,-1.241,-1.074,-0.971,-0.869,-1.053,-1.238,-1.03,-1.228,-1.426,-1.22,-1.014,-1.143,-1.273,-1.322,-1.064,-1.21,-1.356,-1.182,-1.007,-1.216,-1.01,-1.078,-1.145,-1.067,-0.99,-0.945,-1.128,-1.269,-1.124,-1.0
Joint 2: ,0.2,0.332,0.327,0.39,0.59,0.841,0.973,1.027,0.976,1.015,1.053,1.015,0.977,0.755,0.533,0.485,0.436,0.393,0.446,0.499,0.371,0.243,0.209,0.237,0.265,0.293,0.421,0.345,0.26,0.174,0.435,0.541,0.562,0.319,0.075,0.2,0.324,0.162,0.291,0.42,0.336,0.253,0.229,0.205,0.464,0.404,0.446,0.488,0.554,0.62,0.332,0.447,0.399,0.351,0.352,0.352,0.347,0.566,0.597,0.367,0.5
Joint 3: ,-0.1,-0.048,-0.149,-0.159,-0.239,-0.343,-0.431,-0.409,-0.439,-0.523,-0.608,-0.378,-0.149,0.093,0.336,0.529,0.723,0.768,0.791,0.814,0.722,0.63,0.692,0.745,0.799,0.852,0.617,0.809,0.593,0.378,0.353,0.432,0.437,0.394,0.35,0.332,0.314,0.36,0.425,0.489,0.318,0.147,0.24,0.334,0.365,0.386,0.443,0.5,0.559,0.619,0.676,0.606,0.53,0.453,0.44,0.426,0.53,0.324,0.381,0.341,0.3
Joint 4: ,0.3,0.347,0.14,-0.018,-0.192,-0.13,0.069,0.099,0.144,0.243,0.341,0.147,-0.047,0.076,0.199,0.039,-0.122,-0.128,-0.207,-0.286,-0.253,-0.22,-0.199,-0.232,-0.264,-0.296,-0.029,-0.27,-0.034,0.202,0.194,0.384,0.283,0.239,0.196,0.158,0.12,0.295,0.089,-0.118,0.045,0.207,0.191,0.174,0.287,0.101,-0.142,-0.384,-0.502,-0.62,-0.482,-0.499,-0.262,-0.025,-0.295,-0.566,-0.323,-0.097,0.056,-0.239,-0.2
Joint 5: ,0.2,0.307,0.382,0.465,0.564,0.518,0.373,0.228,0.138,0.054,-0.029,-0.059,-0.088,0.096,0.281,0.215,0.15,0.145,0.243,0.341,0.349,0.356,0.196,0.177,0.158,0.139,0.126,0.141,0.342,0.544,0.381,0.432,0.222,0.45,0.678,0.43,0.181,0.449,0.242,0.036,0.252,0.468,0.312,0.156,0.368,0.445,0.216,-0.014,0.247,0.508,0.406,0.446,0.346,0.245,0.361,0.476,0.549,0.486,0.359,0.378,0.2
Joint 6: ,0.1,0.107,-0.068,-0.083,0.036,0.063,0.046,-0.003,-0.122,-0.224,-0.326,-0.377,-0.428,-0.461,-0.495,-0.661,-0.828,-0.673,-0.746,-0.82,-0.934,-1.049,-1.254,-1.007,-0.761,-0.515,-0.522,-0.455,-0.451,-0.448,-0.259,-0.135,-0.275,-0.252,-0.229,-0.195,-0.161,-0.209,-0.134,-0.059,-0.045,-0.031,-0.229,-0.426,-0.218,-0.377,-0.234,-0.09,-0.154,-0.218,-0.139,-0.215,-0.07,0.075,-0.078,-0.232,-0.445,-0.372,-0.248,-0.329,-0.2
Trial,4,2D Sim,False,Distance Weight,0.7,Random Seed,60,Min Iterations,1200,Lazy,False,Distance cost,0.5647110734389449,Manip Cost,13.55713422464341,Total cost,4.462438018800285,Node cost function,False,Percent Manip Threshold,20,Update Path,False,Increasing weight,False,Parent finding radius R,0.9,Step Size,0.3,Goal Area Sample Probability,0.05,Goal Area Delta,0.6
Manipulability,0.032,0.077,0.168,0.139,0.13,0.078,0.038,0.019,0.026,0.042,0.04,0.04,0.049,0.069,0.11,0.163,0.201,0.215,0.179,0.136,0.136,0.136,0.132,0.136,0.117,0.101
Distance to Last Node,0.0,0.298,0.298,0.36,0.287,0.404,0.312,0.375,0.3,0.3,0.277,0.259,0.296,0.422,0.294,0.384,0.302,0.283,0.297,0.297,0.429,0.429,0.448,0.448,0.374,0.374
Joint 0: ,-1.7,-1.612,-1.524,-1.396,-1.254,-1.008,-0.779,-0.505,-0.238,0.028,0.27,0.495,0.755,0.979,1.084,1.224,1.299,1.337,1.373,1.408,1.511,1.614,1.56,1.506,1.603,1.7
Joint 1: ,-1.0,-0.995,-0.991,-0.85,-0.706,-0.502,-0.44,-0.407,-0.45,-0.494,-0.438,-0.456,-0.565,-0.789,-0.997,-1.211,-1.296,-1.298,-1.276,-1.254,-1.173,-1.092,-1.124,-1.155,-1.078,-1.0
Joint 2: ,0.2,0.242,0.285,0.482,0.57,0.686,0.764,0.814,0.829,0.844,0.819,0.794,0.778,0.701,0.769,0.859,1.015,1.228,1.083,0.939,0.816,0.694,0.519,0.345,0.422,0.5
Joint 3: ,-0.1,-0.312,-0.524,-0.4,-0.351,-0.28,-0.181,-0.167,-0.147,-0.126,-0.109,-0.07,0.011,0.118,0.184,0.349,0.491,0.58,0.342,0.103,0.329,0.555,0.259,-0.036,0.132,0.3
Joint 4: ,0.3,0.244,0.187,0.241,0.198,0.017,-0.088,-0.278,-0.345,-0.411,-0.457,-0.497,-0.488,-0.259,-0.147,0.06,0.226,0.386,0.302,0.218,0.023,-0.171,-0.048,0.076,-0.062,-0.2
Joint 5: ,0.2,0.071,-0.059,-0.129,-0.201,-0.127,-0.046,0.111,0.221,0.33,0.332,0.309,0.297,0.271,0.348,0.382,0.431,0.432,0.444,0.456,0.277,0.098,0.349,0.6,0.4,0.2
Joint 6: ,0.1,-0.019,-0.138,0.039,0.195,0.261,0.348,0.322,0.317,0.312,0.201,0.092,0.052,-0.029,-0.095,-0.15,-0.212,-0.21,-0.172,-0.133,-0.31,-0.487,-0.519,-0.551,-0.375,-0.2
Trial,5,2D Sim,False,Distance Weight,0.7,Random Seed,75,Min Iterations,1200,Lazy,False,Distance cost,0.6718543826153603,Manip Cost,9.831105462368871,Total cost,3.419629706541414,Node cost function,False,Percent Manip Threshold,20,Update Path,False,Increasing weight,False,Parent finding radius R,0.9,Step Size,0.3,Goal Area Sample Probability,0.05,Goal Area Delta,0.6
Manipulability,0.032,0.062,0.059,0.059,0.054,0.051,0.054,0.057,0.059,0.061,0.066,0.093,0.126,0.147,0.19,0.22,0.253,0.268,0.252,0.21,0.178,0.143,0.111,0.139,0.163,0.154,0.146,0.162,0.132,0.101
Distance to Last Node,0.0,0.357,0.446,0.35,0.271,0.261,0.246,0.251,0.248,0.248,0.248,0.416,0.403,0.269,0.412,0.34,0.357,0.357,0.446,0.446,0.34,0.34,0.447,0.404,0.404,0.386,0.386,0.407,0.343,0.343
Joint 0: ,-1.7,-1.793,-1.549,-1.328,-1.094,-0.848,-0.624,-0.391,-0.186,0.019,0.224,0.473,0.759,0.921,1.104,1.229,1.356,1.482,1.303,1.124,1.195,1.265,1.415,1.486,1.557,1.537,1.518,1.418,1.559,1.7
Joint 1: ,-1.0,-0.881,-0.653,-0.48,-0.411,-0.382,-0.376,-0.414,-0.419,-0.423,-0.427,-0.616,-0.807,-0.961,-1.11,-1.238,-1.406,-1.574,-1.467,-1.36,-1.146,-0.931,-0.774,-0.994,-1.213,-1.096,-0.978,-1.169,-1.085,-1.0
Joint 2: ,0.2,0.433,0.51,0.616,0.676,0.714,0.689,0.678,0.635,0.592,0.549,0.472,0.49,0.495,0.606,0.757,0.857,0.958,0.705,0.452,0.338,0.225,0.114,0.184,0.255,0.513,0.771,0.844,0.672,0.5
Joint 3: ,-0.1,-0.163,-0.236,-0.29,-0.269,-0.222,-0.145,-0.07,0.032,0.134,0.236,0.371,0.537,0.543,0.645,0.68,0.694,0.708,0.584,0.459,0.586,0.713,0.485,0.405,0.324,0.394,0.464,0.552,0.426,0.3
Joint 4: ,0.3,0.195,-0.052,-0.203,-0.282,-0.315,-0.344,-0.366,-0.418,-0.471,-0.523,-0.522,-0.476,-0.344,-0.073,0.136,0.285,0.434,0.33,0.226,0.123,0.019,-0.059,-0.266,-0.474,-0.511,-0.548,-0.596,-0.398,-0.2
Joint 5: ,0.2,0.387,0.467,0.551,0.533,0.511,0.529,0.511,0.482,0.453,0.424,0.419,0.355,0.346,0.449,0.526,0.71,0.895,0.705,0.514,0.361,0.209,0.32,0.377,0.434,0.406,0.378,0.235,0.217,0.2
Joint 6: ,0.1,0.119,0.208,0.211,0.157,0.118,0.067,0.034,-0.025,-0.084,-0.143,-0.37,-0.471,-0.54,-0.626,-0.727,-0.855,-0.982,-0.813,-0.643,-0.604,-0.564,-0.299,-0.07,0.158,-0.09,-0.338,-0.049,-0.124,-0.2
Trial,1,2D Sim,False,Distance Weight,0.9,Random Seed,15,Min Iterations,1200,Lazy,False,Distance cost,0.7223628723852498,Manip Cost,11.923849037158694,Total cost,1.842511488862594,Node cost function,False,Percent Manip Threshold,20,Update Path,False,Increasing weight,False,Parent finding radius R,0.9,Step Size,0.3,Goal Area Sample Probability,0.05,Goal Area Delta,0.6
Manipulability,0.032,0.046,0.06,0.048,0.041,0.029,0.033,0.054,0.084,0.044,0.042,0.06,0.068,0.093,0.11,0.125,0.162,0.199,0.172,0.142,0.118,0.128,0.144,0.16,0.132,0.17,0.203,0.22,0.234,0.225,0.217,0.206,0.157,0.101
Distance to Last Node,0.0,0.27,0.27,0.321,0.321,0.292,0.292,0.391,0.391,0.423,0.395,0.358,0.279,0.26,0.294,0.294,0.323,0.323,0.286,0.286,0.286,0.435,0.294,0.294,0.418,0.414,0.414,0.399,0.399,0.278,0.278,0.358,0.301,0.301
Joint 0: ,-1.7,-1.471,-1.243,-1.031,-0.82,-0.579,-0.339,-0.229,-0.119,0.078,0.258,0.473,0.721,0.93,1.194,1.455,1.671,1.887,1.717,1.548,1.378,1.272,1.488,1.704,1.507,1.729,1.95,1.941,1.932,1.687,1.442,1.738,1.719,1.7
Joint 1: ,-1.0,-1.003,-1.006,-0.815,-0.625,-0.626,-0.627,-0.731,-0.836,-0.629,-0.508,-0.574,-0.669,-0.772,-0.844,-0.952,-1.139,-1.327,-1.102,-0.877,-0.653,-0.89,-0.938,-0.987,-0.775,-0.958,-1.14,-1.24,-1.34,-1.293,-1.246,-1.252,-1.126,-1.0
Joint 2: ,0.2,0.204,0.208,0.285,0.362,0.309,0.256,0.241,0.225,0.226,0.398,0.496,0.544,0.519,0.468,0.432,0.34,0.249,0.224,0.2,0.175,0.41,0.356,0.301,0.278,0.181,0.084,0.14,0.195,0.233,0.27,0.227,0.364,0.5
Joint 3: ,-0.1,-0.191,-0.282,-0.288,-0.294,-0.185,-0.076,0.156,0.389,0.153,0.229,0.354,0.364,0.443,0.438,0.41,0.474,0.538,0.551,0.564,0.576,0.389,0.533,0.677,0.557,0.699,0.841,0.713,0.585,0.611,0.637,0.49,0.395,0.3
Joint 4: ,0.3,0.24,0.18,0.177,0.173,0.28,0.386,0.487,0.588,0.41,0.141,-0.081,-0.129,-0.167,-0.137,-0.143,-0.197,-0.251,-0.21,-0.169,-0.128,-0.115,-0.037,0.04,-0.132,0.051,0.234,-0.012,-0.258,-0.311,-0.364,-0.321,-0.26,-0.2
Joint 5: ,0.2,0.287,0.374,0.304,0.235,0.246,0.257,0.195,0.133,0.176,0.178,0.17,0.137,0.182,0.258,0.296,0.342,0.388,0.396,0.404,0.412,0.403,0.368,0.333,0.442,0.464,0.486,0.58,0.675,0.635,0.596,0.576,0.388,0.2
Joint 6: ,0.1,0.064,0.028,0.133,0.237,0.2,0.164,-0.084,-0.331,-0.237,-0.202,-0.15,-0.19,-0.241,-0.288,-0.233,-0.161,-0.088,-0.088,-0.088,-0.088,-0.265,-0.346,-0.427,-0.242,-0.4,-0.558,-0.313,-0.068,-0.162,-0.255,-0.378,-0.289,-0.2
Trial,2,2D Sim,False,Distance Weight,0.9,Random Seed,30,Min Iterations,1200,Lazy,False,Distance cost,0.5619467658589088,Manip Cost,16.921978712494624,Total cost,2.19794996052248,Node cost function,False,Percent Manip Threshold,20,Update Path,False,Increasing weight,False,Parent finding radius R,0.9,Step Size,0.3,Goal Area Sample Probability,0.05,Goal Area Delta,0.6
Manipulability,0.032,0.039,0.085,0.032,0.027,0.028,0.038,0.021,0.019,0.035,0.064,0.099,0.111,0.12,0.153,0.184,0.213,0.166,0.099,0.13,0.154,0.143,0.129,0.166,0.135,0.101
Distance to Last Node,0.0,0.308,0.308,0.39,0.274,0.347,0.347,0.365,0.379,0.383,0.383,0.364,0.296,0.261,0.385,0.342,0.342,0.299,0.404,0.287,0.287,0.383,0.383,0.3,0.346,0.346
Joint 0: ,-1.7,-1.446,-1.191,-0.918,-0.697,-0.497,-0.296,-0.088,0.136,0.384,0.632,0.899,1.15,1.353,1.555,1.722,1.89,1.792,1.632,1.599,1.565,1.761,1.956,2.027,1.864,1.7
Joint 1: ,-1.0,-0.988,-0.975,-0.905,-0.846,-0.824,-0.803,-0.639,-0.531,-0.396,-0.261,-0.413,-0.551,-0.664,-0.918,-1.157,-1.396,-1.362,-1.15,-1.103,-1.056,-1.149,-1.243,-1.319,-1.16,-1.0
Joint 2: ,0.2,0.171,0.143,0.199,0.13,-0.007,-0.143,0.049,0.268,0.35,0.432,0.488,0.527,0.603,0.633,0.494,0.355,0.399,0.403,0.435,0.467,0.375,0.284,0.455,0.477,0.5
Joint 3: ,-0.1,-0.196,-0.292,-0.108,-0.035,0.087,0.209,0.194,0.166,0.324,0.482,0.6,0.622,0.614,0.636,0.705,0.774,0.498,0.327,0.347,0.367,0.42,0.472,0.476,0.388,0.3
Joint 4: ,0.3,0.232,0.165,0.184,0.145,0.004,-0.136,-0.04,-0.024,0.051,0.125,0.069,0.024,-0.065,-0.219,-0.266,-0.313,-0.316,-0.096,-0.161,-0.226,-0.367,-0.508,-0.618,-0.409,-0.2
Joint 5: ,0.2,0.098,-0.004,-0.012,-0.078,-0.186,-0.294,-0.172,-0.025,0.113,0.251,0.382,0.413,0.404,0.362,0.291,0.22,0.192,0.093,0.271,0.449,0.258,0.067,0.261,0.231,0.2
Joint 6: ,0.1,0.031,-0.038,0.15,0.232,0.352,0.472,0.43,0.324,0.222,0.12,0.099,0.085,0.109,0.236,0.205,0.174,0.172,0.097,-0.108,-0.312,-0.134,0.045,0.041,-0.079,-0.2
Trial,3,2D Sim,False,Distance Weight,0.9,Random Seed,45,Min Iterations,1200,Lazy,False,Distance cost,0.7321724375518919,Manip Cost,12.125045962355681,Total cost,1.8714597900322705,Node cost function,False,Percent Manip Threshold,20,Update Path,False,Increasing weight,False,Parent finding radius R,0.9,Step Size,0.3,Goal Area Sample Probability,0.05,Goal Area Delta,0.6
Manipulability,0.032,0.056,0.054,0.064,0.067,0.061,0.055,0.05,0.067,0.102,0.139,0.089,0.042,0.021,0.055,0.072,0.104,0.139,0.187,0.148,0.113,0.117,0.116,0.142,0.163,0.194,0.214,0.203,0.181,0.183,0.115
Distance to Last Node,0.0,0.285,0.412,0.287,0.441,0.411,0.414,0.295,0.272,0.36,0.36,0.323,0.323,0.426,0.426,0.384,0.384,0.283,0.283,0.367,0.367,0.398,0.437,0.437,0.314,0.375,0.375,0.447,0.447,0.275,0.476
Joint 0: ,-1.7,-1.533,-1.278,-1.068,-0.787,-0.492,-0.206,0.031,0.238,0.533,0.827,0.88,0.933,1.084,1.236,1.472,1.708,1.731,1.753,1.528,1.303,1.534,1.486,1.437,1.434,1.475,1.516,1.607,1.697,1.681,1.697
Joint 1: ,-1.0,-0.861,-0.739,-0.692,-0.569,-0.538,-0.478,-0.421,-0.48,-0.567,-0.653,-0.575,-0.496,-0.481,-0.465,-0.438,-0.41,-0.176,0.058,-0.154,-0.367,-0.452,-0.678,-0.904,-1.073,-1.285,-1.497,-1.331,-1.165,-1.293,-1.028
Joint 2: ,0.2,0.332,0.327,0.39,0.59,0.841,0.973,1.027,0.976,1.015,1.053,1.015,0.977,0.755,0.533,0.463,0.393,0.446,0.499,0.371,0.243,0.268,0.221,0.174,0.357,0.634,0.91,0.639,0.369,0.531,0.504
Joint 3: ,-0.1,-0.048,-0.149,-0.159,-0.239,-0.343,-0.431,-0.409,-0.439,-0.523,-0.608,-0.378,-0.149,0.093,0.336,0.552,0.768,0.791,0.814,0.722,0.63,0.741,0.56,0.378,0.405,0.343,0.28,0.416,0.551,0.506,0.345
Joint 4: ,0.3,0.347,0.14,-0.018,-0.192,-0.13,0.069,0.099,0.144,0.243,0.341,0.147,-0.047,0.076,0.199,0.036,-0.128,-0.207,-0.286,-0.253,-0.22,-0.258,-0.028,0.202,0.293,0.296,0.3,0.092,-0.115,0.017,-0.234
Joint 5: ,0.2,0.307,0.382,0.465,0.564,0.518,0.373,0.228,0.138,0.054,-0.029,-0.059,-0.088,0.096,0.281,0.213,0.145,0.243,0.341,0.349,0.356,0.248,0.396,0.544,0.488,0.561,0.635,0.515,0.395,0.326,0.223
Joint 6: ,0.1,0.107,-0.068,-0.083,0.036,0.063,0.046,-0.003,-0.122,-0.224,-0.326,-0.377,-0.428,-0.461,-0.495,-0.584,-0.673,-0.746,-0.82,-0.934,-1.049,-0.782,-0.615,-0.448,-0.291,-0.2,-0.109,0.013,0.136,0.043,-0.193
Trial,4,2D Sim,False,Distance Weight,0.9,Random Seed,60,Min Iterations,1200,Lazy,False,Distance cost,0.5647110734389449,Manip Cost,13.55713422464341,Total cost,1.8639533885593909,Node cost function,False,Percent Manip Threshold,20,Update Path,False,Increasing weight,False,Parent finding radius R,0.9,Step Size,0.3,Goal Area Sample Probability,0.05,Goal Area Delta,0.6
Manipulability,0.032,0.077,0.168,0.139,0.13,0.078,0.038,0.019,0.026,0.042,0.04,0.04,0.049,0.069,0.11,0.163,0.201,0.215,0.179,0.136,0.136,0.136,0.132,0.136,0.117,0.101
Distance to Last Node,0.0,0.298,0.298,0.36,0.287,0.404,0.312,0.375,0.3,0.3,0.277,0.259,0.296,0.422,0.294,0.384,0.302,0.283,0.297,0.297,0.429,0.429,0.448,0.448,0.374,0.374
Joint 0: ,-1.7,-1.612,-1.524,-1.396,-1.254,-1.008,-0.779,-0.505,-0.238,0.028,0.27,0.495,0.755,0.979,1.084,1.224,1.299,1.337,1.373,1.408,1.511,1.614,1.56,1.506,1.603,1.7
Joint 1: ,-1.0,-0.995,-0.991,-0.85,-0.706,-0.502,-0.44,-0.407,-0.45,-0.494,-0.438,-0.456,-0.565,-0.789,-0.997,-1.211,-1.296,-1.298,-1.276,-1.254,-1.173,-1.092,-1.124,-1.155,-1.078,-1.0
Joint 2: ,0.2,0.242,0.285,0.482,0.57,0.686,0.764,0.814,0.829,0.844,0.819,0.794,0.778,0.701,0.769,0.859,1.015,1.228,1.083,0.939,0.816,0.694,0.519,0.345,0.422,0.5
Joint 3: ,-0.1,-0.312,-0.524,-0.4,-0.351,-0.28,-0.181,-0.167,-0.147,-0.126,-0.109,-0.07,0.011,0.118,0.184,0.349,0.491,0.58,0.342,0.103,0.329,0.555,0.259,-0.036,0.132,0.3
Joint 4: ,0.3,0.244,0.187,0.241,0.198,0.017,-0.088,-0.278,-0.345,-0.411,-0.457,-0.497,-0.488,-0.259,-0.147,0.06,0.226,0.386,0.302,0.218,0.023,-0.171,-0.048,0.076,-0.062,-0.2
Joint 5: ,0.2,0.071,-0.059,-0.129,-0.201,-0.127,-0.046,0.111,0.221,0.33,0.332,0.309,0.297,0.271,0.348,0.382,0.431,0.432,0.444,0.456,0.277,0.098,0.349,0.6,0.4,0.2
Joint 6: ,0.1,-0.019,-0.138,0.039,0.195,0.261,0.348,0.322,0.317,0.312,0.201,0.092,0.052,-0.029,-0.095,-0.15,-0.212,-0.21,-0.172,-0.133,-0.31,-0.487,-0.519,-0.551,-0.375,-0.2
Trial,5,2D Sim,False,Distance Weight,0.9,Random Seed,75,Min Iterations,1200,Lazy,False,Distance cost,0.497605957410557,Manip Cost,10.815395192780244,Total cost,1.5293848809475254,Node cost function,False,Percent Manip Threshold,20,Update Path,False,Increasing weight,False,Parent finding radius R,0.9,Step Size,0.3,Goal Area Sample Probability,0.05,Goal Area Delta,0.6
Manipulability,0.032,0.062,0.059,0.059,0.054,0.051,0.054,0.057,0.059,0.061,0.066,0.093,0.126,0.147,0.19,0.22,0.253,0.268,0.252,0.21,0.178,0.142,0.101
Distance to Last Node,0.0,0.357,0.446,0.35,0.271,0.261,0.246,0.251,0.248,0.248,0.248,0.416,0.403,0.269,0.412,0.34,0.357,0.357,0.446,0.446,0.34,0.412,0.412
Joint 0: ,-1.7,-1.793,-1.549,-1.328,-1.094,-0.848,-0.624,-0.391,-0.186,0.019,0.224,0.473,0.759,0.921,1.104,1.229,1.356,1.482,1.303,1.124,1.195,1.447,1.7
Joint 1: ,-1.0,-0.881,-0.653,-0.48,-0.411,-0.382,-0.376,-0.414,-0.419,-0.423,-0.427,-0.616,-0.807,-0.961,-1.11,-1.238,-1.406,-1.574,-1.467,-1.36,-1.146,-1.073,-1.0
Joint 2: ,0.2,0.433,0.51,0.616,0.676,0.714,0.689,0.678,0.635,0.592,0.549,0.472,0.49,0.495,0.606,0.757,0.857,0.958,0.705,0.452,0.338,0.419,0.5
Joint 3: ,-0.1,-0.163,-0.236,-0.29,-0.269,-0.222,-0.145,-0.07,0.032,0.134,0.236,0.371,0.537,0.543,0.645,0.68,0.694,0.708,0.584,0.459,0.586,0.443,0.3
Joint 4: ,0.3,0.195,-0.052,-0.203,-0.282,-0.315,-0.344,-0.366,-0.418,-0.471,-0.523,-0.522,-0.476,-0.344,-0.073,0.136,0.285,0.434,0.33,0.226,0.123,-0.039,-0.2
Joint 5: ,0.2,0.387,0.467,0.551,0.533,0.511,0.529,0.511,0.482,0.453,0.424,0.419,0.355,0.346,0.449,0.526,0.71,0.895,0.705,0.514,0.361,0.281,0.2
Joint 6: ,0.1,0.119,0.208,0.211,0.157,0.118,0.067,0.034,-0.025,-0.084,-0.143,-0.37,-0.471,-0.54,-0.626,-0.727,-0.855,-0.982,-0.813,-0.643,-0.604,-0.402,-0.2
Trial,5,2D Sim,False,Distance Weight,0.85,Random Seed,75,Min Iterations,1200,Lazy,False,Distance cost,0.5531759561794339,Manip Cost,10.412691593112278,Total cost,2.032103301719361,Node cost function,False,Percent Manip Threshold,20,Update Path,False,Increasing weight,False,Parent finding radius R,0.9,Step Size,0.3,Goal Area Sample Probability,0.05,Goal Area Delta,0.6
Manipulability,0.032,0.062,0.059,0.059,0.054,0.051,0.054,0.057,0.059,0.061,0.066,0.093,0.126,0.147,0.19,0.22,0.253,0.268,0.252,0.21,0.178,0.143,0.157,0.164,0.133,0.101
Distance to Last Node,0.0,0.357,0.446,0.35,0.271,0.261,0.246,0.251,0.248,0.248,0.248,0.416,0.403,0.269,0.412,0.34,0.357,0.357,0.446,0.446,0.34,0.34,0.233,0.233,0.429,0.429
Joint 0: ,-1.7,-1.793,-1.549,-1.328,-1.094,-0.848,-0.624,-0.391,-0.186,0.019,0.224,0.473,0.759,0.921,1.104,1.229,1.356,1.482,1.303,1.124,1.195,1.265,1.249,1.232,1.466,1.7
Joint 1: ,-1.0,-0.881,-0.653,-0.48,-0.411,-0.382,-0.376,-0.414,-0.419,-0.423,-0.427,-0.616,-0.807,-0.961,-1.11,-1.238,-1.406,-1.574,-1.467,-1.36,-1.146,-0.931,-1.097,-1.262,-1.131,-1.0
Joint 2: ,0.2,0.433,0.51,0.616,0.676,0.714,0.689,0.678,0.635,0.592,0.549,0.472,0.49,0.495,0.606,0.757,0.857,0.958,0.705,0.452,0.338,0.225,0.342,0.46,0.48,0.5
Joint 3: ,-0.1,-0.163,-0.236,-0.29,-0.269,-0.222,-0.145,-0.07,0.032,0.134,0.236,0.371,0.537,0.543,0.645,0.68,0.694,0.708,0.584,0.459,0.586,0.713,0.66,0.607,0.453,0.3
Joint 4: ,0.3,0.195,-0.052,-0.203,-0.282,-0.315,-0.344,-0.366,-0.418,-0.471,-0.523,-0.522,-0.476,-0.344,-0.073,0.136,0.285,0.434,0.33,0.226,0.123,0.019,0.102,0.184,-0.008,-0.2
Joint 5: ,0.2,0.387,0.467,0.551,0.533,0.511,0.529,0.511,0.482,0.453,0.424,0.419,0.355,0.346,0.449,0.526,0.71,0.895,0.705,0.514,0.361,0.209,0.169,0.129,0.164,0.2
Joint 6: ,0.1,0.119,0.208,0.211,0.157,0.118,0.067,0.034,-0.025,-0.084,-0.143,-0.37,-0.471,-0.54,-0.626,-0.727,-0.855,-0.982,-0.813,-0.643,-0.604,-0.564,-0.606,-0.647,-0.423,-0.2
Trial,1,2D Sim,False,Distance Weight,0.85,Random Seed,15,Min Iterations,1200,Lazy,False,Distance cost,0.9060425658649227,Manip Cost,11.086366918758614,Total cost,2.4330912187989764,Node cost function,False,Percent Manip Threshold,20,Update Path,False,Increasing weight,False,Parent finding radius R,0.9,Step Size,0.3,Goal Area Sample Probability,0.05,Goal Area Delta,0.6
Manipulability,0.032,0.046,0.06,0.048,0.041,0.029,0.033,0.054,0.084,0.044,0.042,0.06,0.068,0.093,0.11,0.125,0.162,0.199,0.172,0.142,0.118,0.128,0.144,0.16,0.132,0.109,0.11,0.115,0.136,0.158,0.166,0.174,0.17,0.164,0.21,0.234,0.225,0.217,0.206,0.19,0.146,0.101
Distance to Last Node,0.0,0.27,0.27,0.321,0.321,0.292,0.292,0.391,0.391,0.423,0.395,0.358,0.279,0.26,0.294,0.294,0.323,0.323,0.286,0.286,0.286,0.435,0.294,0.294,0.418,0.418,0.445,0.445,0.355,0.355,0.231,0.231,0.377,0.377,0.354,0.354,0.278,0.278,0.358,0.358,0.354,0.354
Joint 0: ,-1.7,-1.471,-1.243,-1.031,-0.82,-0.579,-0.339,-0.229,-0.119,0.078,0.258,0.473,0.721,0.93,1.194,1.455,1.671,1.887,1.717,1.548,1.378,1.272,1.488,1.704,1.507,1.311,1.457,1.603,1.454,1.305,1.316,1.327,1.566,1.805,1.868,1.932,1.687,1.442,1.738,2.033,1.867,1.7
Joint 1: ,-1.0,-1.003,-1.006,-0.815,-0.625,-0.626,-0.627,-0.731,-0.836,-0.629,-0.508,-0.574,-0.669,-0.772,-0.844,-0.952,-1.139,-1.327,-1.102,-0.877,-0.653,-0.89,-0.938,-0.987,-0.775,-0.563,-0.775,-0.987,-1.154,-1.321,-1.33,-1.338,-1.365,-1.392,-1.366,-1.34,-1.293,-1.246,-1.252,-1.257,-1.128,-1.0
Joint 2: ,0.2,0.204,0.208,0.285,0.362,0.309,0.256,0.241,0.225,0.226,0.398,0.496,0.544,0.519,0.468,0.432,0.34,0.249,0.224,0.2,0.175,0.41,0.356,0.301,0.278,0.255,0.393,0.53,0.525,0.52,0.559,0.597,0.632,0.666,0.431,0.195,0.233,0.27,0.227,0.185,0.342,0.5
Joint 3: ,-0.1,-0.191,-0.282,-0.288,-0.294,-0.185,-0.076,0.156,0.389,0.153,0.229,0.354,0.364,0.443,0.438,0.41,0.474,0.538,0.551,0.564,0.576,0.389,0.533,0.677,0.557,0.436,0.517,0.597,0.519,0.442,0.35,0.258,0.202,0.145,0.365,0.585,0.611,0.637,0.49,0.343,0.321,0.3
Joint 4: ,0.3,0.24,0.18,0.177,0.173,0.28,0.386,0.487,0.588,0.41,0.141,-0.081,-0.129,-0.167,-0.137,-0.143,-0.197,-0.251,-0.21,-0.169,-0.128,-0.115,-0.037,0.04,-0.132,-0.305,-0.463,-0.621,-0.397,-0.174,-0.327,-0.481,-0.32,-0.159,-0.209,-0.258,-0.311,-0.364,-0.321,-0.278,-0.239,-0.2
Joint 5: ,0.2,0.287,0.374,0.304,0.235,0.246,0.257,0.195,0.133,0.176,0.178,0.17,0.137,0.182,0.258,0.296,0.342,0.388,0.396,0.404,0.412,0.403,0.368,0.333,0.442,0.551,0.267,-0.018,0.101,0.22,0.355,0.491,0.5,0.51,0.593,0.675,0.635,0.596,0.576,0.557,0.378,0.2
Joint 6: ,0.1,0.064,0.028,0.133,0.237,0.2,0.164,-0.084,-0.331,-0.237,-0.202,-0.15,-0.19,-0.241,-0.288,-0.233,-0.161,-0.088,-0.088,-0.088,-0.088,-0.265,-0.346,-0.427,-0.242,-0.057,-0.029,-0.001,0.073,0.148,0.184,0.22,-0.012,-0.244,-0.156,-0.068,-0.162,-0.255,-0.378,-0.501,-0.351,-0.2
Trial,2,2D Sim,False,Distance Weight,0.85,Random Seed,30,Min Iterations,1200,Lazy,False,Distance cost,0.5619467658589088,Manip Cost,16.921978712494624,Total cost,3.0159515578542666,Node cost function,False,Percent Manip Threshold,20,Update Path,False,Increasing weight,False,Parent finding radius R,0.9,Step Size,0.3,Goal Area Sample Probability,0.05,Goal Area Delta,0.6
Manipulability,0.032,0.039,0.085,0.032,0.027,0.028,0.038,0.021,0.019,0.035,0.064,0.099,0.111,0.12,0.153,0.184,0.213,0.166,0.099,0.13,0.154,0.143,0.129,0.166,0.135,0.101
Distance to Last Node,0.0,0.308,0.308,0.39,0.274,0.347,0.347,0.365,0.379,0.383,0.383,0.364,0.296,0.261,0.385,0.342,0.342,0.299,0.404,0.287,0.287,0.383,0.383,0.3,0.346,0.346
Joint 0: ,-1.7,-1.446,-1.191,-0.918,-0.697,-0.497,-0.296,-0.088,0.136,0.384,0.632,0.899,1.15,1.353,1.555,1.722,1.89,1.792,1.632,1.599,1.565,1.761,1.956,2.027,1.864,1.7
Joint 1: ,-1.0,-0.988,-0.975,-0.905,-0.846,-0.824,-0.803,-0.639,-0.531,-0.396,-0.261,-0.413,-0.551,-0.664,-0.918,-1.157,-1.396,-1.362,-1.15,-1.103,-1.056,-1.149,-1.243,-1.319,-1.16,-1.0
Joint 2: ,0.2,0.171,0.143,0.199,0.13,-0.007,-0.143,0.049,0.268,0.35,0.432,0.488,0.527,0.603,0.633,0.494,0.355,0.399,0.403,0.435,0.467,0.375,0.284,0.455,0.477,0.5
Joint 3: ,-0.1,-0.196,-0.292,-0.108,-0.035,0.087,0.209,0.194,0.166,0.324,0.482,0.6,0.622,0.614,0.636,0.705,0.774,0.498,0.327,0.347,0.367,0.42,0.472,0.476,0.388,0.3
Joint 4: ,0.3,0.232,0.165,0.184,0.145,0.004,-0.136,-0.04,-0.024,0.051,0.125,0.069,0.024,-0.065,-0.219,-0.266,-0.313,-0.316,-0.096,-0.161,-0.226,-0.367,-0.508,-0.618,-0.409,-0.2
Joint 5: ,0.2,0.098,-0.004,-0.012,-0.078,-0.186,-0.294,-0.172,-0.025,0.113,0.251,0.382,0.413,0.404,0.362,0.291,0.22,0.192,0.093,0.271,0.449,0.258,0.067,0.261,0.231,0.2
Joint 6: ,0.1,0.031,-0.038,0.15,0.232,0.352,0.472,0.43,0.324,0.222,0.12,0.099,0.085,0.109,0.236,0.205,0.174,0.172,0.097,-0.108,-0.312,-0.134,0.045,0.041,-0.079,-0.2
Trial,3,2D Sim,False,Distance Weight,0.85,Random Seed,45,Min Iterations,1200,Lazy,False,Distance cost,0.9720100544682867,Manip Cost,11.112980764671551,Total cost,2.4931556609987764,Node cost function,False,Percent Manip Threshold,20,Update Path,False,Increasing weight,False,Parent finding radius R,0.9,Step Size,0.3,Goal Area Sample Probability,0.05,Goal Area Delta,0.6
Manipulability,0.032,0.056,0.054,0.064,0.067,0.061,0.055,0.05,0.067,0.102,0.139,0.089,0.042,0.021,0.055,0.066,0.103,0.104,0.139,0.187,0.148,0.113,0.101,0.108,0.115,0.121,0.092,0.114,0.12,0.142,0.163,0.18,0.167,0.148,0.145,0.149,0.172,0.193,0.199,0.2,0.2,0.182,0.18,0.107
Distance to Last Node,0.0,0.285,0.412,0.287,0.441,0.411,0.414,0.295,0.272,0.36,0.36,0.323,0.323,0.426,0.426,0.369,0.369,0.3,0.283,0.283,0.367,0.367,0.3,0.296,0.296,0.296,0.417,0.347,0.445,0.445,0.314,0.314,0.347,0.347,0.338,0.267,0.267,0.267,0.297,0.297,0.297,0.446,0.286,0.417
Joint 0: ,-1.7,-1.533,-1.278,-1.068,-0.787,-0.492,-0.206,0.031,0.238,0.533,0.827,0.88,0.933,1.084,1.236,1.389,1.542,1.708,1.731,1.753,1.528,1.303,1.325,1.471,1.618,1.765,1.643,1.726,1.582,1.437,1.434,1.431,1.49,1.549,1.532,1.554,1.523,1.491,1.566,1.64,1.715,1.698,1.696,1.677
Joint 1: ,-1.0,-0.861,-0.739,-0.692,-0.569,-0.538,-0.478,-0.421,-0.48,-0.567,-0.653,-0.575,-0.496,-0.481,-0.465,-0.345,-0.224,-0.41,-0.176,0.058,-0.154,-0.367,-0.495,-0.51,-0.524,-0.538,-0.663,-0.571,-0.737,-0.904,-1.073,-1.241,-1.055,-0.869,-1.053,-0.938,-1.082,-1.227,-1.208,-1.189,-1.171,-1.163,-1.076,-1.02
Joint 2: ,0.2,0.332,0.327,0.39,0.59,0.841,0.973,1.027,0.976,1.015,1.053,1.015,0.977,0.755,0.533,0.485,0.436,0.393,0.446,0.499,0.371,0.243,0.209,0.237,0.265,0.293,0.421,0.345,0.26,0.174,0.357,0.541,0.308,0.075,0.2,0.099,0.307,0.516,0.447,0.379,0.311,0.371,0.361,0.496
Joint 3: ,-0.1,-0.048,-0.149,-0.159,-0.239,-0.343,-0.431,-0.409,-0.439,-0.523,-0.608,-0.378,-0.149,0.093,0.336,0.529,0.723,0.768,0.791,0.814,0.722,0.63,0.692,0.745,0.799,0.852,0.617,0.809,0.593,0.378,0.405,0.432,0.391,0.35,0.332,0.369,0.378,0.387,0.481,0.574,0.668,0.552,0.579,0.316
Joint 4: ,0.3,0.347,0.14,-0.018,-0.192,-0.13,0.069,0.099,0.144,0.243,0.341,0.147,-0.047,0.076,0.199,0.039,-0.122,-0.128,-0.207,-0.286,-0.253,-0.22,-0.199,-0.232,-0.264,-0.296,-0.029,-0.27,-0.034,0.202,0.293,0.384,0.29,0.196,0.158,0.314,0.343,0.372,0.112,-0.147,-0.407,-0.112,-0.101,-0.191
Joint 5: ,0.2,0.307,0.382,0.465,0.564,0.518,0.373,0.228,0.138,0.054,-0.029,-0.059,-0.088,0.096,0.281,0.215,0.15,0.145,0.243,0.341,0.349,0.356,0.196,0.177,0.158,0.139,0.126,0.141,0.342,0.544,0.488,0.432,0.555,0.678,0.43,0.573,0.575,0.577,0.55,0.522,0.495,0.401,0.475,0.207
Joint 6: ,0.1,0.107,-0.068,-0.083,0.036,0.063,0.046,-0.003,-0.122,-0.224,-0.326,-0.377,-0.428,-0.461,-0.495,-0.661,-0.828,-0.673,-0.746,-0.82,-0.934,-1.049,-1.254,-1.007,-0.761,-0.515,-0.522,-0.455,-0.451,-0.448,-0.291,-0.135,-0.182,-0.229,-0.195,-0.226,-0.154,-0.082,-0.111,-0.14,-0.169,0.123,-0.137,-0.2
Trial,4,2D Sim,False,Distance Weight,0.85,Random Seed,60,Min Iterations,1200,Lazy,False,Distance cost,0.5647110734389449,Manip Cost,13.55713422464341,Total cost,2.513574546119615,Node cost function,False,Percent Manip Threshold,20,Update Path,False,Increasing weight,False,Parent finding radius R,0.9,Step Size,0.3,Goal Area Sample Probability,0.05,Goal Area Delta,0.6
Manipulability,0.032,0.077,0.168,0.139,0.13,0.078,0.038,0.019,0.026,0.042,0.04,0.04,0.049,0.069,0.11,0.163,0.201,0.215,0.179,0.136,0.136,0.136,0.132,0.136,0.117,0.101
Distance to Last Node,0.0,0.298,0.298,0.36,0.287,0.404,0.312,0.375,0.3,0.3,0.277,0.259,0.296,0.422,0.294,0.384,0.302,0.283,0.297,0.297,0.429,0.429,0.448,0.448,0.374,0.374
Joint 0: ,-1.7,-1.612,-1.524,-1.396,-1.254,-1.008,-0.779,-0.505,-0.238,0.028,0.27,0.495,0.755,0.979,1.084,1.224,1.299,1.337,1.373,1.408,1.511,1.614,1.56,1.506,1.603,1.7
Joint 1: ,-1.0,-0.995,-0.991,-0.85,-0.706,-0.502,-0.44,-0.407,-0.45,-0.494,-0.438,-0.456,-0.565,-0.789,-0.997,-1.211,-1.296,-1.298,-1.276,-1.254,-1.173,-1.092,-1.124,-1.155,-1.078,-1.0
Joint 2: ,0.2,0.242,0.285,0.482,0.57,0.686,0.764,0.814,0.829,0.844,0.819,0.794,0.778,0.701,0.769,0.859,1.015,1.228,1.083,0.939,0.816,0.694,0.519,0.345,0.422,0.5
Joint 3: ,-0.1,-0.312,-0.524,-0.4,-0.351,-0.28,-0.181,-0.167,-0.147,-0.126,-0.109,-0.07,0.011,0.118,0.184,0.349,0.491,0.58,0.342,0.103,0.329,0.555,0.259,-0.036,0.132,0.3
Joint 4: ,0.3,0.244,0.187,0.241,0.198,0.017,-0.088,-0.278,-0.345,-0.411,-0.457,-0.497,-0.488,-0.259,-0.147,0.06,0.226,0.386,0.302,0.218,0.023,-0.171,-0.048,0.076,-0.062,-0.2
Joint 5: ,0.2,0.071,-0.059,-0.129,-0.201,-0.127,-0.046,0.111,0.221,0.33,0.332,0.309,0.297,0.271,0.348,0.382,0.431,0.432,0.444,0.456,0.277,0.098,0.349,0.6,0.4,0.2
Joint 6: ,0.1,-0.019,-0.138,0.039,0.195,0.261,0.348,0.322,0.317,0.312,0.201,0.092,0.052,-0.029,-0.095,-0.15,-0.212,-0.21,-0.172,-0.133,-0.31,-0.487,-0.519,-0.551,-0.375,-0.2
Trial,5,2D Sim,False,Distance Weight,0.85,Random Seed,75,Min Iterations,1200,Lazy,False,Distance cost,0.5531759561794339,Manip Cost,10.412691593112278,Total cost,2.032103301719361,Node cost function,False,Percent Manip Threshold,20,Update Path,False,Increasing weight,False,Parent finding radius R,0.9,Step Size,0.3,Goal Area Sample Probability,0.05,Goal Area Delta,0.6
Manipulability,0.032,0.062,0.059,0.059,0.054,0.051,0.054,0.057,0.059,0.061,0.066,0.093,0.126,0.147,0.19,0.22,0.253,0.268,0.252,0.21,0.178,0.143,0.157,0.164,0.133,0.101
Distance to Last Node,0.0,0.357,0.446,0.35,0.271,0.261,0.246,0.251,0.248,0.248,0.248,0.416,0.403,0.269,0.412,0.34,0.357,0.357,0.446,0.446,0.34,0.34,0.233,0.233,0.429,0.429
Joint 0: ,-1.7,-1.793,-1.549,-1.328,-1.094,-0.848,-0.624,-0.391,-0.186,0.019,0.224,0.473,0.759,0.921,1.104,1.229,1.356,1.482,1.303,1.124,1.195,1.265,1.249,1.232,1.466,1.7
Joint 1: ,-1.0,-0.881,-0.653,-0.48,-0.411,-0.382,-0.376,-0.414,-0.419,-0.423,-0.427,-0.616,-0.807,-0.961,-1.11,-1.238,-1.406,-1.574,-1.467,-1.36,-1.146,-0.931,-1.097,-1.262,-1.131,-1.0
Joint 2: ,0.2,0.433,0.51,0.616,0.676,0.714,0.689,0.678,0.635,0.592,0.549,0.472,0.49,0.495,0.606,0.757,0.857,0.958,0.705,0.452,0.338,0.225,0.342,0.46,0.48,0.5
Joint 3: ,-0.1,-0.163,-0.236,-0.29,-0.269,-0.222,-0.145,-0.07,0.032,0.134,0.236,0.371,0.537,0.543,0.645,0.68,0.694,0.708,0.584,0.459,0.586,0.713,0.66,0.607,0.453,0.3
Joint 4: ,0.3,0.195,-0.052,-0.203,-0.282,-0.315,-0.344,-0.366,-0.418,-0.471,-0.523,-0.522,-0.476,-0.344,-0.073,0.136,0.285,0.434,0.33,0.226,0.123,0.019,0.102,0.184,-0.008,-0.2
Joint 5: ,0.2,0.387,0.467,0.551,0.533,0.511,0.529,0.511,0.482,0.453,0.424,0.419,0.355,0.346,0.449,0.526,0.71,0.895,0.705,0.514,0.361,0.209,0.169,0.129,0.164,0.2
Joint 6: ,0.1,0.119,0.208,0.211,0.157,0.118,0.067,0.034,-0.025,-0.084,-0.143,-0.37,-0.471,-0.54,-0.626,-0.727,-0.855,-0.982,-0.813,-0.643,-0.604,-0.564,-0.606,-0.647,-0.423,-0.2
Trial,5,2D Sim,False,Distance Weight,0.8,Random Seed,75,Min Iterations,1200,Lazy,False,Distance cost,0.6718543826153603,Manip Cost,9.831105462368871,Total cost,2.503704598566062,Node cost function,False,Percent Manip Threshold,20,Update Path,False,Increasing weight,False,Parent finding radius R,0.9,Step Size,0.3,Goal Area Sample Probability,0.05,Goal Area Delta,0.6
Manipulability,0.032,0.062,0.059,0.059,0.054,0.051,0.054,0.057,0.059,0.061,0.066,0.093,0.126,0.147,0.19,0.22,0.253,0.268,0.252,0.21,0.178,0.143,0.111,0.139,0.163,0.154,0.146,0.162,0.132,0.101
Distance to Last Node,0.0,0.357,0.446,0.35,0.271,0.261,0.246,0.251,0.248,0.248,0.248,0.416,0.403,0.269,0.412,0.34,0.357,0.357,0.446,0.446,0.34,0.34,0.447,0.404,0.404,0.386,0.386,0.407,0.343,0.343
Joint 0: ,-1.7,-1.793,-1.549,-1.328,-1.094,-0.848,-0.624,-0.391,-0.186,0.019,0.224,0.473,0.759,0.921,1.104,1.229,1.356,1.482,1.303,1.124,1.195,1.265,1.415,1.486,1.557,1.537,1.518,1.418,1.559,1.7
Joint 1: ,-1.0,-0.881,-0.653,-0.48,-0.411,-0.382,-0.376,-0.414,-0.419,-0.423,-0.427,-0.616,-0.807,-0.961,-1.11,-1.238,-1.406,-1.574,-1.467,-1.36,-1.146,-0.931,-0.774,-0.994,-1.213,-1.096,-0.978,-1.169,-1.085,-1.0
Joint 2: ,0.2,0.433,0.51,0.616,0.676,0.714,0.689,0.678,0.635,0.592,0.549,0.472,0.49,0.495,0.606,0.757,0.857,0.958,0.705,0.452,0.338,0.225,0.114,0.184,0.255,0.513,0.771,0.844,0.672,0.5
Joint 3: ,-0.1,-0.163,-0.236,-0.29,-0.269,-0.222,-0.145,-0.07,0.032,0.134,0.236,0.371,0.537,0.543,0.645,0.68,0.694,0.708,0.584,0.459,0.586,0.713,0.485,0.405,0.324,0.394,0.464,0.552,0.426,0.3
Joint 4: ,0.3,0.195,-0.052,-0.203,-0.282,-0.315,-0.344,-0.366,-0.418,-0.471,-0.523,-0.522,-0.476,-0.344,-0.073,0.136,0.285,0.434,0.33,0.226,0.123,0.019,-0.059,-0.266,-0.474,-0.511,-0.548,-0.596,-0.398,-0.2
Joint 5: ,0.2,0.387,0.467,0.551,0.533,0.511,0.529,0.511,0.482,0.453,0.424,0.419,0.355,0.346,0.449,0.526,0.71,0.895,0.705,0.514,0.361,0.209,0.32,0.377,0.434,0.406,0.378,0.235,0.217,0.2
Joint 6: ,0.1,0.119,0.208,0.211,0.157,0.118,0.067,0.034,-0.025,-0.084,-0.143,-0.37,-0.471,-0.54,-0.626,-0.727,-0.855,-0.982,-0.813,-0.643,-0.604,-0.564,-0.299,-0.07,0.158,-0.09,-0.338,-0.049,-0.124,-0.2
Trial,1,2D Sim,False,Distance Weight,0.8,Random Seed,15,Min Iterations,1200,Lazy,False,Distance cost,0.9234641208903808,Manip Cost,10.995312932121228,Total cost,2.93783388313655,Node cost function,False,Percent Manip Threshold,20,Update Path,False,Increasing weight,False,Parent finding radius R,0.9,Step Size,0.3,Goal Area Sample Probability,0.05,Goal Area Delta,0.6
Manipulability,0.032,0.046,0.06,0.048,0.041,0.029,0.033,0.054,0.084,0.044,0.042,0.06,0.068,0.093,0.11,0.125,0.162,0.199,0.172,0.142,0.118,0.128,0.144,0.16,0.132,0.109,0.11,0.115,0.136,0.158,0.166,0.174,0.17,0.164,0.21,0.234,0.225,0.217,0.206,0.19,0.171,0.14,0.101
Distance to Last Node,0.0,0.27,0.27,0.321,0.321,0.292,0.292,0.391,0.391,0.423,0.395,0.358,0.279,0.26,0.294,0.294,0.323,0.323,0.286,0.286,0.286,0.435,0.294,0.294,0.418,0.418,0.445,0.445,0.355,0.355,0.231,0.231,0.377,0.377,0.354,0.354,0.278,0.278,0.358,0.358,0.289,0.342,0.342
Joint 0: ,-1.7,-1.471,-1.243,-1.031,-0.82,-0.579,-0.339,-0.229,-0.119,0.078,0.258,0.473,0.721,0.93,1.194,1.455,1.671,1.887,1.717,1.548,1.378,1.272,1.488,1.704,1.507,1.311,1.457,1.603,1.454,1.305,1.316,1.327,1.566,1.805,1.868,1.932,1.687,1.442,1.738,2.033,2.014,1.857,1.7
Joint 1: ,-1.0,-1.003,-1.006,-0.815,-0.625,-0.626,-0.627,-0.731,-0.836,-0.629,-0.508,-0.574,-0.669,-0.772,-0.844,-0.952,-1.139,-1.327,-1.102,-0.877,-0.653,-0.89,-0.938,-0.987,-0.775,-0.563,-0.775,-0.987,-1.154,-1.321,-1.33,-1.338,-1.365,-1.392,-1.366,-1.34,-1.293,-1.246,-1.252,-1.257,-1.035,-1.018,-1.0
Joint 2: ,0.2,0.204,0.208,0.285,0.362,0.309,0.256,0.241,0.225,0.226,0.398,0.496,0.544,0.519,0.468,0.432,0.34,0.249,0.224,0.2,0.175,0.41,0.356,0.301,0.278,0.255,0.393,0.53,0.525,0.52,0.559,0.597,0.632,0.666,0.431,0.195,0.233,0.27,0.227,0.185,0.255,0.378,0.5
Joint 3: ,-0.1,-0.191,-0.282,-0.288,-0.294,-0.185,-0.076,0.156,0.389,0.153,0.229,0.354,0.364,0.443,0.438,0.41,0.474,0.538,0.551,0.564,0.576,0.389,0.533,0.677,0.557,0.436,0.517,0.597,0.519,0.442,0.35,0.258,0.202,0.145,0.365,0.585,0.611,0.637,0.49,0.343,0.482,0.391,0.3
Joint 4: ,0.3,0.24,0.18,0.177,0.173,0.28,0.386,0.487,0.588,0.41,0.141,-0.081,-0.129,-0.167,-0.137,-0.143,-0.197,-0.251,-0.21,-0.169,-0.128,-0.115,-0.037,0.04,-0.132,-0.305,-0.463,-0.621,-0.397,-0.174,-0.327,-0.481,-0.32,-0.159,-0.209,-0.258,-0.311,-0.364,-0.321,-0.278,-0.26,-0.23,-0.2
Joint 5: ,0.2,0.287,0.374,0.304,0.235,0.246,0.257,0.195,0.133,0.176,0.178,0.17,0.137,0.182,0.258,0.296,0.342,0.388,0.396,0.404,0.412,0.403,0.368,0.333,0.442,0.551,0.267,-0.018,0.101,0.22,0.355,0.491,0.5,0.51,0.593,0.675,0.635,0.596,0.576,0.557,0.537,0.368,0.2
Joint 6: ,0.1,0.064,0.028,0.133,0.237,0.2,0.164,-0.084,-0.331,-0.237,-0.202,-0.15,-0.19,-0.241,-0.288,-0.233,-0.161,-0.088,-0.088,-0.088,-0.088,-0.265,-0.346,-0.427,-0.242,-0.057,-0.029,-0.001,0.073,0.148,0.184,0.22,-0.012,-0.244,-0.156,-0.068,-0.162,-0.255,-0.378,-0.501,-0.597,-0.398,-0.2
Trial,2,2D Sim,False,Distance Weight,0.8,Random Seed,30,Min Iterations,1200,Lazy,False,Distance cost,0.5619467658589088,Manip Cost,16.921978712494624,Total cost,3.8339531551860513,Node cost function,False,Percent Manip Threshold,20,Update Path,False,Increasing weight,False,Parent finding radius R,0.9,Step Size,0.3,Goal Area Sample Probability,0.05,Goal Area Delta,0.6
Manipulability,0.032,0.039,0.085,0.032,0.027,0.028,0.038,0.021,0.019,0.035,0.064,0.099,0.111,0.12,0.153,0.184,0.213,0.166,0.099,0.13,0.154,0.143,0.129,0.166,0.135,0.101
Distance to Last Node,0.0,0.308,0.308,0.39,0.274,0.347,0.347,0.365,0.379,0.383,0.383,0.364,0.296,0.261,0.385,0.342,0.342,0.299,0.404,0.287,0.287,0.383,0.383,0.3,0.346,0.346
Joint 0: ,-1.7,-1.446,-1.191,-0.918,-0.697,-0.497,-0.296,-0.088,0.136,0.384,0.632,0.899,1.15,1.353,1.555,1.722,1.89,1.792,1.632,1.599,1.565,1.761,1.956,2.027,1.864,1.7
Joint 1: ,-1.0,-0.988,-0.975,-0.905,-0.846,-0.824,-0.803,-0.639,-0.531,-0.396,-0.261,-0.413,-0.551,-0.664,-0.918,-1.157,-1.396,-1.362,-1.15,-1.103,-1.056,-1.149,-1.243,-1.319,-1.16,-1.0
Joint 2: ,0.2,0.171,0.143,0.199,0.13,-0.007,-0.143,0.049,0.268,0.35,0.432,0.488,0.527,0.603,0.633,0.494,0.355,0.399,0.403,0.435,0.467,0.375,0.284,0.455,0.477,0.5
Joint 3: ,-0.1,-0.196,-0.292,-0.108,-0.035,0.087,0.209,0.194,0.166,0.324,0.482,0.6,0.622,0.614,0.636,0.705,0.774,0.498,0.327,0.347,0.367,0.42,0.472,0.476,0.388,0.3
Joint 4: ,0.3,0.232,0.165,0.184,0.145,0.004,-0.136,-0.04,-0.024,0.051,0.125,0.069,0.024,-0.065,-0.219,-0.266,-0.313,-0.316,-0.096,-0.161,-0.226,-0.367,-0.508,-0.618,-0.409,-0.2
Joint 5: ,0.2,0.098,-0.004,-0.012,-0.078,-0.186,-0.294,-0.172,-0.025,0.113,0.251,0.382,0.413,0.404,0.362,0.291,0.22,0.192,0.093,0.271,0.449,0.258,0.067,0.261,0.231,0.2
Joint 6: ,0.1,0.031,-0.038,0.15,0.232,0.352,0.472,0.43,0.324,0.222,0.12,0.099,0.085,0.109,0.236,0.205,0.174,0.172,0.097,-0.108,-0.312,-0.134,0.045,0.041,-0.079,-0.2
Trial,3,2D Sim,False,Distance Weight,0.8,Random Seed,45,Min Iterations,1200,Lazy,False,Distance cost,1.1445796909537498,Manip Cost,10.539394313745973,Total cost,3.023542615512194,Node cost function,False,Percent Manip Threshold,20,Update Path,False,Increasing weight,False,Parent finding radius R,0.9,Step Size,0.3,Goal Area Sample Probability,0.05,Goal Area Delta,0.6
Manipulability,0.032,0.056,0.054,0.064,0.067,0.061,0.055,0.05,0.067,0.102,0.139,0.089,0.042,0.021,0.055,0.066,0.103,0.104,0.139,0.187,0.148,0.113,0.101,0.108,0.115,0.121,0.092,0.114,0.12,0.142,0.148,0.18,0.132,0.143,0.148,0.145,0.118,0.147,0.15,0.141,0.179,0.162,0.169,0.173,0.174,0.199,0.179,0.177,0.182,0.101
Distance to Last Node,0.0,0.285,0.412,0.287,0.441,0.411,0.414,0.295,0.272,0.36,0.36,0.323,0.323,0.426,0.426,0.369,0.369,0.3,0.283,0.283,0.367,0.367,0.3,0.296,0.296,0.296,0.417,0.347,0.445,0.445,0.415,0.3,0.354,0.355,0.355,0.338,0.338,0.421,0.401,0.401,0.413,0.447,0.277,0.277,0.277,0.422,0.306,0.236,0.362,0.416
Joint 0: ,-1.7,-1.533,-1.278,-1.068,-0.787,-0.492,-0.206,0.031,0.238,0.533,0.827,0.88,0.933,1.084,1.236,1.389,1.542,1.708,1.731,1.753,1.528,1.303,1.325,1.471,1.618,1.765,1.643,1.726,1.582,1.437,1.45,1.431,1.581,1.565,1.549,1.532,1.515,1.546,1.448,1.35,1.405,1.512,1.655,1.799,1.942,1.762,1.727,1.715,1.678,1.7
Joint 1: ,-1.0,-0.861,-0.739,-0.692,-0.569,-0.538,-0.478,-0.421,-0.48,-0.567,-0.653,-0.575,-0.496,-0.481,-0.465,-0.345,-0.224,-0.41,-0.176,0.058,-0.154,-0.367,-0.495,-0.51,-0.524,-0.538,-0.663,-0.571,-0.737,-0.904,-1.107,-1.241,-1.074,-0.971,-0.869,-1.053,-1.238,-1.03,-1.228,-1.426,-1.399,-1.103,-1.071,-1.039,-1.007,-1.137,-1.141,-1.061,-1.254,-1.0
Joint 2: ,0.2,0.332,0.327,0.39,0.59,0.841,0.973,1.027,0.976,1.015,1.053,1.015,0.977,0.755,0.533,0.485,0.436,0.393,0.446,0.499,0.371,0.243,0.209,0.237,0.265,0.293,0.421,0.345,0.26,0.174,0.435,0.541,0.562,0.319,0.075,0.2,0.324,0.162,0.291,0.42,0.572,0.457,0.511,0.566,0.62,0.329,0.34,0.34,0.515,0.5
Joint 3: ,-0.1,-0.048,-0.149,-0.159,-0.239,-0.343,-0.431,-0.409,-0.439,-0.523,-0.608,-0.378,-0.149,0.093,0.336,0.529,0.723,0.768,0.791,0.814,0.722,0.63,0.692,0.745,0.799,0.852,0.617,0.809,0.593,0.378,0.353,0.432,0.437,0.394,0.35,0.332,0.314,0.36,0.425,0.489,0.443,0.425,0.49,0.554,0.619,0.678,0.566,0.588,0.53,0.3
Joint 4: ,0.3,0.347,0.14,-0.018,-0.192,-0.13,0.069,0.099,0.144,0.243,0.341,0.147,-0.047,0.076,0.199,0.039,-0.122,-0.128,-0.207,-0.286,-0.253,-0.22,-0.199,-0.232,-0.264,-0.296,-0.029,-0.27,-0.034,0.202,0.194,0.384,0.283,0.239,0.196,0.158,0.12,0.295,0.089,-0.118,0.141,0.028,-0.188,-0.404,-0.62,-0.425,-0.225,-0.177,-0.006,-0.2
Joint 5: ,0.2,0.307,0.382,0.465,0.564,0.518,0.373,0.228,0.138,0.054,-0.029,-0.059,-0.088,0.096,0.281,0.215,0.15,0.145,0.243,0.341,0.349,0.356,0.196,0.177,0.158,0.139,0.126,0.141,0.342,0.544,0.381,0.432,0.222,0.45,0.678,0.43,0.181,0.449,0.242,0.036,0.308,0.415,0.446,0.477,0.508,0.544,0.395,0.47,0.327,0.2
Joint 6: ,0.1,0.107,-0.068,-0.083,0.036,0.063,0.046,-0.003,-0.122,-0.224,-0.326,-0.377,-0.428,-0.461,-0.495,-0.661,-0.828,-0.673,-0.746,-0.82,-0.934,-1.049,-1.254,-1.007,-0.761,-0.515,-0.522,-0.455,-0.451,-0.448,-0.259,-0.135,-0.275,-0.252,-0.229,-0.195,-0.161,-0.209,-0.134,-0.059,-0.035,-0.285,-0.263,-0.24,-0.218,-0.188,-0.056,-0.257,-0.163,-0.2
Trial,4,2D Sim,False,Distance Weight,0.8,Random Seed,60,Min Iterations,1200,Lazy,False,Distance cost,0.5647110734389449,Manip Cost,13.55713422464341,Total cost,3.163195703679837,Node cost function,False,Percent Manip Threshold,20,Update Path,False,Increasing weight,False,Parent finding radius R,0.9,Step Size,0.3,Goal Area Sample Probability,0.05,Goal Area Delta,0.6
Manipulability,0.032,0.077,0.168,0.139,0.13,0.078,0.038,0.019,0.026,0.042,0.04,0.04,0.049,0.069,0.11,0.163,0.201,0.215,0.179,0.136,0.136,0.136,0.132,0.136,0.117,0.101
Distance to Last Node,0.0,0.298,0.298,0.36,0.287,0.404,0.312,0.375,0.3,0.3,0.277,0.259,0.296,0.422,0.294,0.384,0.302,0.283,0.297,0.297,0.429,0.429,0.448,0.448,0.374,0.374
Joint 0: ,-1.7,-1.612,-1.524,-1.396,-1.254,-1.008,-0.779,-0.505,-0.238,0.028,0.27,0.495,0.755,0.979,1.084,1.224,1.299,1.337,1.373,1.408,1.511,1.614,1.56,1.506,1.603,1.7
Joint 1: ,-1.0,-0.995,-0.991,-0.85,-0.706,-0.502,-0.44,-0.407,-0.45,-0.494,-0.438,-0.456,-0.565,-0.789,-0.997,-1.211,-1.296,-1.298,-1.276,-1.254,-1.173,-1.092,-1.124,-1.155,-1.078,-1.0
Joint 2: ,0.2,0.242,0.285,0.482,0.57,0.686,0.764,0.814,0.829,0.844,0.819,0.794,0.778,0.701,0.769,0.859,1.015,1.228,1.083,0.939,0.816,0.694,0.519,0.345,0.422,0.5
Joint 3: ,-0.1,-0.312,-0.524,-0.4,-0.351,-0.28,-0.181,-0.167,-0.147,-0.126,-0.109,-0.07,0.011,0.118,0.184,0.349,0.491,0.58,0.342,0.103,0.329,0.555,0.259,-0.036,0.132,0.3
Joint 4: ,0.3,0.244,0.187,0.241,0.198,0.017,-0.088,-0.278,-0.345,-0.411,-0.457,-0.497,-0.488,-0.259,-0.147,0.06,0.226,0.386,0.302,0.218,0.023,-0.171,-0.048,0.076,-0.062,-0.2
Joint 5: ,0.2,0.071,-0.059,-0.129,-0.201,-0.127,-0.046,0.111,0.221,0.33,0.332,0.309,0.297,0.271,0.348,0.382,0.431,0.432,0.444,0.456,0.277,0.098,0.349,0.6,0.4,0.2
Joint 6: ,0.1,-0.019,-0.138,0.039,0.195,0.261,0.348,0.322,0.317,0.312,0.201,0.092,0.052,-0.029,-0.095,-0.15,-0.212,-0.21,-0.172,-0.133,-0.31,-0.487,-0.519,-0.551,-0.375,-0.2
Trial,5,2D Sim,False,Distance Weight,0.8,Random Seed,75,Min Iterations,1200,Lazy,False,Distance cost,0.6718543826153603,Manip Cost,9.831105462368871,Total cost,2.503704598566062,Node cost function,False,Percent Manip Threshold,20,Update Path,False,Increasing weight,False,Parent finding radius R,0.9,Step Size,0.3,Goal Area Sample Probability,0.05,Goal Area Delta,0.6
Manipulability,0.032,0.062,0.059,0.059,0.054,0.051,0.054,0.057,0.059,0.061,0.066,0.093,0.126,0.147,0.19,0.22,0.253,0.268,0.252,0.21,0.178,0.143,0.111,0.139,0.163,0.154,0.146,0.162,0.132,0.101
Distance to Last Node,0.0,0.357,0.446,0.35,0.271,0.261,0.246,0.251,0.248,0.248,0.248,0.416,0.403,0.269,0.412,0.34,0.357,0.357,0.446,0.446,0.34,0.34,0.447,0.404,0.404,0.386,0.386,0.407,0.343,0.343
Joint 0: ,-1.7,-1.793,-1.549,-1.328,-1.094,-0.848,-0.624,-0.391,-0.186,0.019,0.224,0.473,0.759,0.921,1.104,1.229,1.356,1.482,1.303,1.124,1.195,1.265,1.415,1.486,1.557,1.537,1.518,1.418,1.559,1.7
Joint 1: ,-1.0,-0.881,-0.653,-0.48,-0.411,-0.382,-0.376,-0.414,-0.419,-0.423,-0.427,-0.616,-0.807,-0.961,-1.11,-1.238,-1.406,-1.574,-1.467,-1.36,-1.146,-0.931,-0.774,-0.994,-1.213,-1.096,-0.978,-1.169,-1.085,-1.0
Joint 2: ,0.2,0.433,0.51,0.616,0.676,0.714,0.689,0.678,0.635,0.592,0.549,0.472,0.49,0.495,0.606,0.757,0.857,0.958,0.705,0.452,0.338,0.225,0.114,0.184,0.255,0.513,0.771,0.844,0.672,0.5
Joint 3: ,-0.1,-0.163,-0.236,-0.29,-0.269,-0.222,-0.145,-0.07,0.032,0.134,0.236,0.371,0.537,0.543,0.645,0.68,0.694,0.708,0.584,0.459,0.586,0.713,0.485,0.405,0.324,0.394,0.464,0.552,0.426,0.3
Joint 4: ,0.3,0.195,-0.052,-0.203,-0.282,-0.315,-0.344,-0.366,-0.418,-0.471,-0.523,-0.522,-0.476,-0.344,-0.073,0.136,0.285,0.434,0.33,0.226,0.123,0.019,-0.059,-0.266,-0.474,-0.511,-0.548,-0.596,-0.398,-0.2
Joint 5: ,0.2,0.387,0.467,0.551,0.533,0.511,0.529,0.511,0.482,0.453,0.424,0.419,0.355,0.346,0.449,0.526,0.71,0.895,0.705,0.514,0.361,0.209,0.32,0.377,0.434,0.406,0.378,0.235,0.217,0.2
Joint 6: ,0.1,0.119,0.208,0.211,0.157,0.118,0.067,0.034,-0.025,-0.084,-0.143,-0.37,-0.471,-0.54,-0.626,-0.727,-0.855,-0.982,-0.813,-0.643,-0.604,-0.564,-0.299,-0.07,0.158,-0.09,-0.338,-0.049,-0.124,-0.2
Trial,5,2D Sim,False,Distance Weight,0.7,Random Seed,75,Min Iterations,1200,Lazy,False,Distance cost,0.6718543826153603,Manip Cost,9.831105462368871,Total cost,3.419629706541414,Node cost function,False,Percent Manip Threshold,20,Update Path,False,Increasing weight,False,Parent finding radius R,0.9,Step Size,0.3,Goal Area Sample Probability,0.05,Goal Area Delta,0.6
Manipulability,0.032,0.062,0.059,0.059,0.054,0.051,0.054,0.057,0.059,0.061,0.066,0.093,0.126,0.147,0.19,0.22,0.253,0.268,0.252,0.21,0.178,0.143,0.111,0.139,0.163,0.154,0.146,0.162,0.132,0.101
Distance to Last Node,0.0,0.357,0.446,0.35,0.271,0.261,0.246,0.251,0.248,0.248,0.248,0.416,0.403,0.269,0.412,0.34,0.357,0.357,0.446,0.446,0.34,0.34,0.447,0.404,0.404,0.386,0.386,0.407,0.343,0.343
Joint 0: ,-1.7,-1.793,-1.549,-1.328,-1.094,-0.848,-0.624,-0.391,-0.186,0.019,0.224,0.473,0.759,0.921,1.104,1.229,1.356,1.482,1.303,1.124,1.195,1.265,1.415,1.486,1.557,1.537,1.518,1.418,1.559,1.7
Joint 1: ,-1.0,-0.881,-0.653,-0.48,-0.411,-0.382,-0.376,-0.414,-0.419,-0.423,-0.427,-0.616,-0.807,-0.961,-1.11,-1.238,-1.406,-1.574,-1.467,-1.36,-1.146,-0.931,-0.774,-0.994,-1.213,-1.096,-0.978,-1.169,-1.085,-1.0
Joint 2: ,0.2,0.433,0.51,0.616,0.676,0.714,0.689,0.678,0.635,0.592,0.549,0.472,0.49,0.495,0.606,0.757,0.857,0.958,0.705,0.452,0.338,0.225,0.114,0.184,0.255,0.513,0.771,0.844,0.672,0.5
Joint 3: ,-0.1,-0.163,-0.236,-0.29,-0.269,-0.222,-0.145,-0.07,0.032,0.134,0.236,0.371,0.537,0.543,0.645,0.68,0.694,0.708,0.584,0.459,0.586,0.713,0.485,0.405,0.324,0.394,0.464,0.552,0.426,0.3
Joint 4: ,0.3,0.195,-0.052,-0.203,-0.282,-0.315,-0.344,-0.366,-0.418,-0.471,-0.523,-0.522,-0.476,-0.344,-0.073,0.136,0.285,0.434,0.33,0.226,0.123,0.019,-0.059,-0.266,-0.474,-0.511,-0.548,-0.596,-0.398,-0.2
Joint 5: ,0.2,0.387,0.467,0.551,0.533,0.511,0.529,0.511,0.482,0.453,0.424,0.419,0.355,0.346,0.449,0.526,0.71,0.895,0.705,0.514,0.361,0.209,0.32,0.377,0.434,0.406,0.378,0.235,0.217,0.2
Joint 6: ,0.1,0.119,0.208,0.211,0.157,0.118,0.067,0.034,-0.025,-0.084,-0.143,-0.37,-0.471,-0.54,-0.626,-0.727,-0.855,-0.982,-0.813,-0.643,-0.604,-0.564,-0.299,-0.07,0.158,-0.09,-0.338,-0.049,-0.124,-0.2
Trial,1,2D Sim,False,Distance Weight,0.7,Random Seed,15,Min Iterations,1200,Lazy,False,Distance cost,1.0354694409506602,Manip Cost,10.538652926849387,Total cost,3.8864244867202786,Node cost function,False,Percent Manip Threshold,20,Update Path,False,Increasing weight,False,Parent finding radius R,0.9,Step Size,0.3,Goal Area Sample Probability,0.05,Goal Area Delta,0.6
Manipulability,0.032,0.046,0.06,0.048,0.041,0.029,0.033,0.054,0.084,0.044,0.042,0.06,0.068,0.093,0.11,0.125,0.162,0.199,0.172,0.142,0.118,0.128,0.144,0.16,0.132,0.109,0.11,0.115,0.136,0.158,0.166,0.174,0.17,0.164,0.21,0.234,0.225,0.217,0.206,0.19,0.171,0.15,0.148,0.196,0.168,0.135,0.12,0.101
Distance to Last Node,0.0,0.27,0.27,0.321,0.321,0.292,0.292,0.391,0.391,0.423,0.395,0.358,0.279,0.26,0.294,0.294,0.323,0.323,0.286,0.286,0.286,0.435,0.294,0.294,0.418,0.418,0.445,0.445,0.355,0.355,0.231,0.231,0.377,0.377,0.354,0.354,0.278,0.278,0.358,0.358,0.289,0.289,0.289,0.38,0.3,0.3,0.411,0.411
Joint 0: ,-1.7,-1.471,-1.243,-1.031,-0.82,-0.579,-0.339,-0.229,-0.119,0.078,0.258,0.473,0.721,0.93,1.194,1.455,1.671,1.887,1.717,1.548,1.378,1.272,1.488,1.704,1.507,1.311,1.457,1.603,1.454,1.305,1.316,1.327,1.566,1.805,1.868,1.932,1.687,1.442,1.738,2.033,2.014,1.995,1.977,1.905,1.954,2.002,1.851,1.7
Joint 1: ,-1.0,-1.003,-1.006,-0.815,-0.625,-0.626,-0.627,-0.731,-0.836,-0.629,-0.508,-0.574,-0.669,-0.772,-0.844,-0.952,-1.139,-1.327,-1.102,-0.877,-0.653,-0.89,-0.938,-0.987,-0.775,-0.563,-0.775,-0.987,-1.154,-1.321,-1.33,-1.338,-1.365,-1.392,-1.366,-1.34,-1.293,-1.246,-1.252,-1.257,-1.035,-0.814,-0.593,-0.603,-0.593,-0.582,-0.791,-1.0
Joint 2: ,0.2,0.204,0.208,0.285,0.362,0.309,0.256,0.241,0.225,0.226,0.398,0.496,0.544,0.519,0.468,0.432,0.34,0.249,0.224,0.2,0.175,0.41,0.356,0.301,0.278,0.255,0.393,0.53,0.525,0.52,0.559,0.597,0.632,0.666,0.431,0.195,0.233,0.27,0.227,0.185,0.255,0.326,0.396,0.355,0.416,0.477,0.489,0.5
Joint 3: ,-0.1,-0.191,-0.282,-0.288,-0.294,-0.185,-0.076,0.156,0.389,0.153,0.229,0.354,0.364,0.443,0.438,0.41,0.474,0.538,0.551,0.564,0.576,0.389,0.533,0.677,0.557,0.436,0.517,0.597,0.519,0.442,0.35,0.258,0.202,0.145,0.365,0.585,0.611,0.637,0.49,0.343,0.482,0.621,0.76,0.971,0.767,0.562,0.431,0.3
Joint 4: ,0.3,0.24,0.18,0.177,0.173,0.28,0.386,0.487,0.588,0.41,0.141,-0.081,-0.129,-0.167,-0.137,-0.143,-0.197,-0.251,-0.21,-0.169,-0.128,-0.115,-0.037,0.04,-0.132,-0.305,-0.463,-0.621,-0.397,-0.174,-0.327,-0.481,-0.32,-0.159,-0.209,-0.258,-0.311,-0.364,-0.321,-0.278,-0.26,-0.243,-0.225,-0.36,-0.389,-0.419,-0.309,-0.2
Joint 5: ,0.2,0.287,0.374,0.304,0.235,0.246,0.257,0.195,0.133,0.176,0.178,0.17,0.137,0.182,0.258,0.296,0.342,0.388,0.396,0.404,0.412,0.403,0.368,0.333,0.442,0.551,0.267,-0.018,0.101,0.22,0.355,0.491,0.5,0.51,0.593,0.675,0.635,0.596,0.576,0.557,0.537,0.516,0.496,0.732,0.679,0.625,0.413,0.2
Joint 6: ,0.1,0.064,0.028,0.133,0.237,0.2,0.164,-0.084,-0.331,-0.237,-0.202,-0.15,-0.19,-0.241,-0.288,-0.233,-0.161,-0.088,-0.088,-0.088,-0.088,-0.265,-0.346,-0.427,-0.242,-0.057,-0.029,-0.001,0.073,0.148,0.184,0.22,-0.012,-0.244,-0.156,-0.068,-0.162,-0.255,-0.378,-0.501,-0.597,-0.692,-0.788,-0.924,-0.729,-0.533,-0.366,-0.2
Trial,2,2D Sim,False,Distance Weight,0.7,Random Seed,30,Min Iterations,1200,Lazy,False,Distance cost,0.5619467658589088,Manip Cost,16.921978712494624,Total cost,5.469956349849624,Node cost function,False,Percent Manip Threshold,20,Update Path,False,Increasing weight,False,Parent finding radius R,0.9,Step Size,0.3,Goal Area Sample Probability,0.05,Goal Area Delta,0.6
Manipulability,0.032,0.039,0.085,0.032,0.027,0.028,0.038,0.021,0.019,0.035,0.064,0.099,0.111,0.12,0.153,0.184,0.213,0.166,0.099,0.13,0.154,0.143,0.129,0.166,0.135,0.101
Distance to Last Node,0.0,0.308,0.308,0.39,0.274,0.347,0.347,0.365,0.379,0.383,0.383,0.364,0.296,0.261,0.385,0.342,0.342,0.299,0.404,0.287,0.287,0.383,0.383,0.3,0.346,0.346
Joint 0: ,-1.7,-1.446,-1.191,-0.918,-0.697,-0.497,-0.296,-0.088,0.136,0.384,0.632,0.899,1.15,1.353,1.555,1.722,1.89,1.792,1.632,1.599,1.565,1.761,1.956,2.027,1.864,1.7
Joint 1: ,-1.0,-0.988,-0.975,-0.905,-0.846,-0.824,-0.803,-0.639,-0.531,-0.396,-0.261,-0.413,-0.551,-0.664,-0.918,-1.157,-1.396,-1.362,-1.15,-1.103,-1.056,-1.149,-1.243,-1.319,-1.16,-1.0
Joint 2: ,0.2,0.171,0.143,0.199,0.13,-0.007,-0.143,0.049,0.268,0.35,0.432,0.488,0.527,0.603,0.633,0.494,0.355,0.399,0.403,0.435,0.467,0.375,0.284,0.455,0.477,0.5
Joint 3: ,-0.1,-0.196,-0.292,-0.108,-0.035,0.087,0.209,0.194,0.166,0.324,0.482,0.6,0.622,0.614,0.636,0.705,0.774,0.498,0.327,0.347,0.367,0.42,0.472,0.476,0.388,0.3
Joint 4: ,0.3,0.232,0.165,0.184,0.145,0.004,-0.136,-0.04,-0.024,0.051,0.125,0.069,0.024,-0.065,-0.219,-0.266,-0.313,-0.316,-0.096,-0.161,-0.226,-0.367,-0.508,-0.618,-0.409,-0.2
Joint 5: ,0.2,0.098,-0.004,-0.012,-0.078,-0.186,-0.294,-0.172,-0.025,0.113,0.251,0.382,0.413,0.404,0.362,0.291,0.22,0.192,0.093,0.271,0.449,0.258,0.067,0.261,0.231,0.2
Joint 6: ,0.1,0.031,-0.038,0.15,0.232,0.352,0.472,0.43,0.324,0.222,0.12,0.099,0.085,0.109,0.236,0.205,0.174,0.172,0.097,-0.108,-0.312,-0.134,0.045,0.041,-0.079,-0.2
Trial,3,2D Sim,False,Distance Weight,0.7,Random Seed,45,Min Iterations,1200,Lazy,False,Distance cost,1.4291220551292374,Manip Cost,9.895062061068515,Total cost,3.968904056911021,Node cost function,False,Percent Manip Threshold,20,Update Path,False,Increasing weight,False,Parent finding radius R,0.9,Step Size,0.3,Goal Area Sample Probability,0.05,Goal Area Delta,0.6
Manipulability,0.032,0.056,0.054,0.064,0.067,0.061,0.055,0.05,0.067,0.102,0.139,0.089,0.042,0.021,0.055,0.066,0.103,0.104,0.139,0.187,0.148,0.113,0.101,0.108,0.115,0.121,0.092,0.114,0.12,0.142,0.148,0.18,0.132,0.143,0.148,0.145,0.118,0.147,0.15,0.141,0.132,0.123,0.122,0.12,0.168,0.156,0.147,0.129,0.164,0.174,0.198,0.168,0.161,0.146,0.151,0.151,0.163,0.164,0.167,0.148,0.101
Distance to Last Node,0.0,0.285,0.412,0.287,0.441,0.411,0.414,0.295,0.272,0.36,0.36,0.323,0.323,0.426,0.426,0.369,0.369,0.3,0.283,0.283,0.367,0.367,0.3,0.296,0.296,0.296,0.417,0.347,0.445,0.445,0.415,0.3,0.354,0.355,0.355,0.338,0.338,0.421,0.401,0.401,0.391,0.391,0.307,0.307,0.415,0.375,0.403,0.403,0.437,0.437,0.476,0.266,0.318,0.318,0.349,0.349,0.358,0.43,0.282,0.435,0.293
Joint 0: ,-1.7,-1.533,-1.278,-1.068,-0.787,-0.492,-0.206,0.031,0.238,0.533,0.827,0.88,0.933,1.084,1.236,1.389,1.542,1.708,1.731,1.753,1.528,1.303,1.325,1.471,1.618,1.765,1.643,1.726,1.582,1.437,1.45,1.431,1.581,1.565,1.549,1.532,1.515,1.546,1.448,1.35,1.369,1.388,1.457,1.527,1.493,1.556,1.491,1.426,1.684,1.942,1.696,1.747,1.72,1.692,1.617,1.542,1.616,1.582,1.601,1.74,1.7
Joint 1: ,-1.0,-0.861,-0.739,-0.692,-0.569,-0.538,-0.478,-0.421,-0.48,-0.567,-0.653,-0.575,-0.496,-0.481,-0.465,-0.345,-0.224,-0.41,-0.176,0.058,-0.154,-0.367,-0.495,-0.51,-0.524,-0.538,-0.663,-0.571,-0.737,-0.904,-1.107,-1.241,-1.074,-0.971,-0.869,-1.053,-1.238,-1.03,-1.228,-1.426,-1.22,-1.014,-1.143,-1.273,-1.322,-1.064,-1.21,-1.356,-1.182,-1.007,-1.216,-1.01,-1.078,-1.145,-1.067,-0.99,-0.945,-1.128,-1.269,-1.124,-1.0
Joint 2: ,0.2,0.332,0.327,0.39,0.59,0.841,0.973,1.027,0.976,1.015,1.053,1.015,0.977,0.755,0.533,0.485,0.436,0.393,0.446,0.499,0.371,0.243,0.209,0.237,0.265,0.293,0.421,0.345,0.26,0.174,0.435,0.541,0.562,0.319,0.075,0.2,0.324,0.162,0.291,0.42,0.336,0.253,0.229,0.205,0.464,0.404,0.446,0.488,0.554,0.62,0.332,0.447,0.399,0.351,0.352,0.352,0.347,0.566,0.597,0.367,0.5
Joint 3: ,-0.1,-0.048,-0.149,-0.159,-0.239,-0.343,-0.431,-0.409,-0.439,-0.523,-0.608,-0.378,-0.149,0.093,0.336,0.529,0.723,0.768,0.791,0.814,0.722,0.63,0.692,0.745,0.799,0.852,0.617,0.809,0.593,0.378,0.353,0.432,0.437,0.394,0.35,0.332,0.314,0.36,0.425,0.489,0.318,0.147,0.24,0.334,0.365,0.386,0.443,0.5,0.559,0.619,0.676,0.606,0.53,0.453,0.44,0.426,0.53,0.324,0.381,0.341,0.3
Joint 4: ,0.3,0.347,0.14,-0.018,-0.192,-0.13,0.069,0.099,0.144,0.243,0.341,0.147,-0.047,0.076,0.199,0.039,-0.122,-0.128,-0.207,-0.286,-0.253,-0.22,-0.199,-0.232,-0.264,-0.296,-0.029,-0.27,-0.034,0.202,0.194,0.384,0.283,0.239,0.196,0.158,0.12,0.295,0.089,-0.118,0.045,0.207,0.191,0.174,0.287,0.101,-0.142,-0.384,-0.502,-0.62,-0.482,-0.499,-0.262,-0.025,-0.295,-0.566,-0.323,-0.097,0.056,-0.239,-0.2
Joint 5: ,0.2,0.307,0.382,0.465,0.564,0.518,0.373,0.228,0.138,0.054,-0.029,-0.059,-0.088,0.096,0.281,0.215,0.15,0.145,0.243,0.341,0.349,0.356,0.196,0.177,0.158,0.139,0.126,0.141,0.342,0.544,0.381,0.432,0.222,0.45,0.678,0.43,0.181,0.449,0.242,0.036,0.252,0.468,0.312,0.156,0.368,0.445,0.216,-0.014,0.247,0.508,0.406,0.446,0.346,0.245,0.361,0.476,0.549,0.486,0.359,0.378,0.2
Joint 6: ,0.1,0.107,-0.068,-0.083,0.036,0.063,0.046,-0.003,-0.122,-0.224,-0.326,-0.377,-0.428,-0.461,-0.495,-0.661,-0.828,-0.673,-0.746,-0.82,-0.934,-1.049,-1.254,-1.007,-0.761,-0.515,-0.522,-0.455,-0.451,-0.448,-0.259,-0.135,-0.275,-0.252,-0.229,-0.195,-0.161,-0.209,-0.134,-0.059,-0.045,-0.031,-0.229,-0.426,-0.218,-0.377,-0.234,-0.09,-0.154,-0.218,-0.139,-0.215,-0.07,0.075,-0.078,-0.232,-0.445,-0.372,-0.248,-0.329,-0.2
Trial,4,2D Sim,False,Distance Weight,0.7,Random Seed,60,Min Iterations,1200,Lazy,False,Distance cost,0.5647110734389449,Manip Cost,13.55713422464341,Total cost,4.462438018800285,Node cost function,False,Percent Manip Threshold,20,Update Path,False,Increasing weight,False,Parent finding radius R,0.9,Step Size,0.3,Goal Area Sample Probability,0.05,Goal Area Delta,0.6
Manipulability,0.032,0.077,0.168,0.139,0.13,0.078,0.038,0.019,0.026,0.042,0.04,0.04,0.049,0.069,0.11,0.163,0.201,0.215,0.179,0.136,0.136,0.136,0.132,0.136,0.117,0.101
Distance to Last Node,0.0,0.298,0.298,0.36,0.287,0.404,0.312,0.375,0.3,0.3,0.277,0.259,0.296,0.422,0.294,0.384,0.302,0.283,0.297,0.297,0.429,0.429,0.448,0.448,0.374,0.374
Joint 0: ,-1.7,-1.612,-1.524,-1.396,-1.254,-1.008,-0.779,-0.505,-0.238,0.028,0.27,0.495,0.755,0.979,1.084,1.224,1.299,1.337,1.373,1.408,1.511,1.614,1.56,1.506,1.603,1.7
Joint 1: ,-1.0,-0.995,-0.991,-0.85,-0.706,-0.502,-0.44,-0.407,-0.45,-0.494,-0.438,-0.456,-0.565,-0.789,-0.997,-1.211,-1.296,-1.298,-1.276,-1.254,-1.173,-1.092,-1.124,-1.155,-1.078,-1.0
Joint 2: ,0.2,0.242,0.285,0.482,0.57,0.686,0.764,0.814,0.829,0.844,0.819,0.794,0.778,0.701,0.769,0.859,1.015,1.228,1.083,0.939,0.816,0.694,0.519,0.345,0.422,0.5
Joint 3: ,-0.1,-0.312,-0.524,-0.4,-0.351,-0.28,-0.181,-0.167,-0.147,-0.126,-0.109,-0.07,0.011,0.118,0.184,0.349,0.491,0.58,0.342,0.103,0.329,0.555,0.259,-0.036,0.132,0.3
Joint 4: ,0.3,0.244,0.187,0.241,0.198,0.017,-0.088,-0.278,-0.345,-0.411,-0.457,-0.497,-0.488,-0.259,-0.147,0.06,0.226,0.386,0.302,0.218,0.023,-0.171,-0.048,0.076,-0.062,-0.2
Joint 5: ,0.2,0.071,-0.059,-0.129,-0.201,-0.127,-0.046,0.111,0.221,0.33,0.332,0.309,0.297,0.271,0.348,0.382,0.431,0.432,0.444,0.456,0.277,0.098,0.349,0.6,0.4,0.2
Joint 6: ,0.1,-0.019,-0.138,0.039,0.195,0.261,0.348,0.322,0.317,0.312,0.201,0.092,0.052,-0.029,-0.095,-0.15,-0.212,-0.21,-0.172,-0.133,-0.31,-0.487,-0.519,-0.551,-0.375,-0.2
Trial,5,2D Sim,False,Distance Weight,0.7,Random Seed,75,Min Iterations,1200,Lazy,False,Distance cost,0.6718543826153603,Manip Cost,9.831105462368871,Total cost,3.419629706541414,Node cost function,False,Percent Manip Threshold,20,Update Path,False,Increasing weight,False,Parent finding radius R,0.9,Step Size,0.3,Goal Area Sample Probability,0.05,Goal Area Delta,0.6
Manipulability,0.032,0.062,0.059,0.059,0.054,0.051,0.054,0.057,0.059,0.061,0.066,0.093,0.126,0.147,0.19,0.22,0.253,0.268,0.252,0.21,0.178,0.143,0.111,0.139,0.163,0.154,0.146,0.162,0.132,0.101
Distance to Last Node,0.0,0.357,0.446,0.35,0.271,0.261,0.246,0.251,0.248,0.248,0.248,0.416,0.403,0.269,0.412,0.34,0.357,0.357,0.446,0.446,0.34,0.34,0.447,0.404,0.404,0.386,0.386,0.407,0.343,0.343
Joint 0: ,-1.7,-1.793,-1.549,-1.328,-1.094,-0.848,-0.624,-0.391,-0.186,0.019,0.224,0.473,0.759,0.921,1.104,1.229,1.356,1.482,1.303,1.124,1.195,1.265,1.415,1.486,1.557,1.537,1.518,1.418,1.559,1.7
Joint 1: ,-1.0,-0.881,-0.653,-0.48,-0.411,-0.382,-0.376,-0.414,-0.419,-0.423,-0.427,-0.616,-0.807,-0.961,-1.11,-1.238,-1.406,-1.574,-1.467,-1.36,-1.146,-0.931,-0.774,-0.994,-1.213,-1.096,-0.978,-1.169,-1.085,-1.0
Joint 2: ,0.2,0.433,0.51,0.616,0.676,0.714,0.689,0.678,0.635,0.592,0.549,0.472,0.49,0.495,0.606,0.757,0.857,0.958,0.705,0.452,0.338,0.225,0.114,0.184,0.255,0.513,0.771,0.844,0.672,0.5
Joint 3: ,-0.1,-0.163,-0.236,-0.29,-0.269,-0.222,-0.145,-0.07,0.032,0.134,0.236,0.371,0.537,0.543,0.645,0.68,0.694,0.708,0.584,0.459,0.586,0.713,0.485,0.405,0.324,0.394,0.464,0.552,0.426,0.3
Joint 4: ,0.3,0.195,-0.052,-0.203,-0.282,-0.315,-0.344,-0.366,-0.418,-0.471,-0.523,-0.522,-0.476,-0.344,-0.073,0.136,0.285,0.434,0.33,0.226,0.123,0.019,-0.059,-0.266,-0.474,-0.511,-0.548,-0.596,-0.398,-0.2
Joint 5: ,0.2,0.387,0.467,0.551,0.533,0.511,0.529,0.511,0.482,0.453,0.424,0.419,0.355,0.346,0.449,0.526,0.71,0.895,0.705,0.514,0.361,0.209,0.32,0.377,0.434,0.406,0.378,0.235,0.217,0.2
Joint 6: ,0.1,0.119,0.208,0.211,0.157,0.118,0.067,0.034,-0.025,-0.084,-0.143,-0.37,-0.471,-0.54,-0.626,-0.727,-0.855,-0.982,-0.813,-0.643,-0.604,-0.564,-0.299,-0.07,0.158,-0.09,-0.338,-0.049,-0.124,-0.2
