Trial,5,2D Sim,False,Distance Weight,0.85,Random Seed,75,Min Iterations,500,Lazy,False,Distance cost,0.6075853156878266,Manip Cost,11.624740128459504,Total cost,2.260158537603578,Node cost function,True,Percent Manip Threshold,0,Update Path,False,Increasing weight,False,Parent finding radius R,0.9,Step Size,0.3,Goal Area Sample Probability,0.05,Goal Area Delta,0.6
Manipulability,0.032,0.062,0.059,0.059,0.058,0.054,0.053,0.051,0.057,0.063,0.069,0.078,0.078,0.078,0.1,0.09,0.109,0.105,0.107,0.107,0.111,0.117,0.133,0.124,0.124,0.129,0.136,0.127,0.105,0.109,0.101,0.103
Distance to Last Node,0.0,0.357,0.446,0.35,0.35,0.274,0.277,0.277,0.331,0.251,0.251,0.251,0.222,0.222,0.369,0.251,0.444,0.354,0.249,0.249,0.259,0.259,0.3,0.3,0.249,0.249,0.249,0.273,0.425,0.261,0.299,0.3
Joint 0: ,-1.7,-1.793,-1.549,-1.328,-1.108,-0.857,-0.605,-0.354,-0.138,0.064,0.265,0.466,0.63,0.794,0.713,0.817,0.77,0.813,0.849,0.885,0.824,0.763,0.824,1.071,1.046,1.02,0.994,1.057,1.214,1.41,1.516,1.659
Joint 1: ,-1.0,-0.881,-0.653,-0.48,-0.308,-0.313,-0.356,-0.399,-0.433,-0.5,-0.567,-0.634,-0.633,-0.633,-0.731,-0.627,-0.828,-0.808,-0.776,-0.743,-0.81,-0.876,-0.929,-0.889,-0.865,-0.841,-0.818,-0.924,-0.83,-0.804,-0.765,-0.947
Joint 2: ,0.2,0.433,0.51,0.616,0.723,0.745,0.758,0.772,0.796,0.756,0.715,0.674,0.733,0.793,0.606,0.764,0.495,0.669,0.511,0.352,0.422,0.491,0.53,0.467,0.453,0.44,0.427,0.412,0.647,0.734,0.63,0.529
Joint 3: ,-0.1,-0.163,-0.236,-0.29,-0.344,-0.271,-0.195,-0.119,0.004,0.074,0.145,0.215,0.27,0.324,0.292,0.279,0.154,0.325,0.316,0.307,0.105,-0.096,-0.139,-0.195,0.015,0.225,0.434,0.207,0.303,0.403,0.377,0.317
Joint 4: ,0.3,0.195,-0.052,-0.203,-0.354,-0.363,-0.372,-0.381,-0.489,-0.474,-0.46,-0.446,-0.51,-0.573,-0.689,-0.58,-0.807,-0.614,-0.78,-0.945,-0.894,-0.842,-0.815,-0.679,-0.655,-0.631,-0.607,-0.583,-0.51,-0.515,-0.293,-0.221
Joint 5: ,0.2,0.387,0.467,0.551,0.634,0.579,0.52,0.46,0.44,0.413,0.387,0.36,0.314,0.268,0.414,0.417,0.505,0.346,0.427,0.508,0.573,0.638,0.733,0.724,0.667,0.61,0.554,0.515,0.341,0.305,0.307,0.224
Joint 6: ,0.1,0.119,0.208,0.211,0.215,0.156,0.114,0.072,-0.113,-0.215,-0.316,-0.417,-0.517,-0.617,-0.396,-0.461,-0.55,-0.582,-0.607,-0.632,-0.552,-0.472,-0.207,-0.248,-0.362,-0.476,-0.591,-0.518,-0.302,-0.203,-0.33,-0.229
