Trial,5,2D Sim,False,Distance Weight,0.85,Random Seed,75,Min Iterations,500,Lazy,True,Distance cost,0.667940095678955,Manip Cost,8.488262660807969,Total cost,1.8409884804483072,Node cost function,True,Percent Manip Threshold,0,Update Path,False,Increasing weight,False,Parent finding radius R,0.9,Step Size,0.3,Goal Area Sample Probability,0.05,Goal Area Delta,0.6
Manipulability,0.032,0.084,0.055,0.047,0.067,0.081,0.108,0.116,0.127,0.103,0.127,0.136,0.154,0.161,0.168,0.173,0.207,0.227,0.244,0.262,0.174,0.101
Distance to Last Node,0.0,0.714,0.803,0.788,0.811,0.556,0.3,0.3,0.533,0.634,0.3,0.3,0.3,0.504,0.3,0.3,0.3,0.3,0.3,0.3,0.713,0.756
Joint 0: ,-1.7,-1.886,-1.305,-0.625,0.074,0.244,0.354,0.35,0.31,0.509,0.722,1.003,1.062,1.044,1.083,1.266,1.272,1.287,1.355,1.547,1.507,1.7
Joint 1: ,-1.0,-0.763,-0.424,-0.274,-0.49,-0.473,-0.61,-0.669,-0.455,-0.727,-0.805,-0.86,-0.949,-0.998,-1.116,-1.068,-1.182,-1.259,-1.366,-1.476,-1.047,-1.0
Joint 2: ,0.2,0.667,0.586,0.795,0.656,0.337,0.259,0.452,0.074,0.403,0.394,0.412,0.299,0.508,0.499,0.373,0.471,0.718,0.907,0.889,0.505,0.5
Joint 3: ,-0.1,-0.226,-0.309,-0.228,0.08,0.344,0.533,0.503,0.679,0.446,0.506,0.548,0.549,0.703,0.55,0.621,0.617,0.747,0.714,0.793,0.53,0.3
Joint 4: ,0.3,0.091,-0.3,-0.441,-0.409,-0.661,-0.652,-0.734,-0.562,-0.634,-0.52,-0.592,-0.782,-0.431,-0.212,-0.04,0.139,0.198,0.344,0.247,0.18,-0.2
Joint 5: ,0.2,0.574,0.548,0.497,0.477,0.462,0.415,0.475,0.426,0.329,0.413,0.391,0.494,0.292,0.337,0.385,0.571,0.552,0.603,0.747,0.496,0.2
Joint 6: ,0.1,0.137,0.298,0.047,-0.034,-0.245,-0.368,-0.563,-0.387,-0.719,-0.596,-0.571,-0.433,-0.573,-0.608,-0.645,-0.666,-0.713,-0.827,-0.895,-0.697,-0.2
Trial,1,2D Sim,False,Distance Weight,0.85,Random Seed,15,Min Iterations,500,Lazy,True,Distance cost,0.6632553696774781,Manip Cost,12.365389008310201,Total cost,2.418575415472387,Node cost function,True,Percent Manip Threshold,0,Update Path,False,Increasing weight,False,Parent finding radius R,0.9,Step Size,0.3,Goal Area Sample Probability,0.05,Goal Area Delta,0.6
Manipulability,0.032,0.068,0.041,0.043,0.084,0.023,0.039,0.08,0.087,0.09,0.082,0.07,0.141,0.147,0.155,0.146,0.153,0.164,0.166,0.171,0.16,0.109
Distance to Last Node,0.0,0.435,0.857,0.875,0.639,0.73,0.812,0.439,0.3,0.3,0.3,0.3,0.398,0.3,0.3,0.3,0.385,0.3,0.3,0.557,0.821,0.392
Joint 0: ,-1.7,-1.439,-0.82,-0.099,-0.119,0.063,0.438,0.688,0.797,1.011,1.216,1.325,1.258,1.35,1.573,1.722,1.751,1.735,1.581,1.822,1.828,1.703
Joint 1: ,-1.0,-1.077,-0.625,-0.627,-0.836,-0.488,-0.387,-0.639,-0.696,-0.832,-0.859,-0.887,-1.052,-0.979,-0.915,-0.989,-0.864,-0.632,-0.604,-0.647,-1.042,-0.998
Joint 2: ,0.2,0.135,0.362,0.203,0.225,0.256,0.571,0.593,0.754,0.639,0.64,0.878,0.649,0.47,0.47,0.367,0.336,0.287,0.11,0.378,0.314,0.479
Joint 3: ,-0.1,-0.265,-0.294,0.033,0.389,-0.063,0.306,0.479,0.615,0.516,0.384,0.249,0.472,0.6,0.651,0.427,0.749,0.856,0.849,0.835,0.495,0.32
Joint 4: ,0.3,0.133,0.173,0.492,0.588,0.363,-0.128,-0.303,-0.228,-0.217,-0.225,-0.234,-0.252,-0.242,-0.114,-0.078,-0.005,0.011,-0.112,0.027,0.013,-0.181
Joint 5: ,0.2,0.407,0.235,0.269,0.133,0.224,0.18,0.163,0.016,0.008,0.072,0.113,0.255,0.273,0.391,0.409,0.36,0.503,0.486,0.651,0.415,0.233
Joint 6: ,0.1,-0.012,0.237,0.127,-0.331,0.009,-0.167,-0.097,-0.157,-0.111,-0.272,-0.243,-0.177,-0.342,-0.399,-0.383,-0.524,-0.494,-0.358,-0.721,-0.137,-0.229
Trial,2,2D Sim,False,Distance Weight,0.85,Random Seed,30,Min Iterations,500,Lazy,True,Distance cost,0.610510603762656,Manip Cost,9.066922199906033,Total cost,1.8789723431841627,Node cost function,True,Percent Manip Threshold,0,Update Path,False,Increasing weight,False,Parent finding radius R,0.9,Step Size,0.3,Goal Area Sample Probability,0.05,Goal Area Delta,0.6
Manipulability,0.032,0.066,0.12,0.123,0.111,0.041,0.041,0.092,0.141,0.152,0.141,0.186,0.203,0.147,0.147,0.17,0.159,0.15,0.133,0.101
Distance to Last Node,0.0,0.424,0.893,0.797,0.3,0.639,0.873,0.81,0.3,0.3,0.3,0.516,0.3,0.83,0.3,0.449,0.3,0.3,0.423,0.188
Joint 0: ,-1.7,-1.434,-0.891,-0.215,-0.259,0.193,0.744,1.09,1.195,1.305,1.536,1.17,1.197,1.587,1.75,1.745,1.833,1.809,1.717,1.7
Joint 1: ,-1.0,-1.081,-1.021,-0.845,-0.912,-0.651,-0.39,-0.593,-0.733,-0.778,-0.776,-0.993,-1.073,-0.824,-0.728,-0.981,-0.996,-1.129,-0.993,-1.0
Joint 2: ,0.2,0.282,0.087,-0.17,-0.293,-0.19,0.098,0.644,0.651,0.769,0.715,0.755,0.918,0.568,0.434,0.537,0.732,0.627,0.514,0.5
Joint 3: ,-0.1,0.187,-0.308,-0.182,-0.058,-0.038,0.36,0.384,0.583,0.732,0.673,0.739,0.892,0.694,0.857,0.592,0.542,0.325,0.412,0.3
Joint 4: ,0.3,0.357,0.235,0.071,-0.135,0.125,0.228,0.007,0.022,0.215,0.077,0.237,0.374,-0.173,-0.198,-0.286,-0.407,-0.51,-0.233,-0.2
Joint 5: ,0.2,0.111,-0.124,-0.323,-0.399,-0.175,0.141,0.435,0.572,0.52,0.426,0.534,0.467,0.396,0.319,0.495,0.389,0.406,0.313,0.2
Joint 6: ,0.1,0.053,0.436,0.439,0.51,0.421,0.225,-0.021,-0.001,-0.008,-0.054,0.15,0.053,-0.047,-0.103,0.033,0.157,0.104,-0.11,-0.2
