Trial,1,2D Sim,False,Distance Weight,0.9,Random Seed,15,Min Iterations,1200,Lazy,True,Distance cost,0.8474537444015214,Manip Cost,12.784968373017842,Total cost,2.041205207263153,Node cost function,False,Percent Manip Threshold,0,Update Path,False,Increasing weight,False,Parent finding radius R,0.9,Step Size,0.3,Goal Area Sample Probability,0.05,Goal Area Delta,0.6
Manipulability,0.032,0.068,0.041,0.043,0.084,0.019,0.049,0.08,0.087,0.09,0.082,0.07,0.058,0.141,0.147,0.104,0.155,0.146,0.153,0.184,0.164,0.166,0.208,0.109
Distance to Last Node,0.0,0.435,0.857,0.875,0.639,0.846,0.791,0.3,0.3,0.3,0.3,0.3,0.3,0.584,0.3,0.751,0.821,0.3,0.385,0.715,0.822,0.3,0.821,0.786
Joint 0: ,-1.7,-1.439,-0.82,-0.099,-0.119,0.274,0.638,0.688,0.797,1.011,1.216,1.325,1.304,1.258,1.35,1.385,1.573,1.722,1.751,1.25,1.735,1.581,1.198,1.703
Joint 1: ,-1.0,-1.077,-0.625,-0.627,-0.836,-0.423,-0.448,-0.639,-0.696,-0.832,-0.859,-0.887,-0.999,-1.052,-0.979,-1.06,-0.915,-0.989,-0.864,-1.054,-0.632,-0.604,-1.2,-0.998
Joint 2: ,0.2,0.135,0.362,0.203,0.225,0.226,0.448,0.593,0.754,0.639,0.64,0.878,1.084,0.649,0.47,1.022,0.47,0.367,0.336,0.519,0.287,0.11,0.307,0.479
Joint 3: ,-0.1,-0.265,-0.294,0.033,0.389,-0.083,0.444,0.479,0.615,0.516,0.384,0.249,0.195,0.472,0.6,0.386,0.651,0.427,0.749,0.738,0.856,0.849,0.663,0.32
Joint 4: ,0.3,0.133,0.173,0.492,0.588,0.233,-0.153,-0.303,-0.228,-0.217,-0.225,-0.234,-0.064,-0.252,-0.242,0.046,-0.114,-0.078,-0.005,-0.405,0.011,-0.112,-0.417,-0.181
Joint 5: ,0.2,0.407,0.235,0.269,0.133,0.219,0.089,0.163,0.016,0.008,0.072,0.113,0.072,0.255,0.273,0.085,0.391,0.409,0.36,0.433,0.503,0.486,0.556,0.233
Joint 6: ,0.1,-0.012,0.237,0.127,-0.331,-0.142,-0.11,-0.097,-0.157,-0.111,-0.272,-0.243,-0.213,-0.177,-0.342,-0.048,-0.399,-0.383,-0.524,-0.364,-0.494,-0.358,-0.348,-0.229
Trial,2,2D Sim,False,Distance Weight,0.9,Random Seed,30,Min Iterations,1200,Lazy,True,Distance cost,0.6247263978176011,Manip Cost,10.125109689503864,Total cost,1.5747647269862273,Node cost function,False,Percent Manip Threshold,0,Update Path,False,Increasing weight,False,Parent finding radius R,0.9,Step Size,0.3,Goal Area Sample Probability,0.05,Goal Area Delta,0.6
Manipulability,0.032,0.066,0.12,0.123,0.041,0.041,0.092,0.141,0.152,0.141,0.186,0.203,0.147,0.182,0.186,0.204,0.101
Distance to Last Node,0.0,0.424,0.893,0.797,0.501,0.873,0.81,0.3,0.3,0.3,0.516,0.3,0.83,0.671,0.3,0.871,0.771
Joint 0: ,-1.7,-1.434,-0.891,-0.215,0.193,0.744,1.09,1.195,1.305,1.536,1.17,1.197,1.587,1.821,1.769,1.922,1.7
Joint 1: ,-1.0,-1.081,-1.021,-0.845,-0.651,-0.39,-0.593,-0.733,-0.778,-0.776,-0.993,-1.073,-0.824,-1.04,-0.996,-1.464,-1.0
Joint 2: ,0.2,0.282,0.087,-0.17,-0.19,0.098,0.644,0.651,0.769,0.715,0.755,0.918,0.568,0.757,0.914,0.48,0.5
Joint 3: ,-0.1,0.187,-0.308,-0.182,-0.038,0.36,0.384,0.583,0.732,0.673,0.739,0.892,0.694,0.668,0.843,0.668,0.3
Joint 4: ,0.3,0.357,0.235,0.071,0.125,0.228,0.007,0.022,0.215,0.077,0.237,0.374,-0.173,-0.514,-0.649,-0.248,-0.2
Joint 5: ,0.2,0.111,-0.124,-0.323,-0.175,0.141,0.435,0.572,0.52,0.426,0.534,0.467,0.396,0.466,0.456,0.196,0.2
Joint 6: ,0.1,0.053,0.436,0.439,0.421,0.225,-0.021,-0.001,-0.008,-0.054,0.15,0.053,-0.047,0.39,0.497,0.239,-0.2
Trial,3,2D Sim,False,Distance Weight,0.9,Random Seed,45,Min Iterations,1200,Lazy,True,Distance cost,0.6926289370954108,Manip Cost,11.359352526360603,Total cost,1.7593012960219299,Node cost function,False,Percent Manip Threshold,0,Update Path,False,Increasing weight,False,Parent finding radius R,0.9,Step Size,0.3,Goal Area Sample Probability,0.05,Goal Area Delta,0.6
Manipulability,0.032,0.071,0.06,0.079,0.081,0.072,0.074,0.068,0.119,0.139,0.042,0.055,0.068,0.166,0.139,0.216,0.121,0.153,0.196,0.101
Distance to Last Node,0.0,0.57,0.3,0.884,0.3,0.3,0.852,0.3,0.8,0.3,0.646,0.852,0.3,0.658,0.3,0.467,0.835,0.3,0.839,0.684
Joint 0: ,-1.7,-1.366,-1.209,-0.647,-0.67,-0.507,-0.064,0.079,0.653,0.827,0.933,1.236,1.353,1.601,1.769,1.696,1.765,1.81,1.852,1.7
Joint 1: ,-1.0,-0.722,-0.664,-0.598,-0.6,-0.446,-0.562,-0.417,-0.599,-0.653,-0.496,-0.465,-0.319,0.016,0.065,0.147,-0.538,-0.479,-1.109,-1.0
Joint 2: ,0.2,0.464,0.322,0.516,0.679,0.79,1.139,1.104,0.874,1.053,0.977,0.533,0.428,0.471,0.57,0.403,0.293,0.27,0.383,0.5
Joint 3: ,-0.1,0.004,-0.098,-0.179,-0.186,-0.319,-0.531,-0.519,-0.499,-0.608,-0.149,0.336,0.444,0.851,0.876,0.882,0.852,1.001,0.706,0.3
Joint 4: ,0.3,0.395,0.275,-0.333,-0.444,-0.365,0.111,0.268,0.234,0.341,-0.047,0.199,0.154,-0.031,0.066,-0.226,-0.296,-0.51,-0.555,-0.2
Joint 5: ,0.2,0.415,0.436,0.63,0.619,0.663,0.315,0.229,-0.041,-0.029,-0.088,0.281,0.352,0.202,0.008,0.309,0.139,0.156,0.557,0.2
Joint 6: ,0.1,0.114,-0.014,-0.112,0.113,0.154,0.151,0.028,-0.36,-0.326,-0.428,-0.495,-0.653,-0.84,-0.883,-0.935,-0.515,-0.388,-0.179,-0.2
Trial,4,2D Sim,False,Distance Weight,0.9,Random Seed,60,Min Iterations,1200,Lazy,True,Distance cost,0.7254197663331461,Manip Cost,9.928857505938957,Total cost,1.645763540293727,Node cost function,False,Percent Manip Threshold,0,Update Path,False,Increasing weight,False,Parent finding radius R,0.9,Step Size,0.3,Goal Area Sample Probability,0.05,Goal Area Delta,0.6
Manipulability,0.032,0.168,0.139,0.117,0.082,0.016,0.067,0.059,0.098,0.122,0.112,0.15,0.151,0.175,0.199,0.224,0.246,0.251,0.218,0.101
Distance to Last Node,0.0,0.596,0.494,0.542,0.6,0.837,0.606,0.872,0.719,0.771,0.3,0.46,0.3,0.487,0.894,0.3,0.3,0.3,0.837,0.767
Joint 0: ,-1.7,-1.524,-1.481,-1.111,-0.953,-0.344,0.064,0.779,1.31,1.283,1.384,1.329,1.391,1.173,1.294,1.318,1.341,1.351,1.434,1.7
Joint 1: ,-1.0,-0.991,-0.769,-0.562,-0.527,-0.329,-0.496,-0.426,-0.847,-0.712,-0.6,-0.841,-0.88,-0.928,-1.432,-1.393,-1.447,-1.537,-1.317,-1.0
Joint 2: ,0.2,0.285,0.545,0.658,1.009,0.959,0.944,0.743,0.733,0.583,0.743,0.402,0.189,0.396,0.902,1.103,1.244,1.252,0.834,0.5
Joint 3: ,-0.1,-0.524,-0.388,-0.302,-0.12,-0.095,0.06,0.054,0.239,0.347,0.444,0.469,0.428,0.532,0.325,0.472,0.57,0.755,0.553,0.3
Joint 4: ,0.3,0.187,0.339,0.156,-0.241,-0.328,-0.256,-0.405,-0.4,0.007,0.118,0.153,0.105,0.344,0.091,0.239,0.421,0.606,-0.005,-0.2
Joint 5: ,0.2,-0.059,-0.176,-0.274,-0.323,0.147,0.45,0.451,0.325,0.601,0.592,0.635,0.623,0.758,0.511,0.546,0.628,0.536,0.495,0.2
Joint 6: ,0.1,-0.138,0.126,0.351,0.218,0.463,0.238,-0.19,-0.111,-0.658,-0.799,-0.625,-0.813,-0.572,-0.246,-0.297,-0.166,-0.094,0.141,-0.2
Trial,5,2D Sim,False,Distance Weight,0.9,Random Seed,75,Min Iterations,1200,Lazy,True,Distance cost,0.6566693172647529,Manip Cost,10.25666581957412,Total cost,1.6166689674956893,Node cost function,False,Percent Manip Threshold,0,Update Path,False,Increasing weight,False,Parent finding radius R,0.9,Step Size,0.3,Goal Area Sample Probability,0.05,Goal Area Delta,0.6
Manipulability,0.032,0.07,0.084,0.055,0.058,0.047,0.067,0.108,0.116,0.127,0.127,0.136,0.154,0.161,0.207,0.227,0.244,0.262,0.174,0.101
Distance to Last Node,0.0,0.3,0.675,0.803,0.3,0.554,0.811,0.795,0.3,0.533,0.686,0.3,0.3,0.504,0.711,0.3,0.3,0.3,0.713,0.756
Joint 0: ,-1.7,-1.731,-1.886,-1.305,-1.108,-0.625,0.074,0.354,0.35,0.31,0.722,1.003,1.062,1.044,1.272,1.287,1.355,1.547,1.507,1.7
Joint 1: ,-1.0,-0.885,-0.763,-0.424,-0.308,-0.274,-0.49,-0.61,-0.669,-0.455,-0.805,-0.86,-0.949,-0.998,-1.182,-1.259,-1.366,-1.476,-1.047,-1.0
Joint 2: ,0.2,0.261,0.667,0.586,0.723,0.795,0.656,0.259,0.452,0.074,0.394,0.412,0.299,0.508,0.471,0.718,0.907,0.889,0.505,0.5
Joint 3: ,-0.1,0.054,-0.226,-0.309,-0.344,-0.228,0.08,0.533,0.503,0.679,0.506,0.548,0.549,0.703,0.617,0.747,0.714,0.793,0.53,0.3
Joint 4: ,0.3,0.382,0.091,-0.3,-0.354,-0.441,-0.409,-0.652,-0.734,-0.562,-0.52,-0.592,-0.782,-0.431,0.139,0.198,0.344,0.247,0.18,-0.2
Joint 5: ,0.2,0.309,0.574,0.548,0.634,0.497,0.477,0.415,0.475,0.426,0.413,0.391,0.494,0.292,0.571,0.552,0.603,0.747,0.496,0.2
Joint 6: ,0.1,0.273,0.137,0.298,0.215,0.047,-0.034,-0.368,-0.563,-0.387,-0.596,-0.571,-0.433,-0.573,-0.666,-0.713,-0.827,-0.895,-0.697,-0.2
Trial,1,2D Sim,False,Distance Weight,0.85,Random Seed,15,Min Iterations,1200,Lazy,True,Distance cost,1.1923278322414543,Manip Cost,11.289747830160067,Total cost,2.7069408319292467,Node cost function,False,Percent Manip Threshold,0,Update Path,False,Increasing weight,False,Parent finding radius R,0.9,Step Size,0.3,Goal Area Sample Probability,0.05,Goal Area Delta,0.6
Manipulability,0.032,0.068,0.041,0.043,0.084,0.019,0.049,0.08,0.087,0.09,0.082,0.07,0.058,0.141,0.025,0.147,0.104,0.155,0.146,0.153,0.184,0.128,0.164,0.166,0.171,0.16,0.199,0.196,0.202,0.199,0.234,0.109
Distance to Last Node,0.0,0.435,0.857,0.875,0.639,0.846,0.791,0.3,0.3,0.3,0.3,0.3,0.3,0.584,0.845,0.888,0.751,0.821,0.3,0.385,0.715,0.852,0.623,0.3,0.557,0.821,0.404,0.3,0.856,0.3,0.764,0.74
Joint 0: ,-1.7,-1.439,-0.82,-0.099,-0.119,0.274,0.638,0.688,0.797,1.011,1.216,1.325,1.304,1.258,1.398,1.35,1.385,1.573,1.722,1.751,1.25,1.889,1.735,1.581,1.822,1.828,1.887,1.966,1.379,1.538,1.932,1.703
Joint 1: ,-1.0,-1.077,-0.625,-0.627,-0.836,-0.423,-0.448,-0.639,-0.696,-0.832,-0.859,-0.887,-0.999,-1.052,-0.626,-0.979,-1.06,-0.915,-0.989,-0.864,-1.054,-0.821,-0.632,-0.604,-0.647,-1.042,-1.327,-1.323,-1.272,-1.42,-1.34,-0.998
Joint 2: ,0.2,0.135,0.362,0.203,0.225,0.226,0.448,0.593,0.754,0.639,0.64,0.878,1.084,0.649,0.866,0.47,1.022,0.47,0.367,0.336,0.519,0.469,0.287,0.11,0.378,0.314,0.249,0.187,0.639,0.715,0.195,0.479
Joint 3: ,-0.1,-0.265,-0.294,0.033,0.389,-0.083,0.444,0.479,0.615,0.516,0.384,0.249,0.195,0.472,0.094,0.6,0.386,0.651,0.427,0.749,0.738,0.363,0.856,0.849,0.835,0.495,0.538,0.645,0.433,0.259,0.585,0.32
Joint 4: ,0.3,0.133,0.173,0.492,0.588,0.233,-0.153,-0.303,-0.228,-0.217,-0.225,-0.234,-0.064,-0.252,-0.656,-0.242,0.046,-0.114,-0.078,-0.005,-0.405,-0.075,0.011,-0.112,0.027,0.013,-0.251,-0.426,-0.18,-0.18,-0.258,-0.181
Joint 5: ,0.2,0.407,0.235,0.269,0.133,0.219,0.089,0.163,0.016,0.008,0.072,0.113,0.072,0.255,0.068,0.273,0.085,0.391,0.409,0.36,0.433,0.504,0.503,0.486,0.651,0.415,0.388,0.276,0.541,0.581,0.675,0.233
Joint 6: ,0.1,-0.012,0.237,0.127,-0.331,-0.142,-0.11,-0.097,-0.157,-0.111,-0.272,-0.243,-0.213,-0.177,-0.531,-0.342,-0.048,-0.399,-0.383,-0.524,-0.364,-0.281,-0.494,-0.358,-0.721,-0.137,-0.088,-0.247,-0.32,-0.247,-0.068,-0.229
Trial,2,2D Sim,False,Distance Weight,0.85,Random Seed,30,Min Iterations,1200,Lazy,True,Distance cost,0.7620862018864373,Manip Cost,9.413217986676225,Total cost,2.0597559696049057,Node cost function,False,Percent Manip Threshold,0,Update Path,False,Increasing weight,False,Parent finding radius R,0.9,Step Size,0.3,Goal Area Sample Probability,0.05,Goal Area Delta,0.6
Manipulability,0.032,0.066,0.12,0.115,0.123,0.041,0.041,0.092,0.141,0.152,0.141,0.186,0.203,0.147,0.147,0.164,0.17,0.186,0.204,0.213,0.101
Distance to Last Node,0.0,0.424,0.893,0.585,0.3,0.501,0.873,0.81,0.3,0.3,0.3,0.516,0.3,0.83,0.3,0.773,0.821,0.745,0.871,0.3,0.796
Joint 0: ,-1.7,-1.434,-0.891,-0.354,-0.215,0.193,0.744,1.09,1.195,1.305,1.536,1.17,1.197,1.587,1.75,1.449,1.745,1.769,1.922,1.901,1.7
Joint 1: ,-1.0,-1.081,-1.021,-0.884,-0.845,-0.651,-0.39,-0.593,-0.733,-0.778,-0.776,-0.993,-1.073,-0.824,-0.728,-0.771,-0.981,-0.996,-1.464,-1.449,-1.0
Joint 2: ,0.2,0.282,0.087,0.019,-0.17,-0.19,0.098,0.644,0.651,0.769,0.715,0.755,0.918,0.568,0.434,0.694,0.537,0.914,0.48,0.288,0.5
Joint 3: ,-0.1,0.187,-0.308,-0.199,-0.182,-0.038,0.36,0.384,0.583,0.732,0.673,0.739,0.892,0.694,0.857,0.849,0.592,0.843,0.668,0.794,0.3
Joint 4: ,0.3,0.357,0.235,0.234,0.071,0.125,0.228,0.007,0.022,0.215,0.077,0.237,0.374,-0.173,-0.198,0.35,-0.286,-0.649,-0.248,-0.344,-0.2
Joint 5: ,0.2,0.111,-0.124,-0.255,-0.323,-0.175,0.141,0.435,0.572,0.52,0.426,0.534,0.467,0.396,0.319,0.689,0.495,0.456,0.196,0.148,0.2
Joint 6: ,0.1,0.053,0.436,0.394,0.439,0.421,0.225,-0.021,-0.001,-0.008,-0.054,0.15,0.053,-0.047,-0.103,-0.064,0.033,0.497,0.239,0.08,-0.2
Trial,3,2D Sim,False,Distance Weight,0.85,Random Seed,45,Min Iterations,1200,Lazy,True,Distance cost,0.8442445444390217,Manip Cost,10.825802006114305,Total cost,2.3414781636903146,Node cost function,False,Percent Manip Threshold,0,Update Path,False,Increasing weight,False,Parent finding radius R,0.9,Step Size,0.3,Goal Area Sample Probability,0.05,Goal Area Delta,0.6
Manipulability,0.032,0.071,0.06,0.079,0.081,0.072,0.074,0.068,0.119,0.062,0.139,0.042,0.055,0.068,0.166,0.139,0.216,0.121,0.153,0.137,0.142,0.174,0.196,0.101
Distance to Last Node,0.0,0.57,0.3,0.884,0.3,0.3,0.852,0.3,0.8,0.411,0.55,0.646,0.852,0.3,0.658,0.3,0.467,0.835,0.3,0.431,0.891,0.85,0.3,0.684
Joint 0: ,-1.7,-1.366,-1.209,-0.647,-0.67,-0.507,-0.064,0.079,0.653,0.764,0.827,0.933,1.236,1.353,1.601,1.769,1.696,1.765,1.81,1.832,2.045,1.942,1.852,1.7
Joint 1: ,-1.0,-0.722,-0.664,-0.598,-0.6,-0.446,-0.562,-0.417,-0.599,-0.644,-0.653,-0.496,-0.465,-0.319,0.016,0.065,0.147,-0.538,-0.479,-0.582,-0.657,-1.007,-1.109,-1.0
Joint 2: ,0.2,0.464,0.322,0.516,0.679,0.79,1.139,1.104,0.874,0.937,1.053,0.977,0.533,0.428,0.471,0.57,0.403,0.293,0.27,0.194,0.629,0.62,0.383,0.5
Joint 3: ,-0.1,0.004,-0.098,-0.179,-0.186,-0.319,-0.531,-0.519,-0.499,-0.261,-0.608,-0.149,0.336,0.444,0.851,0.876,0.882,0.852,1.001,1.003,1.149,0.619,0.706,0.3
Joint 4: ,0.3,0.395,0.275,-0.333,-0.444,-0.365,0.111,0.268,0.234,-0.063,0.341,-0.047,0.199,0.154,-0.031,0.066,-0.226,-0.296,-0.51,-0.116,-0.839,-0.62,-0.555,-0.2
Joint 5: ,0.2,0.415,0.436,0.63,0.619,0.663,0.315,0.229,-0.041,-0.014,-0.029,-0.088,0.281,0.352,0.202,0.008,0.309,0.139,0.156,0.043,0.011,0.508,0.557,0.2
Joint 6: ,0.1,0.114,-0.014,-0.112,0.113,0.154,0.151,0.028,-0.36,-0.288,-0.326,-0.428,-0.495,-0.653,-0.84,-0.883,-0.935,-0.515,-0.388,-0.419,-0.329,-0.218,-0.179,-0.2
Trial,4,2D Sim,False,Distance Weight,0.85,Random Seed,60,Min Iterations,1200,Lazy,True,Distance cost,0.8844021215460978,Manip Cost,9.310782535483277,Total cost,2.148359183636675,Node cost function,False,Percent Manip Threshold,0,Update Path,False,Increasing weight,False,Parent finding radius R,0.9,Step Size,0.3,Goal Area Sample Probability,0.05,Goal Area Delta,0.6
Manipulability,0.032,0.168,0.139,0.117,0.082,0.016,0.067,0.059,0.098,0.102,0.182,0.121,0.182,0.199,0.088,0.224,0.246,0.132,0.251,0.218,0.101
Distance to Last Node,0.0,0.596,0.494,0.542,0.6,0.837,0.606,0.872,0.719,0.568,0.878,0.685,0.814,0.3,0.677,0.829,0.3,0.641,0.825,0.837,0.767
Joint 0: ,-1.7,-1.524,-1.481,-1.111,-0.953,-0.344,0.064,0.779,1.31,1.202,1.357,1.368,1.212,1.294,1.266,1.318,1.341,1.346,1.351,1.434,1.7
Joint 1: ,-1.0,-0.991,-0.769,-0.562,-0.527,-0.329,-0.496,-0.426,-0.847,-0.741,-1.227,-0.961,-1.392,-1.432,-1.189,-1.393,-1.447,-1.5,-1.537,-1.317,-1.0
Joint 2: ,0.2,0.285,0.545,0.658,1.009,0.959,0.944,0.743,0.733,0.688,0.938,0.839,0.808,0.902,0.867,1.103,1.244,0.936,1.252,0.834,0.5
Joint 3: ,-0.1,-0.524,-0.388,-0.302,-0.12,-0.095,0.06,0.054,0.239,0.199,0.31,0.358,0.204,0.325,0.347,0.472,0.57,0.192,0.755,0.553,0.3
Joint 4: ,0.3,0.187,0.339,0.156,-0.241,-0.328,-0.256,-0.405,-0.4,-0.156,-0.045,-0.613,-0.005,0.091,-0.277,0.239,0.421,0.219,0.606,-0.005,-0.2
Joint 5: ,0.2,-0.059,-0.176,-0.274,-0.323,0.147,0.45,0.451,0.325,0.475,0.514,0.302,0.542,0.511,0.002,0.546,0.628,0.319,0.536,0.495,0.2
Joint 6: ,0.1,-0.138,0.126,0.351,0.218,0.463,0.238,-0.19,-0.111,-0.573,0.076,-0.06,-0.027,-0.246,-0.2,-0.297,-0.166,-0.349,-0.094,0.141,-0.2
Trial,5,2D Sim,False,Distance Weight,0.85,Random Seed,75,Min Iterations,1200,Lazy,True,Distance cost,0.9025307801069358,Manip Cost,9.639153357983854,Total cost,2.2130241667884736,Node cost function,False,Percent Manip Threshold,0,Update Path,False,Increasing weight,False,Parent finding radius R,0.9,Step Size,0.3,Goal Area Sample Probability,0.05,Goal Area Delta,0.6
Manipulability,0.032,0.07,0.084,0.055,0.058,0.047,0.067,0.108,0.116,0.127,0.103,0.099,0.127,0.084,0.136,0.154,0.161,0.148,0.168,0.162,0.207,0.227,0.244,0.262,0.174,0.101
Distance to Last Node,0.0,0.3,0.675,0.803,0.3,0.554,0.811,0.795,0.3,0.533,0.634,0.3,0.482,0.628,0.689,0.3,0.504,0.673,0.872,0.454,0.688,0.3,0.3,0.3,0.713,0.756
Joint 0: ,-1.7,-1.731,-1.886,-1.305,-1.108,-0.625,0.074,0.354,0.35,0.31,0.509,0.506,0.722,0.703,1.003,1.062,1.044,1.166,1.083,1.134,1.272,1.287,1.355,1.547,1.507,1.7
Joint 1: ,-1.0,-0.885,-0.763,-0.424,-0.308,-0.274,-0.49,-0.61,-0.669,-0.455,-0.727,-0.794,-0.805,-0.751,-0.86,-0.949,-0.998,-0.851,-1.116,-0.877,-1.182,-1.259,-1.366,-1.476,-1.047,-1.0
Joint 2: ,0.2,0.261,0.667,0.586,0.723,0.795,0.656,0.259,0.452,0.074,0.403,0.646,0.394,0.796,0.412,0.299,0.508,0.159,0.499,0.342,0.471,0.718,0.907,0.889,0.505,0.5
Joint 3: ,-0.1,0.054,-0.226,-0.309,-0.344,-0.228,0.08,0.533,0.503,0.679,0.446,0.374,0.506,0.409,0.548,0.549,0.703,0.686,0.55,0.599,0.617,0.747,0.714,0.793,0.53,0.3
Joint 4: ,0.3,0.382,0.091,-0.3,-0.354,-0.441,-0.409,-0.652,-0.734,-0.562,-0.634,-0.659,-0.52,-0.693,-0.592,-0.782,-0.431,-0.931,-0.212,-0.438,0.139,0.198,0.344,0.247,0.18,-0.2
Joint 5: ,0.2,0.309,0.574,0.548,0.634,0.497,0.477,0.415,0.475,0.426,0.329,0.273,0.413,0.143,0.391,0.494,0.292,0.498,0.337,0.594,0.571,0.552,0.603,0.747,0.496,0.2
Joint 6: ,0.1,0.273,0.137,0.298,0.215,0.047,-0.034,-0.368,-0.563,-0.387,-0.719,-0.852,-0.596,-0.938,-0.571,-0.433,-0.573,-0.528,-0.608,-0.566,-0.666,-0.713,-0.827,-0.895,-0.697,-0.2
Trial,1,2D Sim,False,Distance Weight,0.8,Random Seed,15,Min Iterations,1200,Lazy,True,Distance cost,1.421504687767971,Manip Cost,10.534251166974355,Total cost,3.2440539836092475,Node cost function,False,Percent Manip Threshold,0,Update Path,False,Increasing weight,False,Parent finding radius R,0.9,Step Size,0.3,Goal Area Sample Probability,0.05,Goal Area Delta,0.6
Manipulability,0.032,0.068,0.041,0.043,0.084,0.019,0.049,0.08,0.087,0.09,0.082,0.07,0.058,0.141,0.025,0.147,0.104,0.155,0.146,0.153,0.184,0.128,0.164,0.166,0.171,0.16,0.118,0.154,0.137,0.199,0.196,0.202,0.174,0.199,0.234,0.109
Distance to Last Node,0.0,0.435,0.857,0.875,0.639,0.846,0.791,0.3,0.3,0.3,0.3,0.3,0.3,0.584,0.845,0.888,0.751,0.821,0.3,0.385,0.715,0.852,0.623,0.3,0.557,0.821,0.659,0.816,0.722,0.707,0.3,0.856,0.651,0.618,0.764,0.74
Joint 0: ,-1.7,-1.439,-0.82,-0.099,-0.119,0.274,0.638,0.688,0.797,1.011,1.216,1.325,1.304,1.258,1.398,1.35,1.385,1.573,1.722,1.751,1.25,1.889,1.735,1.581,1.822,1.828,1.689,1.977,1.703,1.887,1.966,1.379,1.327,1.538,1.932,1.703
Joint 1: ,-1.0,-1.077,-0.625,-0.627,-0.836,-0.423,-0.448,-0.639,-0.696,-0.832,-0.859,-0.887,-0.999,-1.052,-0.626,-0.979,-1.06,-0.915,-0.989,-0.864,-1.054,-0.821,-0.632,-0.604,-0.647,-1.042,-0.812,-1.168,-0.999,-1.327,-1.323,-1.272,-1.338,-1.42,-1.34,-0.998
Joint 2: ,0.2,0.135,0.362,0.203,0.225,0.226,0.448,0.593,0.754,0.639,0.64,0.878,1.084,0.649,0.866,0.47,1.022,0.47,0.367,0.336,0.519,0.469,0.287,0.11,0.378,0.314,0.223,0.361,0.028,0.249,0.187,0.639,0.597,0.715,0.195,0.479
Joint 3: ,-0.1,-0.265,-0.294,0.033,0.389,-0.083,0.444,0.479,0.615,0.516,0.384,0.249,0.195,0.472,0.094,0.6,0.386,0.651,0.427,0.749,0.738,0.363,0.856,0.849,0.835,0.495,0.715,0.355,0.611,0.538,0.645,0.433,0.258,0.259,0.585,0.32
Joint 4: ,0.3,0.133,0.173,0.492,0.588,0.233,-0.153,-0.303,-0.228,-0.217,-0.225,-0.234,-0.064,-0.252,-0.656,-0.242,0.046,-0.114,-0.078,-0.005,-0.405,-0.075,0.011,-0.112,0.027,0.013,-0.029,-0.156,-0.07,-0.251,-0.426,-0.18,-0.481,-0.18,-0.258,-0.181
Joint 5: ,0.2,0.407,0.235,0.269,0.133,0.219,0.089,0.163,0.016,0.008,0.072,0.113,0.072,0.255,0.068,0.273,0.085,0.391,0.409,0.36,0.433,0.504,0.503,0.486,0.651,0.415,0.107,0.373,0.162,0.388,0.276,0.541,0.491,0.581,0.675,0.233
Joint 6: ,0.1,-0.012,0.237,0.127,-0.331,-0.142,-0.11,-0.097,-0.157,-0.111,-0.272,-0.243,-0.213,-0.177,-0.531,-0.342,-0.048,-0.399,-0.383,-0.524,-0.364,-0.281,-0.494,-0.358,-0.721,-0.137,-0.594,-0.124,-0.558,-0.088,-0.247,-0.32,0.22,-0.247,-0.068,-0.229
Trial,2,2D Sim,False,Distance Weight,0.8,Random Seed,30,Min Iterations,1200,Lazy,True,Distance cost,0.9565675081936708,Manip Cost,8.79506666801981,Total cost,2.5242673401588984,Node cost function,False,Percent Manip Threshold,0,Update Path,False,Increasing weight,False,Parent finding radius R,0.9,Step Size,0.3,Goal Area Sample Probability,0.05,Goal Area Delta,0.6
Manipulability,0.032,0.066,0.12,0.115,0.123,0.041,0.041,0.092,0.141,0.152,0.141,0.186,0.203,0.147,0.147,0.164,0.17,0.144,0.159,0.161,0.167,0.186,0.204,0.213,0.101
Distance to Last Node,0.0,0.424,0.893,0.585,0.3,0.501,0.873,0.81,0.3,0.3,0.3,0.516,0.3,0.83,0.3,0.773,0.821,0.678,0.839,0.703,0.86,0.608,0.871,0.3,0.796
Joint 0: ,-1.7,-1.434,-0.891,-0.354,-0.215,0.193,0.744,1.09,1.195,1.305,1.536,1.17,1.197,1.587,1.75,1.449,1.745,1.206,1.833,1.821,1.939,1.769,1.922,1.901,1.7
Joint 1: ,-1.0,-1.081,-1.021,-0.884,-0.845,-0.651,-0.39,-0.593,-0.733,-0.778,-0.776,-0.993,-1.073,-0.824,-0.728,-0.771,-0.981,-0.824,-0.996,-0.642,-1.152,-0.996,-1.464,-1.449,-1.0
Joint 2: ,0.2,0.282,0.087,0.019,-0.17,-0.19,0.098,0.644,0.651,0.769,0.715,0.755,0.918,0.568,0.434,0.694,0.537,0.505,0.732,0.254,0.803,0.914,0.48,0.288,0.5
Joint 3: ,-0.1,0.187,-0.308,-0.199,-0.182,-0.038,0.36,0.384,0.583,0.732,0.673,0.739,0.892,0.694,0.857,0.849,0.592,0.411,0.542,0.836,0.638,0.843,0.668,0.794,0.3
Joint 4: ,0.3,0.357,0.235,0.234,0.071,0.125,0.228,0.007,0.022,0.215,0.077,0.237,0.374,-0.173,-0.198,0.35,-0.286,-0.005,-0.407,-0.304,-0.404,-0.649,-0.248,-0.344,-0.2
Joint 5: ,0.2,0.111,-0.124,-0.255,-0.323,-0.175,0.141,0.435,0.572,0.52,0.426,0.534,0.467,0.396,0.319,0.689,0.495,0.615,0.389,0.486,0.19,0.456,0.196,0.148,0.2
Joint 6: ,0.1,0.053,0.436,0.394,0.439,0.421,0.225,-0.021,-0.001,-0.008,-0.054,0.15,0.053,-0.047,-0.103,-0.064,0.033,0.166,0.157,-0.028,0.135,0.497,0.239,0.08,-0.2
Trial,3,2D Sim,False,Distance Weight,0.8,Random Seed,45,Min Iterations,1200,Lazy,True,Distance cost,1.0512935103618608,Manip Cost,10.00566824061263,Total cost,2.8421684564120144,Node cost function,False,Percent Manip Threshold,0,Update Path,False,Increasing weight,False,Parent finding radius R,0.9,Step Size,0.3,Goal Area Sample Probability,0.05,Goal Area Delta,0.6
Manipulability,0.032,0.071,0.06,0.079,0.081,0.072,0.074,0.068,0.119,0.062,0.139,0.042,0.055,0.068,0.166,0.139,0.216,0.104,0.119,0.148,0.18,0.086,0.187,0.118,0.197,0.186,0.188,0.218,0.225,0.117,0.101
Distance to Last Node,0.0,0.57,0.3,0.884,0.3,0.3,0.852,0.3,0.8,0.411,0.55,0.646,0.852,0.3,0.658,0.3,0.467,0.655,0.809,0.3,0.3,0.708,0.839,0.524,0.668,0.3,0.3,0.721,0.3,0.869,0.134
Joint 0: ,-1.7,-1.366,-1.209,-0.647,-0.67,-0.507,-0.064,0.079,0.653,0.764,0.827,0.933,1.236,1.353,1.601,1.769,1.696,1.708,1.371,1.45,1.431,1.731,1.54,1.515,1.65,1.665,1.75,1.555,1.598,1.676,1.7
Joint 1: ,-1.0,-0.722,-0.664,-0.598,-0.6,-0.446,-0.562,-0.417,-0.599,-0.644,-0.653,-0.496,-0.465,-0.319,0.016,0.065,0.147,-0.41,-0.879,-1.107,-1.241,-0.906,-1.173,-1.238,-1.206,-1.114,-1.067,-1.313,-1.441,-1.06,-1.0
Joint 2: ,0.2,0.464,0.322,0.516,0.679,0.79,1.139,1.104,0.874,0.937,1.053,0.977,0.533,0.428,0.471,0.57,0.403,0.393,0.349,0.435,0.541,0.583,0.406,0.324,0.278,0.172,0.327,0.61,0.802,0.453,0.5
Joint 3: ,-0.1,0.004,-0.098,-0.179,-0.186,-0.319,-0.531,-0.519,-0.499,-0.261,-0.608,-0.149,0.336,0.444,0.851,0.876,0.882,0.768,0.402,0.353,0.432,0.442,0.399,0.314,0.561,0.59,0.676,0.367,0.259,0.342,0.3
Joint 4: ,0.3,0.395,0.275,-0.333,-0.444,-0.365,0.111,0.268,0.234,-0.063,0.341,-0.047,0.199,0.154,-0.031,0.066,-0.226,-0.128,0.122,0.194,0.384,0.182,0.359,0.12,0.485,0.728,0.871,0.379,0.285,-0.137,-0.2
Joint 5: ,0.2,0.415,0.436,0.63,0.619,0.663,0.315,0.229,-0.041,-0.014,-0.029,-0.088,0.281,0.352,0.202,0.008,0.309,0.145,0.336,0.381,0.432,0.011,0.575,0.181,0.526,0.586,0.71,0.705,0.743,0.224,0.2
Joint 6: ,0.1,0.114,-0.014,-0.112,0.113,0.154,0.151,0.028,-0.36,-0.288,-0.326,-0.428,-0.495,-0.653,-0.84,-0.883,-0.935,-0.673,-0.38,-0.259,-0.135,-0.415,0.047,-0.161,0.173,0.091,0.207,0.148,0.034,-0.127,-0.2
Trial,4,2D Sim,False,Distance Weight,0.8,Random Seed,60,Min Iterations,1200,Lazy,True,Distance cost,0.8844021215460978,Manip Cost,9.310782535483277,Total cost,2.5696782043335333,Node cost function,False,Percent Manip Threshold,0,Update Path,False,Increasing weight,False,Parent finding radius R,0.9,Step Size,0.3,Goal Area Sample Probability,0.05,Goal Area Delta,0.6
Manipulability,0.032,0.168,0.139,0.117,0.082,0.016,0.067,0.059,0.098,0.102,0.182,0.121,0.182,0.199,0.088,0.224,0.246,0.132,0.251,0.218,0.101
Distance to Last Node,0.0,0.596,0.494,0.542,0.6,0.837,0.606,0.872,0.719,0.568,0.878,0.685,0.814,0.3,0.677,0.829,0.3,0.641,0.825,0.837,0.767
Joint 0: ,-1.7,-1.524,-1.481,-1.111,-0.953,-0.344,0.064,0.779,1.31,1.202,1.357,1.368,1.212,1.294,1.266,1.318,1.341,1.346,1.351,1.434,1.7
Joint 1: ,-1.0,-0.991,-0.769,-0.562,-0.527,-0.329,-0.496,-0.426,-0.847,-0.741,-1.227,-0.961,-1.392,-1.432,-1.189,-1.393,-1.447,-1.5,-1.537,-1.317,-1.0
Joint 2: ,0.2,0.285,0.545,0.658,1.009,0.959,0.944,0.743,0.733,0.688,0.938,0.839,0.808,0.902,0.867,1.103,1.244,0.936,1.252,0.834,0.5
Joint 3: ,-0.1,-0.524,-0.388,-0.302,-0.12,-0.095,0.06,0.054,0.239,0.199,0.31,0.358,0.204,0.325,0.347,0.472,0.57,0.192,0.755,0.553,0.3
Joint 4: ,0.3,0.187,0.339,0.156,-0.241,-0.328,-0.256,-0.405,-0.4,-0.156,-0.045,-0.613,-0.005,0.091,-0.277,0.239,0.421,0.219,0.606,-0.005,-0.2
Joint 5: ,0.2,-0.059,-0.176,-0.274,-0.323,0.147,0.45,0.451,0.325,0.475,0.514,0.302,0.542,0.511,0.002,0.546,0.628,0.319,0.536,0.495,0.2
Joint 6: ,0.1,-0.138,0.126,0.351,0.218,0.463,0.238,-0.19,-0.111,-0.573,0.076,-0.06,-0.027,-0.246,-0.2,-0.297,-0.166,-0.349,-0.094,0.141,-0.2
Trial,5,2D Sim,False,Distance Weight,0.8,Random Seed,75,Min Iterations,1200,Lazy,True,Distance cost,1.0802422201127628,Manip Cost,9.134563842789285,Total cost,2.691106544648067,Node cost function,False,Percent Manip Threshold,0,Update Path,False,Increasing weight,False,Parent finding radius R,0.9,Step Size,0.3,Goal Area Sample Probability,0.05,Goal Area Delta,0.6
Manipulability,0.032,0.07,0.084,0.055,0.058,0.047,0.061,0.067,0.108,0.116,0.127,0.103,0.099,0.127,0.084,0.136,0.154,0.161,0.148,0.138,0.13,0.168,0.162,0.146,0.173,0.207,0.227,0.244,0.262,0.174,0.194,0.101
Distance to Last Node,0.0,0.3,0.675,0.803,0.3,0.554,0.552,0.3,0.795,0.3,0.533,0.634,0.3,0.482,0.628,0.689,0.3,0.504,0.673,0.478,0.42,0.786,0.454,0.826,0.801,0.3,0.3,0.3,0.3,0.713,0.823,0.532
Joint 0: ,-1.7,-1.731,-1.886,-1.305,-1.108,-0.625,-0.175,0.074,0.354,0.35,0.31,0.509,0.506,0.722,0.703,1.003,1.062,1.044,1.166,1.242,1.397,1.083,1.134,1.482,1.266,1.272,1.287,1.355,1.547,1.507,1.967,1.7
Joint 1: ,-1.0,-0.885,-0.763,-0.424,-0.308,-0.274,-0.366,-0.49,-0.61,-0.669,-0.455,-0.727,-0.794,-0.805,-0.751,-0.86,-0.949,-0.998,-0.851,-0.925,-0.872,-1.116,-0.877,-1.047,-1.068,-1.182,-1.259,-1.366,-1.476,-1.047,-1.326,-1.0
Joint 2: ,0.2,0.261,0.667,0.586,0.723,0.795,0.639,0.656,0.259,0.452,0.074,0.403,0.646,0.394,0.796,0.412,0.299,0.508,0.159,0.254,0.333,0.499,0.342,0.426,0.373,0.471,0.718,0.907,0.889,0.505,0.375,0.5
Joint 3: ,-0.1,0.054,-0.226,-0.309,-0.344,-0.228,0.009,0.08,0.533,0.503,0.679,0.446,0.374,0.506,0.409,0.548,0.549,0.703,0.686,0.42,0.477,0.55,0.599,0.556,0.621,0.617,0.747,0.714,0.793,0.53,0.543,0.3
Joint 4: ,0.3,0.382,0.091,-0.3,-0.354,-0.441,-0.402,-0.409,-0.652,-0.734,-0.562,-0.634,-0.659,-0.52,-0.693,-0.592,-0.782,-0.431,-0.931,-0.638,-0.44,-0.212,-0.438,-0.325,-0.04,0.139,0.198,0.344,0.247,0.18,-0.097,-0.2
Joint 5: ,0.2,0.309,0.574,0.548,0.634,0.497,0.563,0.477,0.415,0.475,0.426,0.329,0.273,0.413,0.143,0.391,0.494,0.292,0.498,0.458,0.379,0.337,0.594,0.231,0.385,0.571,0.552,0.603,0.747,0.496,0.342,0.2
Joint 6: ,0.1,0.273,0.137,0.298,0.215,0.047,-0.033,-0.034,-0.368,-0.563,-0.387,-0.719,-0.852,-0.596,-0.938,-0.571,-0.433,-0.573,-0.528,-0.305,0.002,-0.608,-0.566,0.049,-0.645,-0.666,-0.713,-0.827,-0.895,-0.697,-0.177,-0.2
Trial,1,2D Sim,False,Distance Weight,0.7,Random Seed,15,Min Iterations,1200,Lazy,True,Distance cost,1.6845459875347806,Manip Cost,9.88014692042418,Total cost,4.143226267401601,Node cost function,False,Percent Manip Threshold,0,Update Path,False,Increasing weight,False,Parent finding radius R,0.9,Step Size,0.3,Goal Area Sample Probability,0.05,Goal Area Delta,0.6
Manipulability,0.032,0.068,0.041,0.043,0.084,0.019,0.049,0.08,0.087,0.09,0.082,0.07,0.058,0.141,0.025,0.147,0.104,0.155,0.146,0.153,0.184,0.128,0.164,0.166,0.171,0.16,0.118,0.154,0.137,0.12,0.199,0.196,0.198,0.206,0.166,0.166,0.155,0.158,0.174,0.199,0.234,0.208,0.109
Distance to Last Node,0.0,0.435,0.857,0.875,0.639,0.846,0.791,0.3,0.3,0.3,0.3,0.3,0.3,0.584,0.845,0.888,0.751,0.821,0.3,0.385,0.715,0.852,0.623,0.3,0.557,0.821,0.659,0.816,0.722,0.631,0.817,0.3,0.3,0.3,0.591,0.654,0.86,0.702,0.462,0.618,0.764,0.834,0.786
Joint 0: ,-1.7,-1.439,-0.82,-0.099,-0.119,0.274,0.638,0.688,0.797,1.011,1.216,1.325,1.304,1.258,1.398,1.35,1.385,1.573,1.722,1.751,1.25,1.889,1.735,1.581,1.822,1.828,1.689,1.977,1.703,1.608,1.887,1.966,2.018,1.965,2.059,2.067,1.252,1.305,1.327,1.538,1.932,1.198,1.703
Joint 1: ,-1.0,-1.077,-0.625,-0.627,-0.836,-0.423,-0.448,-0.639,-0.696,-0.832,-0.859,-0.887,-0.999,-1.052,-0.626,-0.979,-1.06,-0.915,-0.989,-0.864,-1.054,-0.821,-0.632,-0.604,-0.647,-1.042,-0.812,-1.168,-0.999,-0.861,-1.327,-1.323,-1.418,-1.503,-1.275,-1.288,-1.205,-1.321,-1.338,-1.42,-1.34,-1.2,-0.998
Joint 2: ,0.2,0.135,0.362,0.203,0.225,0.226,0.448,0.593,0.754,0.639,0.64,0.878,1.084,0.649,0.866,0.47,1.022,0.47,0.367,0.336,0.519,0.469,0.287,0.11,0.378,0.314,0.223,0.361,0.028,0.421,0.249,0.187,0.133,0.119,0.352,0.456,0.654,0.52,0.597,0.715,0.195,0.307,0.479
Joint 3: ,-0.1,-0.265,-0.294,0.033,0.389,-0.083,0.444,0.479,0.615,0.516,0.384,0.249,0.195,0.472,0.094,0.6,0.386,0.651,0.427,0.749,0.738,0.363,0.856,0.849,0.835,0.495,0.715,0.355,0.611,0.271,0.538,0.645,0.765,0.938,0.574,0.236,0.242,0.442,0.258,0.259,0.585,0.663,0.32
Joint 4: ,0.3,0.133,0.173,0.492,0.588,0.233,-0.153,-0.303,-0.228,-0.217,-0.225,-0.234,-0.064,-0.252,-0.656,-0.242,0.046,-0.114,-0.078,-0.005,-0.405,-0.075,0.011,-0.112,0.027,0.013,-0.029,-0.156,-0.07,0.019,-0.251,-0.426,-0.601,-0.646,-0.509,-0.068,-0.103,-0.174,-0.481,-0.18,-0.258,-0.417,-0.181
Joint 5: ,0.2,0.407,0.235,0.269,0.133,0.219,0.089,0.163,0.016,0.008,0.072,0.113,0.072,0.255,0.068,0.273,0.085,0.391,0.409,0.36,0.433,0.504,0.503,0.486,0.651,0.415,0.107,0.373,0.162,0.464,0.388,0.276,0.101,-0.102,0.173,0.474,0.447,0.22,0.491,0.581,0.675,0.556,0.233
Joint 6: ,0.1,-0.012,0.237,0.127,-0.331,-0.142,-0.11,-0.097,-0.157,-0.111,-0.272,-0.243,-0.213,-0.177,-0.531,-0.342,-0.048,-0.399,-0.383,-0.524,-0.364,-0.281,-0.494,-0.358,-0.721,-0.137,-0.594,-0.124,-0.558,-0.527,-0.088,-0.247,-0.254,-0.333,-0.418,-0.287,-0.453,0.148,0.22,-0.247,-0.068,-0.348,-0.229
Trial,2,2D Sim,False,Distance Weight,0.7,Random Seed,30,Min Iterations,1200,Lazy,True,Distance cost,1.235106486134047,Manip Cost,8.210412878898232,Total cost,3.327698403963303,Node cost function,False,Percent Manip Threshold,0,Update Path,False,Increasing weight,False,Parent finding radius R,0.9,Step Size,0.3,Goal Area Sample Probability,0.05,Goal Area Delta,0.6
Manipulability,0.032,0.066,0.12,0.115,0.123,0.111,0.041,0.041,0.092,0.141,0.152,0.141,0.186,0.203,0.147,0.147,0.164,0.17,0.144,0.159,0.161,0.167,0.15,0.138,0.165,0.182,0.186,0.204,0.213,0.209,0.239,0.184,0.101
Distance to Last Node,0.0,0.424,0.893,0.585,0.3,0.3,0.639,0.873,0.81,0.3,0.3,0.3,0.516,0.3,0.83,0.3,0.773,0.821,0.678,0.839,0.703,0.86,0.453,0.3,0.811,0.645,0.3,0.871,0.3,0.496,0.646,0.797,0.734
Joint 0: ,-1.7,-1.434,-0.891,-0.354,-0.215,-0.259,0.193,0.744,1.09,1.195,1.305,1.536,1.17,1.197,1.587,1.75,1.449,1.745,1.206,1.833,1.821,1.939,1.809,1.777,1.865,1.821,1.769,1.922,1.901,2.009,2.01,1.986,1.7
Joint 1: ,-1.0,-1.081,-1.021,-0.884,-0.845,-0.912,-0.651,-0.39,-0.593,-0.733,-0.778,-0.776,-0.993,-1.073,-0.824,-0.728,-0.771,-0.981,-0.824,-0.996,-0.642,-1.152,-1.129,-1.072,-1.217,-1.04,-0.996,-1.464,-1.449,-1.533,-1.522,-1.294,-1.0
Joint 2: ,0.2,0.282,0.087,0.019,-0.17,-0.293,-0.19,0.098,0.644,0.651,0.769,0.715,0.755,0.918,0.568,0.434,0.694,0.537,0.505,0.732,0.254,0.803,0.627,0.502,0.681,0.757,0.914,0.48,0.288,0.482,0.144,0.643,0.5
Joint 3: ,-0.1,0.187,-0.308,-0.199,-0.182,-0.058,-0.038,0.36,0.384,0.583,0.732,0.673,0.739,0.892,0.694,0.857,0.849,0.592,0.411,0.542,0.836,0.638,0.325,0.104,0.692,0.668,0.843,0.668,0.794,0.747,0.927,0.416,0.3
Joint 4: ,0.3,0.357,0.235,0.234,0.071,-0.135,0.125,0.228,0.007,0.022,0.215,0.077,0.237,0.374,-0.173,-0.198,0.35,-0.286,-0.005,-0.407,-0.304,-0.404,-0.51,-0.467,-0.467,-0.514,-0.649,-0.248,-0.344,-0.195,-0.514,-0.649,-0.2
Joint 5: ,0.2,0.111,-0.124,-0.255,-0.323,-0.399,-0.175,0.141,0.435,0.572,0.52,0.426,0.534,0.467,0.396,0.319,0.689,0.495,0.615,0.389,0.486,0.19,0.406,0.544,0.068,0.466,0.456,0.196,0.148,0.106,0.222,0.454,0.2
Joint 6: ,0.1,0.053,0.436,0.394,0.439,0.51,0.421,0.225,-0.021,-0.001,-0.008,-0.054,0.15,0.053,-0.047,-0.103,-0.064,0.033,0.166,0.157,-0.028,0.135,0.104,0.083,-0.074,0.39,0.497,0.239,0.08,0.484,0.091,0.065,-0.2
Trial,3,2D Sim,False,Distance Weight,0.7,Random Seed,45,Min Iterations,1200,Lazy,True,Distance cost,1.3540268669820499,Manip Cost,9.421638557750276,Total cost,3.774310374212518,Node cost function,False,Percent Manip Threshold,0,Update Path,False,Increasing weight,False,Parent finding radius R,0.9,Step Size,0.3,Goal Area Sample Probability,0.05,Goal Area Delta,0.6
Manipulability,0.032,0.071,0.06,0.079,0.081,0.072,0.074,0.068,0.119,0.062,0.139,0.042,0.055,0.068,0.166,0.139,0.216,0.104,0.119,0.121,0.153,0.11,0.137,0.086,0.187,0.118,0.197,0.186,0.188,0.149,0.218,0.225,0.154,0.167,0.17,0.101
Distance to Last Node,0.0,0.57,0.3,0.884,0.3,0.3,0.852,0.3,0.8,0.411,0.55,0.646,0.852,0.3,0.658,0.3,0.467,0.655,0.809,0.842,0.3,0.531,0.765,0.819,0.839,0.524,0.668,0.3,0.3,0.838,0.437,0.3,0.772,0.797,0.838,0.674
Joint 0: ,-1.7,-1.366,-1.209,-0.647,-0.67,-0.507,-0.064,0.079,0.653,0.764,0.827,0.933,1.236,1.353,1.601,1.769,1.696,1.708,1.371,1.765,1.81,2.018,1.832,1.731,1.54,1.515,1.65,1.665,1.75,1.384,1.555,1.598,1.622,1.633,1.989,1.7
Joint 1: ,-1.0,-0.722,-0.664,-0.598,-0.6,-0.446,-0.562,-0.417,-0.599,-0.644,-0.653,-0.496,-0.465,-0.319,0.016,0.065,0.147,-0.41,-0.879,-0.538,-0.479,-0.582,-0.582,-0.906,-1.173,-1.238,-1.206,-1.114,-1.067,-1.085,-1.313,-1.441,-1.194,-0.917,-1.063,-1.0
Joint 2: ,0.2,0.464,0.322,0.516,0.679,0.79,1.139,1.104,0.874,0.937,1.053,0.977,0.533,0.428,0.471,0.57,0.403,0.393,0.349,0.293,0.27,0.662,0.194,0.583,0.406,0.324,0.278,0.172,0.327,0.385,0.61,0.802,0.348,0.357,0.257,0.5
Joint 3: ,-0.1,0.004,-0.098,-0.179,-0.186,-0.319,-0.531,-0.519,-0.499,-0.261,-0.608,-0.149,0.336,0.444,0.851,0.876,0.882,0.768,0.402,0.852,1.001,0.75,1.003,0.442,0.399,0.314,0.561,0.59,0.676,0.176,0.367,0.259,0.436,0.572,0.486,0.3
Joint 4: ,0.3,0.395,0.275,-0.333,-0.444,-0.365,0.111,0.268,0.234,-0.063,0.341,-0.047,0.199,0.154,-0.031,0.066,-0.226,-0.128,0.122,-0.296,-0.51,-0.602,-0.116,0.182,0.359,0.12,0.485,0.728,0.871,0.336,0.379,0.285,0.003,-0.043,-0.613,-0.2
Joint 5: ,0.2,0.415,0.436,0.63,0.619,0.663,0.315,0.229,-0.041,-0.014,-0.029,-0.088,0.281,0.352,0.202,0.008,0.309,0.145,0.336,0.139,0.156,0.215,0.043,0.011,0.575,0.181,0.526,0.586,0.71,0.561,0.705,0.743,0.277,0.598,0.519,0.2
Joint 6: ,0.1,0.114,-0.014,-0.112,0.113,0.154,0.151,0.028,-0.36,-0.288,-0.326,-0.428,-0.495,-0.653,-0.84,-0.883,-0.935,-0.673,-0.38,-0.515,-0.388,-0.404,-0.419,-0.415,0.047,-0.161,0.173,0.091,0.207,0.13,0.148,0.034,0.036,-0.623,-0.169,-0.2
Trial,4,2D Sim,False,Distance Weight,0.7,Random Seed,60,Min Iterations,1200,Lazy,True,Distance cost,1.0665600158064337,Manip Cost,9.270649852239439,Total cost,3.5277869667363357,Node cost function,False,Percent Manip Threshold,0,Update Path,False,Increasing weight,False,Parent finding radius R,0.9,Step Size,0.3,Goal Area Sample Probability,0.05,Goal Area Delta,0.6
Manipulability,0.032,0.168,0.139,0.117,0.082,0.016,0.067,0.059,0.098,0.102,0.097,0.122,0.112,0.107,0.15,0.151,0.175,0.157,0.18,0.153,0.173,0.184,0.202,0.165,0.168,0.17,0.101
Distance to Last Node,0.0,0.596,0.494,0.542,0.6,0.837,0.606,0.872,0.719,0.568,0.678,0.851,0.3,0.3,0.654,0.3,0.487,0.646,0.3,0.723,0.738,0.671,0.852,0.47,0.839,0.853,0.65
Joint 0: ,-1.7,-1.524,-1.481,-1.111,-0.953,-0.344,0.064,0.779,1.31,1.202,1.308,1.283,1.384,1.457,1.329,1.391,1.173,1.559,1.562,1.199,1.57,1.604,1.7,1.392,1.342,1.662,1.7
Joint 1: ,-1.0,-0.991,-0.769,-0.562,-0.527,-0.329,-0.496,-0.426,-0.847,-0.741,-0.986,-0.712,-0.6,-0.558,-0.841,-0.88,-0.928,-1.012,-1.046,-0.818,-1.068,-0.939,-1.261,-1.062,-1.043,-0.942,-1.0
Joint 2: ,0.2,0.285,0.545,0.658,1.009,0.959,0.944,0.743,0.733,0.688,0.805,0.583,0.743,0.808,0.402,0.189,0.396,0.139,-0.076,0.219,0.048,-0.473,0.146,0.098,0.146,0.14,0.5
Joint 3: ,-0.1,-0.524,-0.388,-0.302,-0.12,-0.095,0.06,0.054,0.239,0.199,0.321,0.347,0.444,0.464,0.469,0.428,0.532,0.467,0.602,0.505,0.427,0.692,0.347,0.455,0.25,0.461,0.3
Joint 4: ,0.3,0.187,0.339,0.156,-0.241,-0.328,-0.256,-0.405,-0.4,-0.156,-0.23,0.007,0.118,0.311,0.153,0.105,0.344,0.056,-0.067,0.306,-0.215,-0.349,-0.226,-0.43,0.163,-0.226,-0.2
Joint 5: ,0.2,-0.059,-0.176,-0.274,-0.323,0.147,0.45,0.451,0.325,0.475,0.155,0.601,0.592,0.616,0.635,0.623,0.758,0.457,0.518,0.698,0.556,0.77,0.64,0.477,0.687,0.7,0.2
Joint 6: ,0.1,-0.138,0.126,0.351,0.218,0.463,0.238,-0.19,-0.111,-0.573,-0.072,-0.658,-0.799,-1.0,-0.625,-0.813,-0.572,-0.708,-0.635,-0.37,-0.495,-0.661,-0.382,-0.445,-0.955,-0.307,-0.2
Trial,5,2D Sim,False,Distance Weight,0.7,Random Seed,75,Min Iterations,1200,Lazy,True,Distance cost,1.3693112384823152,Manip Cost,9.302592378641002,Total cost,3.7492955805299215,Node cost function,False,Percent Manip Threshold,0,Update Path,False,Increasing weight,False,Parent finding radius R,0.9,Step Size,0.3,Goal Area Sample Probability,0.05,Goal Area Delta,0.6
Manipulability,0.032,0.07,0.071,0.065,0.084,0.055,0.058,0.047,0.067,0.108,0.116,0.127,0.103,0.099,0.127,0.08,0.136,0.084,0.161,0.148,0.138,0.134,0.103,0.13,0.168,0.162,0.146,0.138,0.173,0.207,0.227,0.244,0.262,0.174,0.194,0.185,0.101
Distance to Last Node,0.0,0.3,0.3,0.556,0.86,0.803,0.3,0.554,0.811,0.795,0.3,0.533,0.634,0.3,0.482,0.759,0.771,0.831,0.868,0.673,0.478,0.642,0.856,0.3,0.786,0.454,0.826,0.432,0.898,0.3,0.3,0.3,0.3,0.713,0.823,0.3,0.595
Joint 0: ,-1.7,-1.731,-1.803,-1.518,-1.886,-1.305,-1.108,-0.625,0.074,0.354,0.35,0.31,0.509,0.506,0.722,0.847,1.003,0.982,1.044,1.166,1.242,1.229,1.304,1.397,1.083,1.134,1.482,1.847,1.266,1.272,1.287,1.355,1.547,1.507,1.967,1.98,1.7
Joint 1: ,-1.0,-0.885,-0.86,-0.863,-0.763,-0.424,-0.308,-0.274,-0.49,-0.61,-0.669,-0.455,-0.727,-0.794,-0.805,-0.569,-0.86,-0.588,-0.998,-0.851,-0.925,-0.751,-0.84,-0.872,-1.116,-0.877,-1.047,-0.942,-1.068,-1.182,-1.259,-1.366,-1.476,-1.047,-1.326,-1.407,-1.0
Joint 2: ,0.2,0.261,0.358,0.304,0.667,0.586,0.723,0.795,0.656,0.259,0.452,0.074,0.403,0.646,0.394,0.826,0.412,0.817,0.508,0.159,0.254,0.003,0.392,0.333,0.499,0.342,0.426,0.525,0.373,0.471,0.718,0.907,0.889,0.505,0.375,0.381,0.5
Joint 3: ,-0.1,0.054,-0.088,0.149,-0.226,-0.309,-0.344,-0.228,0.08,0.533,0.503,0.679,0.446,0.374,0.506,0.532,0.548,0.448,0.703,0.686,0.42,0.649,0.304,0.477,0.55,0.599,0.556,0.603,0.621,0.617,0.747,0.714,0.793,0.53,0.543,0.433,0.3
Joint 4: ,0.3,0.382,0.237,0.527,0.091,-0.3,-0.354,-0.441,-0.409,-0.652,-0.734,-0.562,-0.634,-0.659,-0.52,-0.686,-0.592,-0.497,-0.431,-0.931,-0.638,-1.088,-0.602,-0.44,-0.212,-0.438,-0.325,-0.391,-0.04,0.139,0.198,0.344,0.247,0.18,-0.097,-0.268,-0.2
Joint 5: ,0.2,0.309,0.41,0.22,0.574,0.548,0.634,0.497,0.477,0.415,0.475,0.426,0.329,0.273,0.413,0.17,0.391,0.268,0.292,0.498,0.458,0.648,0.332,0.379,0.337,0.594,0.231,0.236,0.385,0.571,0.552,0.603,0.747,0.496,0.342,0.346,0.2
Joint 6: ,0.1,0.273,0.427,0.207,0.137,0.298,0.215,0.047,-0.034,-0.368,-0.563,-0.387,-0.719,-0.852,-0.596,-1.077,-0.571,-1.217,-0.573,-0.528,-0.305,-0.471,-0.134,0.002,-0.608,-0.566,0.049,-0.113,-0.645,-0.666,-0.713,-0.827,-0.895,-0.697,-0.177,0.028,-0.2
Trial,5,2D Sim,False,Distance Weight,0.9,Random Seed,75,Min Iterations,1200,Lazy,True,Distance cost,0.6566693172647529,Manip Cost,10.25666581957412,Total cost,1.6166689674956893,Node cost function,False,Percent Manip Threshold,0,Update Path,False,Increasing weight,False,Parent finding radius R,0.9,Step Size,0.3,Goal Area Sample Probability,0.05,Goal Area Delta,0.6
Manipulability,0.032,0.07,0.084,0.055,0.058,0.047,0.067,0.108,0.116,0.127,0.127,0.136,0.154,0.161,0.207,0.227,0.244,0.262,0.174,0.101
Distance to Last Node,0.0,0.3,0.675,0.803,0.3,0.554,0.811,0.795,0.3,0.533,0.686,0.3,0.3,0.504,0.711,0.3,0.3,0.3,0.713,0.756
Joint 0: ,-1.7,-1.731,-1.886,-1.305,-1.108,-0.625,0.074,0.354,0.35,0.31,0.722,1.003,1.062,1.044,1.272,1.287,1.355,1.547,1.507,1.7
Joint 1: ,-1.0,-0.885,-0.763,-0.424,-0.308,-0.274,-0.49,-0.61,-0.669,-0.455,-0.805,-0.86,-0.949,-0.998,-1.182,-1.259,-1.366,-1.476,-1.047,-1.0
Joint 2: ,0.2,0.261,0.667,0.586,0.723,0.795,0.656,0.259,0.452,0.074,0.394,0.412,0.299,0.508,0.471,0.718,0.907,0.889,0.505,0.5
Joint 3: ,-0.1,0.054,-0.226,-0.309,-0.344,-0.228,0.08,0.533,0.503,0.679,0.506,0.548,0.549,0.703,0.617,0.747,0.714,0.793,0.53,0.3
Joint 4: ,0.3,0.382,0.091,-0.3,-0.354,-0.441,-0.409,-0.652,-0.734,-0.562,-0.52,-0.592,-0.782,-0.431,0.139,0.198,0.344,0.247,0.18,-0.2
Joint 5: ,0.2,0.309,0.574,0.548,0.634,0.497,0.477,0.415,0.475,0.426,0.413,0.391,0.494,0.292,0.571,0.552,0.603,0.747,0.496,0.2
Joint 6: ,0.1,0.273,0.137,0.298,0.215,0.047,-0.034,-0.368,-0.563,-0.387,-0.596,-0.571,-0.433,-0.573,-0.666,-0.713,-0.827,-0.895,-0.697,-0.2
Trial,1,2D Sim,False,Distance Weight,0.9,Random Seed,15,Min Iterations,1200,Lazy,True,Distance cost,0.8474537444015214,Manip Cost,12.784968373017842,Total cost,2.041205207263153,Node cost function,False,Percent Manip Threshold,0,Update Path,False,Increasing weight,False,Parent finding radius R,0.9,Step Size,0.3,Goal Area Sample Probability,0.05,Goal Area Delta,0.6
Manipulability,0.032,0.068,0.041,0.043,0.084,0.019,0.049,0.08,0.087,0.09,0.082,0.07,0.058,0.141,0.147,0.104,0.155,0.146,0.153,0.184,0.164,0.166,0.208,0.109
Distance to Last Node,0.0,0.435,0.857,0.875,0.639,0.846,0.791,0.3,0.3,0.3,0.3,0.3,0.3,0.584,0.3,0.751,0.821,0.3,0.385,0.715,0.822,0.3,0.821,0.786
Joint 0: ,-1.7,-1.439,-0.82,-0.099,-0.119,0.274,0.638,0.688,0.797,1.011,1.216,1.325,1.304,1.258,1.35,1.385,1.573,1.722,1.751,1.25,1.735,1.581,1.198,1.703
Joint 1: ,-1.0,-1.077,-0.625,-0.627,-0.836,-0.423,-0.448,-0.639,-0.696,-0.832,-0.859,-0.887,-0.999,-1.052,-0.979,-1.06,-0.915,-0.989,-0.864,-1.054,-0.632,-0.604,-1.2,-0.998
Joint 2: ,0.2,0.135,0.362,0.203,0.225,0.226,0.448,0.593,0.754,0.639,0.64,0.878,1.084,0.649,0.47,1.022,0.47,0.367,0.336,0.519,0.287,0.11,0.307,0.479
Joint 3: ,-0.1,-0.265,-0.294,0.033,0.389,-0.083,0.444,0.479,0.615,0.516,0.384,0.249,0.195,0.472,0.6,0.386,0.651,0.427,0.749,0.738,0.856,0.849,0.663,0.32
Joint 4: ,0.3,0.133,0.173,0.492,0.588,0.233,-0.153,-0.303,-0.228,-0.217,-0.225,-0.234,-0.064,-0.252,-0.242,0.046,-0.114,-0.078,-0.005,-0.405,0.011,-0.112,-0.417,-0.181
Joint 5: ,0.2,0.407,0.235,0.269,0.133,0.219,0.089,0.163,0.016,0.008,0.072,0.113,0.072,0.255,0.273,0.085,0.391,0.409,0.36,0.433,0.503,0.486,0.556,0.233
Joint 6: ,0.1,-0.012,0.237,0.127,-0.331,-0.142,-0.11,-0.097,-0.157,-0.111,-0.272,-0.243,-0.213,-0.177,-0.342,-0.048,-0.399,-0.383,-0.524,-0.364,-0.494,-0.358,-0.348,-0.229
Trial,2,2D Sim,False,Distance Weight,0.9,Random Seed,30,Min Iterations,1200,Lazy,True,Distance cost,0.6247263978176011,Manip Cost,10.125109689503864,Total cost,1.5747647269862273,Node cost function,False,Percent Manip Threshold,0,Update Path,False,Increasing weight,False,Parent finding radius R,0.9,Step Size,0.3,Goal Area Sample Probability,0.05,Goal Area Delta,0.6
Manipulability,0.032,0.066,0.12,0.123,0.041,0.041,0.092,0.141,0.152,0.141,0.186,0.203,0.147,0.182,0.186,0.204,0.101
Distance to Last Node,0.0,0.424,0.893,0.797,0.501,0.873,0.81,0.3,0.3,0.3,0.516,0.3,0.83,0.671,0.3,0.871,0.771
Joint 0: ,-1.7,-1.434,-0.891,-0.215,0.193,0.744,1.09,1.195,1.305,1.536,1.17,1.197,1.587,1.821,1.769,1.922,1.7
Joint 1: ,-1.0,-1.081,-1.021,-0.845,-0.651,-0.39,-0.593,-0.733,-0.778,-0.776,-0.993,-1.073,-0.824,-1.04,-0.996,-1.464,-1.0
Joint 2: ,0.2,0.282,0.087,-0.17,-0.19,0.098,0.644,0.651,0.769,0.715,0.755,0.918,0.568,0.757,0.914,0.48,0.5
Joint 3: ,-0.1,0.187,-0.308,-0.182,-0.038,0.36,0.384,0.583,0.732,0.673,0.739,0.892,0.694,0.668,0.843,0.668,0.3
Joint 4: ,0.3,0.357,0.235,0.071,0.125,0.228,0.007,0.022,0.215,0.077,0.237,0.374,-0.173,-0.514,-0.649,-0.248,-0.2
Joint 5: ,0.2,0.111,-0.124,-0.323,-0.175,0.141,0.435,0.572,0.52,0.426,0.534,0.467,0.396,0.466,0.456,0.196,0.2
Joint 6: ,0.1,0.053,0.436,0.439,0.421,0.225,-0.021,-0.001,-0.008,-0.054,0.15,0.053,-0.047,0.39,0.497,0.239,-0.2
Trial,3,2D Sim,False,Distance Weight,0.9,Random Seed,45,Min Iterations,1200,Lazy,True,Distance cost,0.6926289370954108,Manip Cost,11.359352526360603,Total cost,1.7593012960219299,Node cost function,False,Percent Manip Threshold,0,Update Path,False,Increasing weight,False,Parent finding radius R,0.9,Step Size,0.3,Goal Area Sample Probability,0.05,Goal Area Delta,0.6
Manipulability,0.032,0.071,0.06,0.079,0.081,0.072,0.074,0.068,0.119,0.139,0.042,0.055,0.068,0.166,0.139,0.216,0.121,0.153,0.196,0.101
Distance to Last Node,0.0,0.57,0.3,0.884,0.3,0.3,0.852,0.3,0.8,0.3,0.646,0.852,0.3,0.658,0.3,0.467,0.835,0.3,0.839,0.684
Joint 0: ,-1.7,-1.366,-1.209,-0.647,-0.67,-0.507,-0.064,0.079,0.653,0.827,0.933,1.236,1.353,1.601,1.769,1.696,1.765,1.81,1.852,1.7
Joint 1: ,-1.0,-0.722,-0.664,-0.598,-0.6,-0.446,-0.562,-0.417,-0.599,-0.653,-0.496,-0.465,-0.319,0.016,0.065,0.147,-0.538,-0.479,-1.109,-1.0
Joint 2: ,0.2,0.464,0.322,0.516,0.679,0.79,1.139,1.104,0.874,1.053,0.977,0.533,0.428,0.471,0.57,0.403,0.293,0.27,0.383,0.5
Joint 3: ,-0.1,0.004,-0.098,-0.179,-0.186,-0.319,-0.531,-0.519,-0.499,-0.608,-0.149,0.336,0.444,0.851,0.876,0.882,0.852,1.001,0.706,0.3
Joint 4: ,0.3,0.395,0.275,-0.333,-0.444,-0.365,0.111,0.268,0.234,0.341,-0.047,0.199,0.154,-0.031,0.066,-0.226,-0.296,-0.51,-0.555,-0.2
Joint 5: ,0.2,0.415,0.436,0.63,0.619,0.663,0.315,0.229,-0.041,-0.029,-0.088,0.281,0.352,0.202,0.008,0.309,0.139,0.156,0.557,0.2
Joint 6: ,0.1,0.114,-0.014,-0.112,0.113,0.154,0.151,0.028,-0.36,-0.326,-0.428,-0.495,-0.653,-0.84,-0.883,-0.935,-0.515,-0.388,-0.179,-0.2
Trial,4,2D Sim,False,Distance Weight,0.9,Random Seed,60,Min Iterations,1200,Lazy,True,Distance cost,0.7254197663331461,Manip Cost,9.928857505938957,Total cost,1.645763540293727,Node cost function,False,Percent Manip Threshold,0,Update Path,False,Increasing weight,False,Parent finding radius R,0.9,Step Size,0.3,Goal Area Sample Probability,0.05,Goal Area Delta,0.6
Manipulability,0.032,0.168,0.139,0.117,0.082,0.016,0.067,0.059,0.098,0.122,0.112,0.15,0.151,0.175,0.199,0.224,0.246,0.251,0.218,0.101
Distance to Last Node,0.0,0.596,0.494,0.542,0.6,0.837,0.606,0.872,0.719,0.771,0.3,0.46,0.3,0.487,0.894,0.3,0.3,0.3,0.837,0.767
Joint 0: ,-1.7,-1.524,-1.481,-1.111,-0.953,-0.344,0.064,0.779,1.31,1.283,1.384,1.329,1.391,1.173,1.294,1.318,1.341,1.351,1.434,1.7
Joint 1: ,-1.0,-0.991,-0.769,-0.562,-0.527,-0.329,-0.496,-0.426,-0.847,-0.712,-0.6,-0.841,-0.88,-0.928,-1.432,-1.393,-1.447,-1.537,-1.317,-1.0
Joint 2: ,0.2,0.285,0.545,0.658,1.009,0.959,0.944,0.743,0.733,0.583,0.743,0.402,0.189,0.396,0.902,1.103,1.244,1.252,0.834,0.5
Joint 3: ,-0.1,-0.524,-0.388,-0.302,-0.12,-0.095,0.06,0.054,0.239,0.347,0.444,0.469,0.428,0.532,0.325,0.472,0.57,0.755,0.553,0.3
Joint 4: ,0.3,0.187,0.339,0.156,-0.241,-0.328,-0.256,-0.405,-0.4,0.007,0.118,0.153,0.105,0.344,0.091,0.239,0.421,0.606,-0.005,-0.2
Joint 5: ,0.2,-0.059,-0.176,-0.274,-0.323,0.147,0.45,0.451,0.325,0.601,0.592,0.635,0.623,0.758,0.511,0.546,0.628,0.536,0.495,0.2
Joint 6: ,0.1,-0.138,0.126,0.351,0.218,0.463,0.238,-0.19,-0.111,-0.658,-0.799,-0.625,-0.813,-0.572,-0.246,-0.297,-0.166,-0.094,0.141,-0.2
Trial,5,2D Sim,False,Distance Weight,0.9,Random Seed,75,Min Iterations,1200,Lazy,True,Distance cost,0.6566693172647529,Manip Cost,10.25666581957412,Total cost,1.6166689674956893,Node cost function,False,Percent Manip Threshold,0,Update Path,False,Increasing weight,False,Parent finding radius R,0.9,Step Size,0.3,Goal Area Sample Probability,0.05,Goal Area Delta,0.6
Manipulability,0.032,0.07,0.084,0.055,0.058,0.047,0.067,0.108,0.116,0.127,0.127,0.136,0.154,0.161,0.207,0.227,0.244,0.262,0.174,0.101
Distance to Last Node,0.0,0.3,0.675,0.803,0.3,0.554,0.811,0.795,0.3,0.533,0.686,0.3,0.3,0.504,0.711,0.3,0.3,0.3,0.713,0.756
Joint 0: ,-1.7,-1.731,-1.886,-1.305,-1.108,-0.625,0.074,0.354,0.35,0.31,0.722,1.003,1.062,1.044,1.272,1.287,1.355,1.547,1.507,1.7
Joint 1: ,-1.0,-0.885,-0.763,-0.424,-0.308,-0.274,-0.49,-0.61,-0.669,-0.455,-0.805,-0.86,-0.949,-0.998,-1.182,-1.259,-1.366,-1.476,-1.047,-1.0
Joint 2: ,0.2,0.261,0.667,0.586,0.723,0.795,0.656,0.259,0.452,0.074,0.394,0.412,0.299,0.508,0.471,0.718,0.907,0.889,0.505,0.5
Joint 3: ,-0.1,0.054,-0.226,-0.309,-0.344,-0.228,0.08,0.533,0.503,0.679,0.506,0.548,0.549,0.703,0.617,0.747,0.714,0.793,0.53,0.3
Joint 4: ,0.3,0.382,0.091,-0.3,-0.354,-0.441,-0.409,-0.652,-0.734,-0.562,-0.52,-0.592,-0.782,-0.431,0.139,0.198,0.344,0.247,0.18,-0.2
Joint 5: ,0.2,0.309,0.574,0.548,0.634,0.497,0.477,0.415,0.475,0.426,0.413,0.391,0.494,0.292,0.571,0.552,0.603,0.747,0.496,0.2
Joint 6: ,0.1,0.273,0.137,0.298,0.215,0.047,-0.034,-0.368,-0.563,-0.387,-0.596,-0.571,-0.433,-0.573,-0.666,-0.713,-0.827,-0.895,-0.697,-0.2
Trial,5,2D Sim,False,Distance Weight,0.85,Random Seed,75,Min Iterations,1200,Lazy,True,Distance cost,0.9025307801069358,Manip Cost,9.639153357983854,Total cost,2.2130241667884736,Node cost function,False,Percent Manip Threshold,0,Update Path,False,Increasing weight,False,Parent finding radius R,0.9,Step Size,0.3,Goal Area Sample Probability,0.05,Goal Area Delta,0.6
Manipulability,0.032,0.07,0.084,0.055,0.058,0.047,0.067,0.108,0.116,0.127,0.103,0.099,0.127,0.084,0.136,0.154,0.161,0.148,0.168,0.162,0.207,0.227,0.244,0.262,0.174,0.101
Distance to Last Node,0.0,0.3,0.675,0.803,0.3,0.554,0.811,0.795,0.3,0.533,0.634,0.3,0.482,0.628,0.689,0.3,0.504,0.673,0.872,0.454,0.688,0.3,0.3,0.3,0.713,0.756
Joint 0: ,-1.7,-1.731,-1.886,-1.305,-1.108,-0.625,0.074,0.354,0.35,0.31,0.509,0.506,0.722,0.703,1.003,1.062,1.044,1.166,1.083,1.134,1.272,1.287,1.355,1.547,1.507,1.7
Joint 1: ,-1.0,-0.885,-0.763,-0.424,-0.308,-0.274,-0.49,-0.61,-0.669,-0.455,-0.727,-0.794,-0.805,-0.751,-0.86,-0.949,-0.998,-0.851,-1.116,-0.877,-1.182,-1.259,-1.366,-1.476,-1.047,-1.0
Joint 2: ,0.2,0.261,0.667,0.586,0.723,0.795,0.656,0.259,0.452,0.074,0.403,0.646,0.394,0.796,0.412,0.299,0.508,0.159,0.499,0.342,0.471,0.718,0.907,0.889,0.505,0.5
Joint 3: ,-0.1,0.054,-0.226,-0.309,-0.344,-0.228,0.08,0.533,0.503,0.679,0.446,0.374,0.506,0.409,0.548,0.549,0.703,0.686,0.55,0.599,0.617,0.747,0.714,0.793,0.53,0.3
Joint 4: ,0.3,0.382,0.091,-0.3,-0.354,-0.441,-0.409,-0.652,-0.734,-0.562,-0.634,-0.659,-0.52,-0.693,-0.592,-0.782,-0.431,-0.931,-0.212,-0.438,0.139,0.198,0.344,0.247,0.18,-0.2
Joint 5: ,0.2,0.309,0.574,0.548,0.634,0.497,0.477,0.415,0.475,0.426,0.329,0.273,0.413,0.143,0.391,0.494,0.292,0.498,0.337,0.594,0.571,0.552,0.603,0.747,0.496,0.2
Joint 6: ,0.1,0.273,0.137,0.298,0.215,0.047,-0.034,-0.368,-0.563,-0.387,-0.719,-0.852,-0.596,-0.938,-0.571,-0.433,-0.573,-0.528,-0.608,-0.566,-0.666,-0.713,-0.827,-0.895,-0.697,-0.2
Trial,1,2D Sim,False,Distance Weight,0.85,Random Seed,15,Min Iterations,1200,Lazy,True,Distance cost,1.1923278322414543,Manip Cost,11.289747830160067,Total cost,2.7069408319292467,Node cost function,False,Percent Manip Threshold,0,Update Path,False,Increasing weight,False,Parent finding radius R,0.9,Step Size,0.3,Goal Area Sample Probability,0.05,Goal Area Delta,0.6
Manipulability,0.032,0.068,0.041,0.043,0.084,0.019,0.049,0.08,0.087,0.09,0.082,0.07,0.058,0.141,0.025,0.147,0.104,0.155,0.146,0.153,0.184,0.128,0.164,0.166,0.171,0.16,0.199,0.196,0.202,0.199,0.234,0.109
Distance to Last Node,0.0,0.435,0.857,0.875,0.639,0.846,0.791,0.3,0.3,0.3,0.3,0.3,0.3,0.584,0.845,0.888,0.751,0.821,0.3,0.385,0.715,0.852,0.623,0.3,0.557,0.821,0.404,0.3,0.856,0.3,0.764,0.74
Joint 0: ,-1.7,-1.439,-0.82,-0.099,-0.119,0.274,0.638,0.688,0.797,1.011,1.216,1.325,1.304,1.258,1.398,1.35,1.385,1.573,1.722,1.751,1.25,1.889,1.735,1.581,1.822,1.828,1.887,1.966,1.379,1.538,1.932,1.703
Joint 1: ,-1.0,-1.077,-0.625,-0.627,-0.836,-0.423,-0.448,-0.639,-0.696,-0.832,-0.859,-0.887,-0.999,-1.052,-0.626,-0.979,-1.06,-0.915,-0.989,-0.864,-1.054,-0.821,-0.632,-0.604,-0.647,-1.042,-1.327,-1.323,-1.272,-1.42,-1.34,-0.998
Joint 2: ,0.2,0.135,0.362,0.203,0.225,0.226,0.448,0.593,0.754,0.639,0.64,0.878,1.084,0.649,0.866,0.47,1.022,0.47,0.367,0.336,0.519,0.469,0.287,0.11,0.378,0.314,0.249,0.187,0.639,0.715,0.195,0.479
Joint 3: ,-0.1,-0.265,-0.294,0.033,0.389,-0.083,0.444,0.479,0.615,0.516,0.384,0.249,0.195,0.472,0.094,0.6,0.386,0.651,0.427,0.749,0.738,0.363,0.856,0.849,0.835,0.495,0.538,0.645,0.433,0.259,0.585,0.32
Joint 4: ,0.3,0.133,0.173,0.492,0.588,0.233,-0.153,-0.303,-0.228,-0.217,-0.225,-0.234,-0.064,-0.252,-0.656,-0.242,0.046,-0.114,-0.078,-0.005,-0.405,-0.075,0.011,-0.112,0.027,0.013,-0.251,-0.426,-0.18,-0.18,-0.258,-0.181
Joint 5: ,0.2,0.407,0.235,0.269,0.133,0.219,0.089,0.163,0.016,0.008,0.072,0.113,0.072,0.255,0.068,0.273,0.085,0.391,0.409,0.36,0.433,0.504,0.503,0.486,0.651,0.415,0.388,0.276,0.541,0.581,0.675,0.233
Joint 6: ,0.1,-0.012,0.237,0.127,-0.331,-0.142,-0.11,-0.097,-0.157,-0.111,-0.272,-0.243,-0.213,-0.177,-0.531,-0.342,-0.048,-0.399,-0.383,-0.524,-0.364,-0.281,-0.494,-0.358,-0.721,-0.137,-0.088,-0.247,-0.32,-0.247,-0.068,-0.229
Trial,2,2D Sim,False,Distance Weight,0.85,Random Seed,30,Min Iterations,1200,Lazy,True,Distance cost,0.7620862018864373,Manip Cost,9.413217986676225,Total cost,2.0597559696049057,Node cost function,False,Percent Manip Threshold,0,Update Path,False,Increasing weight,False,Parent finding radius R,0.9,Step Size,0.3,Goal Area Sample Probability,0.05,Goal Area Delta,0.6
Manipulability,0.032,0.066,0.12,0.115,0.123,0.041,0.041,0.092,0.141,0.152,0.141,0.186,0.203,0.147,0.147,0.164,0.17,0.186,0.204,0.213,0.101
Distance to Last Node,0.0,0.424,0.893,0.585,0.3,0.501,0.873,0.81,0.3,0.3,0.3,0.516,0.3,0.83,0.3,0.773,0.821,0.745,0.871,0.3,0.796
Joint 0: ,-1.7,-1.434,-0.891,-0.354,-0.215,0.193,0.744,1.09,1.195,1.305,1.536,1.17,1.197,1.587,1.75,1.449,1.745,1.769,1.922,1.901,1.7
Joint 1: ,-1.0,-1.081,-1.021,-0.884,-0.845,-0.651,-0.39,-0.593,-0.733,-0.778,-0.776,-0.993,-1.073,-0.824,-0.728,-0.771,-0.981,-0.996,-1.464,-1.449,-1.0
Joint 2: ,0.2,0.282,0.087,0.019,-0.17,-0.19,0.098,0.644,0.651,0.769,0.715,0.755,0.918,0.568,0.434,0.694,0.537,0.914,0.48,0.288,0.5
Joint 3: ,-0.1,0.187,-0.308,-0.199,-0.182,-0.038,0.36,0.384,0.583,0.732,0.673,0.739,0.892,0.694,0.857,0.849,0.592,0.843,0.668,0.794,0.3
Joint 4: ,0.3,0.357,0.235,0.234,0.071,0.125,0.228,0.007,0.022,0.215,0.077,0.237,0.374,-0.173,-0.198,0.35,-0.286,-0.649,-0.248,-0.344,-0.2
Joint 5: ,0.2,0.111,-0.124,-0.255,-0.323,-0.175,0.141,0.435,0.572,0.52,0.426,0.534,0.467,0.396,0.319,0.689,0.495,0.456,0.196,0.148,0.2
Joint 6: ,0.1,0.053,0.436,0.394,0.439,0.421,0.225,-0.021,-0.001,-0.008,-0.054,0.15,0.053,-0.047,-0.103,-0.064,0.033,0.497,0.239,0.08,-0.2
Trial,3,2D Sim,False,Distance Weight,0.85,Random Seed,45,Min Iterations,1200,Lazy,True,Distance cost,0.8442445444390217,Manip Cost,10.825802006114305,Total cost,2.3414781636903146,Node cost function,False,Percent Manip Threshold,0,Update Path,False,Increasing weight,False,Parent finding radius R,0.9,Step Size,0.3,Goal Area Sample Probability,0.05,Goal Area Delta,0.6
Manipulability,0.032,0.071,0.06,0.079,0.081,0.072,0.074,0.068,0.119,0.062,0.139,0.042,0.055,0.068,0.166,0.139,0.216,0.121,0.153,0.137,0.142,0.174,0.196,0.101
Distance to Last Node,0.0,0.57,0.3,0.884,0.3,0.3,0.852,0.3,0.8,0.411,0.55,0.646,0.852,0.3,0.658,0.3,0.467,0.835,0.3,0.431,0.891,0.85,0.3,0.684
Joint 0: ,-1.7,-1.366,-1.209,-0.647,-0.67,-0.507,-0.064,0.079,0.653,0.764,0.827,0.933,1.236,1.353,1.601,1.769,1.696,1.765,1.81,1.832,2.045,1.942,1.852,1.7
Joint 1: ,-1.0,-0.722,-0.664,-0.598,-0.6,-0.446,-0.562,-0.417,-0.599,-0.644,-0.653,-0.496,-0.465,-0.319,0.016,0.065,0.147,-0.538,-0.479,-0.582,-0.657,-1.007,-1.109,-1.0
Joint 2: ,0.2,0.464,0.322,0.516,0.679,0.79,1.139,1.104,0.874,0.937,1.053,0.977,0.533,0.428,0.471,0.57,0.403,0.293,0.27,0.194,0.629,0.62,0.383,0.5
Joint 3: ,-0.1,0.004,-0.098,-0.179,-0.186,-0.319,-0.531,-0.519,-0.499,-0.261,-0.608,-0.149,0.336,0.444,0.851,0.876,0.882,0.852,1.001,1.003,1.149,0.619,0.706,0.3
Joint 4: ,0.3,0.395,0.275,-0.333,-0.444,-0.365,0.111,0.268,0.234,-0.063,0.341,-0.047,0.199,0.154,-0.031,0.066,-0.226,-0.296,-0.51,-0.116,-0.839,-0.62,-0.555,-0.2
Joint 5: ,0.2,0.415,0.436,0.63,0.619,0.663,0.315,0.229,-0.041,-0.014,-0.029,-0.088,0.281,0.352,0.202,0.008,0.309,0.139,0.156,0.043,0.011,0.508,0.557,0.2
Joint 6: ,0.1,0.114,-0.014,-0.112,0.113,0.154,0.151,0.028,-0.36,-0.288,-0.326,-0.428,-0.495,-0.653,-0.84,-0.883,-0.935,-0.515,-0.388,-0.419,-0.329,-0.218,-0.179,-0.2
Trial,4,2D Sim,False,Distance Weight,0.85,Random Seed,60,Min Iterations,1200,Lazy,True,Distance cost,0.8844021215460978,Manip Cost,9.310782535483277,Total cost,2.148359183636675,Node cost function,False,Percent Manip Threshold,0,Update Path,False,Increasing weight,False,Parent finding radius R,0.9,Step Size,0.3,Goal Area Sample Probability,0.05,Goal Area Delta,0.6
Manipulability,0.032,0.168,0.139,0.117,0.082,0.016,0.067,0.059,0.098,0.102,0.182,0.121,0.182,0.199,0.088,0.224,0.246,0.132,0.251,0.218,0.101
Distance to Last Node,0.0,0.596,0.494,0.542,0.6,0.837,0.606,0.872,0.719,0.568,0.878,0.685,0.814,0.3,0.677,0.829,0.3,0.641,0.825,0.837,0.767
Joint 0: ,-1.7,-1.524,-1.481,-1.111,-0.953,-0.344,0.064,0.779,1.31,1.202,1.357,1.368,1.212,1.294,1.266,1.318,1.341,1.346,1.351,1.434,1.7
Joint 1: ,-1.0,-0.991,-0.769,-0.562,-0.527,-0.329,-0.496,-0.426,-0.847,-0.741,-1.227,-0.961,-1.392,-1.432,-1.189,-1.393,-1.447,-1.5,-1.537,-1.317,-1.0
Joint 2: ,0.2,0.285,0.545,0.658,1.009,0.959,0.944,0.743,0.733,0.688,0.938,0.839,0.808,0.902,0.867,1.103,1.244,0.936,1.252,0.834,0.5
Joint 3: ,-0.1,-0.524,-0.388,-0.302,-0.12,-0.095,0.06,0.054,0.239,0.199,0.31,0.358,0.204,0.325,0.347,0.472,0.57,0.192,0.755,0.553,0.3
Joint 4: ,0.3,0.187,0.339,0.156,-0.241,-0.328,-0.256,-0.405,-0.4,-0.156,-0.045,-0.613,-0.005,0.091,-0.277,0.239,0.421,0.219,0.606,-0.005,-0.2
Joint 5: ,0.2,-0.059,-0.176,-0.274,-0.323,0.147,0.45,0.451,0.325,0.475,0.514,0.302,0.542,0.511,0.002,0.546,0.628,0.319,0.536,0.495,0.2
Joint 6: ,0.1,-0.138,0.126,0.351,0.218,0.463,0.238,-0.19,-0.111,-0.573,0.076,-0.06,-0.027,-0.246,-0.2,-0.297,-0.166,-0.349,-0.094,0.141,-0.2
Trial,5,2D Sim,False,Distance Weight,0.85,Random Seed,75,Min Iterations,1200,Lazy,True,Distance cost,0.9025307801069358,Manip Cost,9.639153357983854,Total cost,2.2130241667884736,Node cost function,False,Percent Manip Threshold,0,Update Path,False,Increasing weight,False,Parent finding radius R,0.9,Step Size,0.3,Goal Area Sample Probability,0.05,Goal Area Delta,0.6
Manipulability,0.032,0.07,0.084,0.055,0.058,0.047,0.067,0.108,0.116,0.127,0.103,0.099,0.127,0.084,0.136,0.154,0.161,0.148,0.168,0.162,0.207,0.227,0.244,0.262,0.174,0.101
Distance to Last Node,0.0,0.3,0.675,0.803,0.3,0.554,0.811,0.795,0.3,0.533,0.634,0.3,0.482,0.628,0.689,0.3,0.504,0.673,0.872,0.454,0.688,0.3,0.3,0.3,0.713,0.756
Joint 0: ,-1.7,-1.731,-1.886,-1.305,-1.108,-0.625,0.074,0.354,0.35,0.31,0.509,0.506,0.722,0.703,1.003,1.062,1.044,1.166,1.083,1.134,1.272,1.287,1.355,1.547,1.507,1.7
Joint 1: ,-1.0,-0.885,-0.763,-0.424,-0.308,-0.274,-0.49,-0.61,-0.669,-0.455,-0.727,-0.794,-0.805,-0.751,-0.86,-0.949,-0.998,-0.851,-1.116,-0.877,-1.182,-1.259,-1.366,-1.476,-1.047,-1.0
Joint 2: ,0.2,0.261,0.667,0.586,0.723,0.795,0.656,0.259,0.452,0.074,0.403,0.646,0.394,0.796,0.412,0.299,0.508,0.159,0.499,0.342,0.471,0.718,0.907,0.889,0.505,0.5
Joint 3: ,-0.1,0.054,-0.226,-0.309,-0.344,-0.228,0.08,0.533,0.503,0.679,0.446,0.374,0.506,0.409,0.548,0.549,0.703,0.686,0.55,0.599,0.617,0.747,0.714,0.793,0.53,0.3
Joint 4: ,0.3,0.382,0.091,-0.3,-0.354,-0.441,-0.409,-0.652,-0.734,-0.562,-0.634,-0.659,-0.52,-0.693,-0.592,-0.782,-0.431,-0.931,-0.212,-0.438,0.139,0.198,0.344,0.247,0.18,-0.2
Joint 5: ,0.2,0.309,0.574,0.548,0.634,0.497,0.477,0.415,0.475,0.426,0.329,0.273,0.413,0.143,0.391,0.494,0.292,0.498,0.337,0.594,0.571,0.552,0.603,0.747,0.496,0.2
Joint 6: ,0.1,0.273,0.137,0.298,0.215,0.047,-0.034,-0.368,-0.563,-0.387,-0.719,-0.852,-0.596,-0.938,-0.571,-0.433,-0.573,-0.528,-0.608,-0.566,-0.666,-0.713,-0.827,-0.895,-0.697,-0.2
Trial,5,2D Sim,False,Distance Weight,0.8,Random Seed,75,Min Iterations,1200,Lazy,True,Distance cost,1.0802422201127628,Manip Cost,9.134563842789285,Total cost,2.691106544648067,Node cost function,False,Percent Manip Threshold,0,Update Path,False,Increasing weight,False,Parent finding radius R,0.9,Step Size,0.3,Goal Area Sample Probability,0.05,Goal Area Delta,0.6
Manipulability,0.032,0.07,0.084,0.055,0.058,0.047,0.061,0.067,0.108,0.116,0.127,0.103,0.099,0.127,0.084,0.136,0.154,0.161,0.148,0.138,0.13,0.168,0.162,0.146,0.173,0.207,0.227,0.244,0.262,0.174,0.194,0.101
Distance to Last Node,0.0,0.3,0.675,0.803,0.3,0.554,0.552,0.3,0.795,0.3,0.533,0.634,0.3,0.482,0.628,0.689,0.3,0.504,0.673,0.478,0.42,0.786,0.454,0.826,0.801,0.3,0.3,0.3,0.3,0.713,0.823,0.532
Joint 0: ,-1.7,-1.731,-1.886,-1.305,-1.108,-0.625,-0.175,0.074,0.354,0.35,0.31,0.509,0.506,0.722,0.703,1.003,1.062,1.044,1.166,1.242,1.397,1.083,1.134,1.482,1.266,1.272,1.287,1.355,1.547,1.507,1.967,1.7
Joint 1: ,-1.0,-0.885,-0.763,-0.424,-0.308,-0.274,-0.366,-0.49,-0.61,-0.669,-0.455,-0.727,-0.794,-0.805,-0.751,-0.86,-0.949,-0.998,-0.851,-0.925,-0.872,-1.116,-0.877,-1.047,-1.068,-1.182,-1.259,-1.366,-1.476,-1.047,-1.326,-1.0
Joint 2: ,0.2,0.261,0.667,0.586,0.723,0.795,0.639,0.656,0.259,0.452,0.074,0.403,0.646,0.394,0.796,0.412,0.299,0.508,0.159,0.254,0.333,0.499,0.342,0.426,0.373,0.471,0.718,0.907,0.889,0.505,0.375,0.5
Joint 3: ,-0.1,0.054,-0.226,-0.309,-0.344,-0.228,0.009,0.08,0.533,0.503,0.679,0.446,0.374,0.506,0.409,0.548,0.549,0.703,0.686,0.42,0.477,0.55,0.599,0.556,0.621,0.617,0.747,0.714,0.793,0.53,0.543,0.3
Joint 4: ,0.3,0.382,0.091,-0.3,-0.354,-0.441,-0.402,-0.409,-0.652,-0.734,-0.562,-0.634,-0.659,-0.52,-0.693,-0.592,-0.782,-0.431,-0.931,-0.638,-0.44,-0.212,-0.438,-0.325,-0.04,0.139,0.198,0.344,0.247,0.18,-0.097,-0.2
Joint 5: ,0.2,0.309,0.574,0.548,0.634,0.497,0.563,0.477,0.415,0.475,0.426,0.329,0.273,0.413,0.143,0.391,0.494,0.292,0.498,0.458,0.379,0.337,0.594,0.231,0.385,0.571,0.552,0.603,0.747,0.496,0.342,0.2
Joint 6: ,0.1,0.273,0.137,0.298,0.215,0.047,-0.033,-0.034,-0.368,-0.563,-0.387,-0.719,-0.852,-0.596,-0.938,-0.571,-0.433,-0.573,-0.528,-0.305,0.002,-0.608,-0.566,0.049,-0.645,-0.666,-0.713,-0.827,-0.895,-0.697,-0.177,-0.2
Trial,1,2D Sim,False,Distance Weight,0.8,Random Seed,15,Min Iterations,1200,Lazy,True,Distance cost,1.421504687767971,Manip Cost,10.534251166974355,Total cost,3.2440539836092475,Node cost function,False,Percent Manip Threshold,0,Update Path,False,Increasing weight,False,Parent finding radius R,0.9,Step Size,0.3,Goal Area Sample Probability,0.05,Goal Area Delta,0.6
Manipulability,0.032,0.068,0.041,0.043,0.084,0.019,0.049,0.08,0.087,0.09,0.082,0.07,0.058,0.141,0.025,0.147,0.104,0.155,0.146,0.153,0.184,0.128,0.164,0.166,0.171,0.16,0.118,0.154,0.137,0.199,0.196,0.202,0.174,0.199,0.234,0.109
Distance to Last Node,0.0,0.435,0.857,0.875,0.639,0.846,0.791,0.3,0.3,0.3,0.3,0.3,0.3,0.584,0.845,0.888,0.751,0.821,0.3,0.385,0.715,0.852,0.623,0.3,0.557,0.821,0.659,0.816,0.722,0.707,0.3,0.856,0.651,0.618,0.764,0.74
Joint 0: ,-1.7,-1.439,-0.82,-0.099,-0.119,0.274,0.638,0.688,0.797,1.011,1.216,1.325,1.304,1.258,1.398,1.35,1.385,1.573,1.722,1.751,1.25,1.889,1.735,1.581,1.822,1.828,1.689,1.977,1.703,1.887,1.966,1.379,1.327,1.538,1.932,1.703
Joint 1: ,-1.0,-1.077,-0.625,-0.627,-0.836,-0.423,-0.448,-0.639,-0.696,-0.832,-0.859,-0.887,-0.999,-1.052,-0.626,-0.979,-1.06,-0.915,-0.989,-0.864,-1.054,-0.821,-0.632,-0.604,-0.647,-1.042,-0.812,-1.168,-0.999,-1.327,-1.323,-1.272,-1.338,-1.42,-1.34,-0.998
Joint 2: ,0.2,0.135,0.362,0.203,0.225,0.226,0.448,0.593,0.754,0.639,0.64,0.878,1.084,0.649,0.866,0.47,1.022,0.47,0.367,0.336,0.519,0.469,0.287,0.11,0.378,0.314,0.223,0.361,0.028,0.249,0.187,0.639,0.597,0.715,0.195,0.479
Joint 3: ,-0.1,-0.265,-0.294,0.033,0.389,-0.083,0.444,0.479,0.615,0.516,0.384,0.249,0.195,0.472,0.094,0.6,0.386,0.651,0.427,0.749,0.738,0.363,0.856,0.849,0.835,0.495,0.715,0.355,0.611,0.538,0.645,0.433,0.258,0.259,0.585,0.32
Joint 4: ,0.3,0.133,0.173,0.492,0.588,0.233,-0.153,-0.303,-0.228,-0.217,-0.225,-0.234,-0.064,-0.252,-0.656,-0.242,0.046,-0.114,-0.078,-0.005,-0.405,-0.075,0.011,-0.112,0.027,0.013,-0.029,-0.156,-0.07,-0.251,-0.426,-0.18,-0.481,-0.18,-0.258,-0.181
Joint 5: ,0.2,0.407,0.235,0.269,0.133,0.219,0.089,0.163,0.016,0.008,0.072,0.113,0.072,0.255,0.068,0.273,0.085,0.391,0.409,0.36,0.433,0.504,0.503,0.486,0.651,0.415,0.107,0.373,0.162,0.388,0.276,0.541,0.491,0.581,0.675,0.233
Joint 6: ,0.1,-0.012,0.237,0.127,-0.331,-0.142,-0.11,-0.097,-0.157,-0.111,-0.272,-0.243,-0.213,-0.177,-0.531,-0.342,-0.048,-0.399,-0.383,-0.524,-0.364,-0.281,-0.494,-0.358,-0.721,-0.137,-0.594,-0.124,-0.558,-0.088,-0.247,-0.32,0.22,-0.247,-0.068,-0.229
Trial,2,2D Sim,False,Distance Weight,0.8,Random Seed,30,Min Iterations,1200,Lazy,True,Distance cost,0.9565675081936708,Manip Cost,8.79506666801981,Total cost,2.5242673401588984,Node cost function,False,Percent Manip Threshold,0,Update Path,False,Increasing weight,False,Parent finding radius R,0.9,Step Size,0.3,Goal Area Sample Probability,0.05,Goal Area Delta,0.6
Manipulability,0.032,0.066,0.12,0.115,0.123,0.041,0.041,0.092,0.141,0.152,0.141,0.186,0.203,0.147,0.147,0.164,0.17,0.144,0.159,0.161,0.167,0.186,0.204,0.213,0.101
Distance to Last Node,0.0,0.424,0.893,0.585,0.3,0.501,0.873,0.81,0.3,0.3,0.3,0.516,0.3,0.83,0.3,0.773,0.821,0.678,0.839,0.703,0.86,0.608,0.871,0.3,0.796
Joint 0: ,-1.7,-1.434,-0.891,-0.354,-0.215,0.193,0.744,1.09,1.195,1.305,1.536,1.17,1.197,1.587,1.75,1.449,1.745,1.206,1.833,1.821,1.939,1.769,1.922,1.901,1.7
Joint 1: ,-1.0,-1.081,-1.021,-0.884,-0.845,-0.651,-0.39,-0.593,-0.733,-0.778,-0.776,-0.993,-1.073,-0.824,-0.728,-0.771,-0.981,-0.824,-0.996,-0.642,-1.152,-0.996,-1.464,-1.449,-1.0
Joint 2: ,0.2,0.282,0.087,0.019,-0.17,-0.19,0.098,0.644,0.651,0.769,0.715,0.755,0.918,0.568,0.434,0.694,0.537,0.505,0.732,0.254,0.803,0.914,0.48,0.288,0.5
Joint 3: ,-0.1,0.187,-0.308,-0.199,-0.182,-0.038,0.36,0.384,0.583,0.732,0.673,0.739,0.892,0.694,0.857,0.849,0.592,0.411,0.542,0.836,0.638,0.843,0.668,0.794,0.3
Joint 4: ,0.3,0.357,0.235,0.234,0.071,0.125,0.228,0.007,0.022,0.215,0.077,0.237,0.374,-0.173,-0.198,0.35,-0.286,-0.005,-0.407,-0.304,-0.404,-0.649,-0.248,-0.344,-0.2
Joint 5: ,0.2,0.111,-0.124,-0.255,-0.323,-0.175,0.141,0.435,0.572,0.52,0.426,0.534,0.467,0.396,0.319,0.689,0.495,0.615,0.389,0.486,0.19,0.456,0.196,0.148,0.2
Joint 6: ,0.1,0.053,0.436,0.394,0.439,0.421,0.225,-0.021,-0.001,-0.008,-0.054,0.15,0.053,-0.047,-0.103,-0.064,0.033,0.166,0.157,-0.028,0.135,0.497,0.239,0.08,-0.2
Trial,3,2D Sim,False,Distance Weight,0.8,Random Seed,45,Min Iterations,1200,Lazy,True,Distance cost,1.0512935103618608,Manip Cost,10.00566824061263,Total cost,2.8421684564120144,Node cost function,False,Percent Manip Threshold,0,Update Path,False,Increasing weight,False,Parent finding radius R,0.9,Step Size,0.3,Goal Area Sample Probability,0.05,Goal Area Delta,0.6
Manipulability,0.032,0.071,0.06,0.079,0.081,0.072,0.074,0.068,0.119,0.062,0.139,0.042,0.055,0.068,0.166,0.139,0.216,0.104,0.119,0.148,0.18,0.086,0.187,0.118,0.197,0.186,0.188,0.218,0.225,0.117,0.101
Distance to Last Node,0.0,0.57,0.3,0.884,0.3,0.3,0.852,0.3,0.8,0.411,0.55,0.646,0.852,0.3,0.658,0.3,0.467,0.655,0.809,0.3,0.3,0.708,0.839,0.524,0.668,0.3,0.3,0.721,0.3,0.869,0.134
Joint 0: ,-1.7,-1.366,-1.209,-0.647,-0.67,-0.507,-0.064,0.079,0.653,0.764,0.827,0.933,1.236,1.353,1.601,1.769,1.696,1.708,1.371,1.45,1.431,1.731,1.54,1.515,1.65,1.665,1.75,1.555,1.598,1.676,1.7
Joint 1: ,-1.0,-0.722,-0.664,-0.598,-0.6,-0.446,-0.562,-0.417,-0.599,-0.644,-0.653,-0.496,-0.465,-0.319,0.016,0.065,0.147,-0.41,-0.879,-1.107,-1.241,-0.906,-1.173,-1.238,-1.206,-1.114,-1.067,-1.313,-1.441,-1.06,-1.0
Joint 2: ,0.2,0.464,0.322,0.516,0.679,0.79,1.139,1.104,0.874,0.937,1.053,0.977,0.533,0.428,0.471,0.57,0.403,0.393,0.349,0.435,0.541,0.583,0.406,0.324,0.278,0.172,0.327,0.61,0.802,0.453,0.5
Joint 3: ,-0.1,0.004,-0.098,-0.179,-0.186,-0.319,-0.531,-0.519,-0.499,-0.261,-0.608,-0.149,0.336,0.444,0.851,0.876,0.882,0.768,0.402,0.353,0.432,0.442,0.399,0.314,0.561,0.59,0.676,0.367,0.259,0.342,0.3
Joint 4: ,0.3,0.395,0.275,-0.333,-0.444,-0.365,0.111,0.268,0.234,-0.063,0.341,-0.047,0.199,0.154,-0.031,0.066,-0.226,-0.128,0.122,0.194,0.384,0.182,0.359,0.12,0.485,0.728,0.871,0.379,0.285,-0.137,-0.2
Joint 5: ,0.2,0.415,0.436,0.63,0.619,0.663,0.315,0.229,-0.041,-0.014,-0.029,-0.088,0.281,0.352,0.202,0.008,0.309,0.145,0.336,0.381,0.432,0.011,0.575,0.181,0.526,0.586,0.71,0.705,0.743,0.224,0.2
Joint 6: ,0.1,0.114,-0.014,-0.112,0.113,0.154,0.151,0.028,-0.36,-0.288,-0.326,-0.428,-0.495,-0.653,-0.84,-0.883,-0.935,-0.673,-0.38,-0.259,-0.135,-0.415,0.047,-0.161,0.173,0.091,0.207,0.148,0.034,-0.127,-0.2
Trial,4,2D Sim,False,Distance Weight,0.8,Random Seed,60,Min Iterations,1200,Lazy,True,Distance cost,0.8844021215460978,Manip Cost,9.310782535483277,Total cost,2.5696782043335333,Node cost function,False,Percent Manip Threshold,0,Update Path,False,Increasing weight,False,Parent finding radius R,0.9,Step Size,0.3,Goal Area Sample Probability,0.05,Goal Area Delta,0.6
Manipulability,0.032,0.168,0.139,0.117,0.082,0.016,0.067,0.059,0.098,0.102,0.182,0.121,0.182,0.199,0.088,0.224,0.246,0.132,0.251,0.218,0.101
Distance to Last Node,0.0,0.596,0.494,0.542,0.6,0.837,0.606,0.872,0.719,0.568,0.878,0.685,0.814,0.3,0.677,0.829,0.3,0.641,0.825,0.837,0.767
Joint 0: ,-1.7,-1.524,-1.481,-1.111,-0.953,-0.344,0.064,0.779,1.31,1.202,1.357,1.368,1.212,1.294,1.266,1.318,1.341,1.346,1.351,1.434,1.7
Joint 1: ,-1.0,-0.991,-0.769,-0.562,-0.527,-0.329,-0.496,-0.426,-0.847,-0.741,-1.227,-0.961,-1.392,-1.432,-1.189,-1.393,-1.447,-1.5,-1.537,-1.317,-1.0
Joint 2: ,0.2,0.285,0.545,0.658,1.009,0.959,0.944,0.743,0.733,0.688,0.938,0.839,0.808,0.902,0.867,1.103,1.244,0.936,1.252,0.834,0.5
Joint 3: ,-0.1,-0.524,-0.388,-0.302,-0.12,-0.095,0.06,0.054,0.239,0.199,0.31,0.358,0.204,0.325,0.347,0.472,0.57,0.192,0.755,0.553,0.3
Joint 4: ,0.3,0.187,0.339,0.156,-0.241,-0.328,-0.256,-0.405,-0.4,-0.156,-0.045,-0.613,-0.005,0.091,-0.277,0.239,0.421,0.219,0.606,-0.005,-0.2
Joint 5: ,0.2,-0.059,-0.176,-0.274,-0.323,0.147,0.45,0.451,0.325,0.475,0.514,0.302,0.542,0.511,0.002,0.546,0.628,0.319,0.536,0.495,0.2
Joint 6: ,0.1,-0.138,0.126,0.351,0.218,0.463,0.238,-0.19,-0.111,-0.573,0.076,-0.06,-0.027,-0.246,-0.2,-0.297,-0.166,-0.349,-0.094,0.141,-0.2
Trial,5,2D Sim,False,Distance Weight,0.8,Random Seed,75,Min Iterations,1200,Lazy,True,Distance cost,1.0802422201127628,Manip Cost,9.134563842789285,Total cost,2.691106544648067,Node cost function,False,Percent Manip Threshold,0,Update Path,False,Increasing weight,False,Parent finding radius R,0.9,Step Size,0.3,Goal Area Sample Probability,0.05,Goal Area Delta,0.6
Manipulability,0.032,0.07,0.084,0.055,0.058,0.047,0.061,0.067,0.108,0.116,0.127,0.103,0.099,0.127,0.084,0.136,0.154,0.161,0.148,0.138,0.13,0.168,0.162,0.146,0.173,0.207,0.227,0.244,0.262,0.174,0.194,0.101
Distance to Last Node,0.0,0.3,0.675,0.803,0.3,0.554,0.552,0.3,0.795,0.3,0.533,0.634,0.3,0.482,0.628,0.689,0.3,0.504,0.673,0.478,0.42,0.786,0.454,0.826,0.801,0.3,0.3,0.3,0.3,0.713,0.823,0.532
Joint 0: ,-1.7,-1.731,-1.886,-1.305,-1.108,-0.625,-0.175,0.074,0.354,0.35,0.31,0.509,0.506,0.722,0.703,1.003,1.062,1.044,1.166,1.242,1.397,1.083,1.134,1.482,1.266,1.272,1.287,1.355,1.547,1.507,1.967,1.7
Joint 1: ,-1.0,-0.885,-0.763,-0.424,-0.308,-0.274,-0.366,-0.49,-0.61,-0.669,-0.455,-0.727,-0.794,-0.805,-0.751,-0.86,-0.949,-0.998,-0.851,-0.925,-0.872,-1.116,-0.877,-1.047,-1.068,-1.182,-1.259,-1.366,-1.476,-1.047,-1.326,-1.0
Joint 2: ,0.2,0.261,0.667,0.586,0.723,0.795,0.639,0.656,0.259,0.452,0.074,0.403,0.646,0.394,0.796,0.412,0.299,0.508,0.159,0.254,0.333,0.499,0.342,0.426,0.373,0.471,0.718,0.907,0.889,0.505,0.375,0.5
Joint 3: ,-0.1,0.054,-0.226,-0.309,-0.344,-0.228,0.009,0.08,0.533,0.503,0.679,0.446,0.374,0.506,0.409,0.548,0.549,0.703,0.686,0.42,0.477,0.55,0.599,0.556,0.621,0.617,0.747,0.714,0.793,0.53,0.543,0.3
Joint 4: ,0.3,0.382,0.091,-0.3,-0.354,-0.441,-0.402,-0.409,-0.652,-0.734,-0.562,-0.634,-0.659,-0.52,-0.693,-0.592,-0.782,-0.431,-0.931,-0.638,-0.44,-0.212,-0.438,-0.325,-0.04,0.139,0.198,0.344,0.247,0.18,-0.097,-0.2
Joint 5: ,0.2,0.309,0.574,0.548,0.634,0.497,0.563,0.477,0.415,0.475,0.426,0.329,0.273,0.413,0.143,0.391,0.494,0.292,0.498,0.458,0.379,0.337,0.594,0.231,0.385,0.571,0.552,0.603,0.747,0.496,0.342,0.2
Joint 6: ,0.1,0.273,0.137,0.298,0.215,0.047,-0.033,-0.034,-0.368,-0.563,-0.387,-0.719,-0.852,-0.596,-0.938,-0.571,-0.433,-0.573,-0.528,-0.305,0.002,-0.608,-0.566,0.049,-0.645,-0.666,-0.713,-0.827,-0.895,-0.697,-0.177,-0.2
Trial,5,2D Sim,False,Distance Weight,0.7,Random Seed,75,Min Iterations,1200,Lazy,True,Distance cost,1.3693112384823152,Manip Cost,9.302592378641002,Total cost,3.7492955805299215,Node cost function,False,Percent Manip Threshold,0,Update Path,False,Increasing weight,False,Parent finding radius R,0.9,Step Size,0.3,Goal Area Sample Probability,0.05,Goal Area Delta,0.6
Manipulability,0.032,0.07,0.071,0.065,0.084,0.055,0.058,0.047,0.067,0.108,0.116,0.127,0.103,0.099,0.127,0.08,0.136,0.084,0.161,0.148,0.138,0.134,0.103,0.13,0.168,0.162,0.146,0.138,0.173,0.207,0.227,0.244,0.262,0.174,0.194,0.185,0.101
Distance to Last Node,0.0,0.3,0.3,0.556,0.86,0.803,0.3,0.554,0.811,0.795,0.3,0.533,0.634,0.3,0.482,0.759,0.771,0.831,0.868,0.673,0.478,0.642,0.856,0.3,0.786,0.454,0.826,0.432,0.898,0.3,0.3,0.3,0.3,0.713,0.823,0.3,0.595
Joint 0: ,-1.7,-1.731,-1.803,-1.518,-1.886,-1.305,-1.108,-0.625,0.074,0.354,0.35,0.31,0.509,0.506,0.722,0.847,1.003,0.982,1.044,1.166,1.242,1.229,1.304,1.397,1.083,1.134,1.482,1.847,1.266,1.272,1.287,1.355,1.547,1.507,1.967,1.98,1.7
Joint 1: ,-1.0,-0.885,-0.86,-0.863,-0.763,-0.424,-0.308,-0.274,-0.49,-0.61,-0.669,-0.455,-0.727,-0.794,-0.805,-0.569,-0.86,-0.588,-0.998,-0.851,-0.925,-0.751,-0.84,-0.872,-1.116,-0.877,-1.047,-0.942,-1.068,-1.182,-1.259,-1.366,-1.476,-1.047,-1.326,-1.407,-1.0
Joint 2: ,0.2,0.261,0.358,0.304,0.667,0.586,0.723,0.795,0.656,0.259,0.452,0.074,0.403,0.646,0.394,0.826,0.412,0.817,0.508,0.159,0.254,0.003,0.392,0.333,0.499,0.342,0.426,0.525,0.373,0.471,0.718,0.907,0.889,0.505,0.375,0.381,0.5
Joint 3: ,-0.1,0.054,-0.088,0.149,-0.226,-0.309,-0.344,-0.228,0.08,0.533,0.503,0.679,0.446,0.374,0.506,0.532,0.548,0.448,0.703,0.686,0.42,0.649,0.304,0.477,0.55,0.599,0.556,0.603,0.621,0.617,0.747,0.714,0.793,0.53,0.543,0.433,0.3
Joint 4: ,0.3,0.382,0.237,0.527,0.091,-0.3,-0.354,-0.441,-0.409,-0.652,-0.734,-0.562,-0.634,-0.659,-0.52,-0.686,-0.592,-0.497,-0.431,-0.931,-0.638,-1.088,-0.602,-0.44,-0.212,-0.438,-0.325,-0.391,-0.04,0.139,0.198,0.344,0.247,0.18,-0.097,-0.268,-0.2
Joint 5: ,0.2,0.309,0.41,0.22,0.574,0.548,0.634,0.497,0.477,0.415,0.475,0.426,0.329,0.273,0.413,0.17,0.391,0.268,0.292,0.498,0.458,0.648,0.332,0.379,0.337,0.594,0.231,0.236,0.385,0.571,0.552,0.603,0.747,0.496,0.342,0.346,0.2
Joint 6: ,0.1,0.273,0.427,0.207,0.137,0.298,0.215,0.047,-0.034,-0.368,-0.563,-0.387,-0.719,-0.852,-0.596,-1.077,-0.571,-1.217,-0.573,-0.528,-0.305,-0.471,-0.134,0.002,-0.608,-0.566,0.049,-0.113,-0.645,-0.666,-0.713,-0.827,-0.895,-0.697,-0.177,0.028,-0.2
Trial,1,2D Sim,False,Distance Weight,0.7,Random Seed,15,Min Iterations,1200,Lazy,True,Distance cost,1.6845459875347806,Manip Cost,9.88014692042418,Total cost,4.143226267401601,Node cost function,False,Percent Manip Threshold,0,Update Path,False,Increasing weight,False,Parent finding radius R,0.9,Step Size,0.3,Goal Area Sample Probability,0.05,Goal Area Delta,0.6
Manipulability,0.032,0.068,0.041,0.043,0.084,0.019,0.049,0.08,0.087,0.09,0.082,0.07,0.058,0.141,0.025,0.147,0.104,0.155,0.146,0.153,0.184,0.128,0.164,0.166,0.171,0.16,0.118,0.154,0.137,0.12,0.199,0.196,0.198,0.206,0.166,0.166,0.155,0.158,0.174,0.199,0.234,0.208,0.109
Distance to Last Node,0.0,0.435,0.857,0.875,0.639,0.846,0.791,0.3,0.3,0.3,0.3,0.3,0.3,0.584,0.845,0.888,0.751,0.821,0.3,0.385,0.715,0.852,0.623,0.3,0.557,0.821,0.659,0.816,0.722,0.631,0.817,0.3,0.3,0.3,0.591,0.654,0.86,0.702,0.462,0.618,0.764,0.834,0.786
Joint 0: ,-1.7,-1.439,-0.82,-0.099,-0.119,0.274,0.638,0.688,0.797,1.011,1.216,1.325,1.304,1.258,1.398,1.35,1.385,1.573,1.722,1.751,1.25,1.889,1.735,1.581,1.822,1.828,1.689,1.977,1.703,1.608,1.887,1.966,2.018,1.965,2.059,2.067,1.252,1.305,1.327,1.538,1.932,1.198,1.703
Joint 1: ,-1.0,-1.077,-0.625,-0.627,-0.836,-0.423,-0.448,-0.639,-0.696,-0.832,-0.859,-0.887,-0.999,-1.052,-0.626,-0.979,-1.06,-0.915,-0.989,-0.864,-1.054,-0.821,-0.632,-0.604,-0.647,-1.042,-0.812,-1.168,-0.999,-0.861,-1.327,-1.323,-1.418,-1.503,-1.275,-1.288,-1.205,-1.321,-1.338,-1.42,-1.34,-1.2,-0.998
Joint 2: ,0.2,0.135,0.362,0.203,0.225,0.226,0.448,0.593,0.754,0.639,0.64,0.878,1.084,0.649,0.866,0.47,1.022,0.47,0.367,0.336,0.519,0.469,0.287,0.11,0.378,0.314,0.223,0.361,0.028,0.421,0.249,0.187,0.133,0.119,0.352,0.456,0.654,0.52,0.597,0.715,0.195,0.307,0.479
Joint 3: ,-0.1,-0.265,-0.294,0.033,0.389,-0.083,0.444,0.479,0.615,0.516,0.384,0.249,0.195,0.472,0.094,0.6,0.386,0.651,0.427,0.749,0.738,0.363,0.856,0.849,0.835,0.495,0.715,0.355,0.611,0.271,0.538,0.645,0.765,0.938,0.574,0.236,0.242,0.442,0.258,0.259,0.585,0.663,0.32
Joint 4: ,0.3,0.133,0.173,0.492,0.588,0.233,-0.153,-0.303,-0.228,-0.217,-0.225,-0.234,-0.064,-0.252,-0.656,-0.242,0.046,-0.114,-0.078,-0.005,-0.405,-0.075,0.011,-0.112,0.027,0.013,-0.029,-0.156,-0.07,0.019,-0.251,-0.426,-0.601,-0.646,-0.509,-0.068,-0.103,-0.174,-0.481,-0.18,-0.258,-0.417,-0.181
Joint 5: ,0.2,0.407,0.235,0.269,0.133,0.219,0.089,0.163,0.016,0.008,0.072,0.113,0.072,0.255,0.068,0.273,0.085,0.391,0.409,0.36,0.433,0.504,0.503,0.486,0.651,0.415,0.107,0.373,0.162,0.464,0.388,0.276,0.101,-0.102,0.173,0.474,0.447,0.22,0.491,0.581,0.675,0.556,0.233
Joint 6: ,0.1,-0.012,0.237,0.127,-0.331,-0.142,-0.11,-0.097,-0.157,-0.111,-0.272,-0.243,-0.213,-0.177,-0.531,-0.342,-0.048,-0.399,-0.383,-0.524,-0.364,-0.281,-0.494,-0.358,-0.721,-0.137,-0.594,-0.124,-0.558,-0.527,-0.088,-0.247,-0.254,-0.333,-0.418,-0.287,-0.453,0.148,0.22,-0.247,-0.068,-0.348,-0.229
Trial,2,2D Sim,False,Distance Weight,0.7,Random Seed,30,Min Iterations,1200,Lazy,True,Distance cost,1.235106486134047,Manip Cost,8.210412878898232,Total cost,3.327698403963303,Node cost function,False,Percent Manip Threshold,0,Update Path,False,Increasing weight,False,Parent finding radius R,0.9,Step Size,0.3,Goal Area Sample Probability,0.05,Goal Area Delta,0.6
Manipulability,0.032,0.066,0.12,0.115,0.123,0.111,0.041,0.041,0.092,0.141,0.152,0.141,0.186,0.203,0.147,0.147,0.164,0.17,0.144,0.159,0.161,0.167,0.15,0.138,0.165,0.182,0.186,0.204,0.213,0.209,0.239,0.184,0.101
Distance to Last Node,0.0,0.424,0.893,0.585,0.3,0.3,0.639,0.873,0.81,0.3,0.3,0.3,0.516,0.3,0.83,0.3,0.773,0.821,0.678,0.839,0.703,0.86,0.453,0.3,0.811,0.645,0.3,0.871,0.3,0.496,0.646,0.797,0.734
Joint 0: ,-1.7,-1.434,-0.891,-0.354,-0.215,-0.259,0.193,0.744,1.09,1.195,1.305,1.536,1.17,1.197,1.587,1.75,1.449,1.745,1.206,1.833,1.821,1.939,1.809,1.777,1.865,1.821,1.769,1.922,1.901,2.009,2.01,1.986,1.7
Joint 1: ,-1.0,-1.081,-1.021,-0.884,-0.845,-0.912,-0.651,-0.39,-0.593,-0.733,-0.778,-0.776,-0.993,-1.073,-0.824,-0.728,-0.771,-0.981,-0.824,-0.996,-0.642,-1.152,-1.129,-1.072,-1.217,-1.04,-0.996,-1.464,-1.449,-1.533,-1.522,-1.294,-1.0
Joint 2: ,0.2,0.282,0.087,0.019,-0.17,-0.293,-0.19,0.098,0.644,0.651,0.769,0.715,0.755,0.918,0.568,0.434,0.694,0.537,0.505,0.732,0.254,0.803,0.627,0.502,0.681,0.757,0.914,0.48,0.288,0.482,0.144,0.643,0.5
Joint 3: ,-0.1,0.187,-0.308,-0.199,-0.182,-0.058,-0.038,0.36,0.384,0.583,0.732,0.673,0.739,0.892,0.694,0.857,0.849,0.592,0.411,0.542,0.836,0.638,0.325,0.104,0.692,0.668,0.843,0.668,0.794,0.747,0.927,0.416,0.3
Joint 4: ,0.3,0.357,0.235,0.234,0.071,-0.135,0.125,0.228,0.007,0.022,0.215,0.077,0.237,0.374,-0.173,-0.198,0.35,-0.286,-0.005,-0.407,-0.304,-0.404,-0.51,-0.467,-0.467,-0.514,-0.649,-0.248,-0.344,-0.195,-0.514,-0.649,-0.2
Joint 5: ,0.2,0.111,-0.124,-0.255,-0.323,-0.399,-0.175,0.141,0.435,0.572,0.52,0.426,0.534,0.467,0.396,0.319,0.689,0.495,0.615,0.389,0.486,0.19,0.406,0.544,0.068,0.466,0.456,0.196,0.148,0.106,0.222,0.454,0.2
Joint 6: ,0.1,0.053,0.436,0.394,0.439,0.51,0.421,0.225,-0.021,-0.001,-0.008,-0.054,0.15,0.053,-0.047,-0.103,-0.064,0.033,0.166,0.157,-0.028,0.135,0.104,0.083,-0.074,0.39,0.497,0.239,0.08,0.484,0.091,0.065,-0.2
Trial,3,2D Sim,False,Distance Weight,0.7,Random Seed,45,Min Iterations,1200,Lazy,True,Distance cost,1.3540268669820499,Manip Cost,9.421638557750276,Total cost,3.774310374212518,Node cost function,False,Percent Manip Threshold,0,Update Path,False,Increasing weight,False,Parent finding radius R,0.9,Step Size,0.3,Goal Area Sample Probability,0.05,Goal Area Delta,0.6
Manipulability,0.032,0.071,0.06,0.079,0.081,0.072,0.074,0.068,0.119,0.062,0.139,0.042,0.055,0.068,0.166,0.139,0.216,0.104,0.119,0.121,0.153,0.11,0.137,0.086,0.187,0.118,0.197,0.186,0.188,0.149,0.218,0.225,0.154,0.167,0.17,0.101
Distance to Last Node,0.0,0.57,0.3,0.884,0.3,0.3,0.852,0.3,0.8,0.411,0.55,0.646,0.852,0.3,0.658,0.3,0.467,0.655,0.809,0.842,0.3,0.531,0.765,0.819,0.839,0.524,0.668,0.3,0.3,0.838,0.437,0.3,0.772,0.797,0.838,0.674
Joint 0: ,-1.7,-1.366,-1.209,-0.647,-0.67,-0.507,-0.064,0.079,0.653,0.764,0.827,0.933,1.236,1.353,1.601,1.769,1.696,1.708,1.371,1.765,1.81,2.018,1.832,1.731,1.54,1.515,1.65,1.665,1.75,1.384,1.555,1.598,1.622,1.633,1.989,1.7
Joint 1: ,-1.0,-0.722,-0.664,-0.598,-0.6,-0.446,-0.562,-0.417,-0.599,-0.644,-0.653,-0.496,-0.465,-0.319,0.016,0.065,0.147,-0.41,-0.879,-0.538,-0.479,-0.582,-0.582,-0.906,-1.173,-1.238,-1.206,-1.114,-1.067,-1.085,-1.313,-1.441,-1.194,-0.917,-1.063,-1.0
Joint 2: ,0.2,0.464,0.322,0.516,0.679,0.79,1.139,1.104,0.874,0.937,1.053,0.977,0.533,0.428,0.471,0.57,0.403,0.393,0.349,0.293,0.27,0.662,0.194,0.583,0.406,0.324,0.278,0.172,0.327,0.385,0.61,0.802,0.348,0.357,0.257,0.5
Joint 3: ,-0.1,0.004,-0.098,-0.179,-0.186,-0.319,-0.531,-0.519,-0.499,-0.261,-0.608,-0.149,0.336,0.444,0.851,0.876,0.882,0.768,0.402,0.852,1.001,0.75,1.003,0.442,0.399,0.314,0.561,0.59,0.676,0.176,0.367,0.259,0.436,0.572,0.486,0.3
Joint 4: ,0.3,0.395,0.275,-0.333,-0.444,-0.365,0.111,0.268,0.234,-0.063,0.341,-0.047,0.199,0.154,-0.031,0.066,-0.226,-0.128,0.122,-0.296,-0.51,-0.602,-0.116,0.182,0.359,0.12,0.485,0.728,0.871,0.336,0.379,0.285,0.003,-0.043,-0.613,-0.2
Joint 5: ,0.2,0.415,0.436,0.63,0.619,0.663,0.315,0.229,-0.041,-0.014,-0.029,-0.088,0.281,0.352,0.202,0.008,0.309,0.145,0.336,0.139,0.156,0.215,0.043,0.011,0.575,0.181,0.526,0.586,0.71,0.561,0.705,0.743,0.277,0.598,0.519,0.2
Joint 6: ,0.1,0.114,-0.014,-0.112,0.113,0.154,0.151,0.028,-0.36,-0.288,-0.326,-0.428,-0.495,-0.653,-0.84,-0.883,-0.935,-0.673,-0.38,-0.515,-0.388,-0.404,-0.419,-0.415,0.047,-0.161,0.173,0.091,0.207,0.13,0.148,0.034,0.036,-0.623,-0.169,-0.2
Trial,4,2D Sim,False,Distance Weight,0.7,Random Seed,60,Min Iterations,1200,Lazy,True,Distance cost,1.0665600158064337,Manip Cost,9.270649852239439,Total cost,3.5277869667363357,Node cost function,False,Percent Manip Threshold,0,Update Path,False,Increasing weight,False,Parent finding radius R,0.9,Step Size,0.3,Goal Area Sample Probability,0.05,Goal Area Delta,0.6
Manipulability,0.032,0.168,0.139,0.117,0.082,0.016,0.067,0.059,0.098,0.102,0.097,0.122,0.112,0.107,0.15,0.151,0.175,0.157,0.18,0.153,0.173,0.184,0.202,0.165,0.168,0.17,0.101
Distance to Last Node,0.0,0.596,0.494,0.542,0.6,0.837,0.606,0.872,0.719,0.568,0.678,0.851,0.3,0.3,0.654,0.3,0.487,0.646,0.3,0.723,0.738,0.671,0.852,0.47,0.839,0.853,0.65
Joint 0: ,-1.7,-1.524,-1.481,-1.111,-0.953,-0.344,0.064,0.779,1.31,1.202,1.308,1.283,1.384,1.457,1.329,1.391,1.173,1.559,1.562,1.199,1.57,1.604,1.7,1.392,1.342,1.662,1.7
Joint 1: ,-1.0,-0.991,-0.769,-0.562,-0.527,-0.329,-0.496,-0.426,-0.847,-0.741,-0.986,-0.712,-0.6,-0.558,-0.841,-0.88,-0.928,-1.012,-1.046,-0.818,-1.068,-0.939,-1.261,-1.062,-1.043,-0.942,-1.0
Joint 2: ,0.2,0.285,0.545,0.658,1.009,0.959,0.944,0.743,0.733,0.688,0.805,0.583,0.743,0.808,0.402,0.189,0.396,0.139,-0.076,0.219,0.048,-0.473,0.146,0.098,0.146,0.14,0.5
Joint 3: ,-0.1,-0.524,-0.388,-0.302,-0.12,-0.095,0.06,0.054,0.239,0.199,0.321,0.347,0.444,0.464,0.469,0.428,0.532,0.467,0.602,0.505,0.427,0.692,0.347,0.455,0.25,0.461,0.3
Joint 4: ,0.3,0.187,0.339,0.156,-0.241,-0.328,-0.256,-0.405,-0.4,-0.156,-0.23,0.007,0.118,0.311,0.153,0.105,0.344,0.056,-0.067,0.306,-0.215,-0.349,-0.226,-0.43,0.163,-0.226,-0.2
Joint 5: ,0.2,-0.059,-0.176,-0.274,-0.323,0.147,0.45,0.451,0.325,0.475,0.155,0.601,0.592,0.616,0.635,0.623,0.758,0.457,0.518,0.698,0.556,0.77,0.64,0.477,0.687,0.7,0.2
Joint 6: ,0.1,-0.138,0.126,0.351,0.218,0.463,0.238,-0.19,-0.111,-0.573,-0.072,-0.658,-0.799,-1.0,-0.625,-0.813,-0.572,-0.708,-0.635,-0.37,-0.495,-0.661,-0.382,-0.445,-0.955,-0.307,-0.2
Trial,5,2D Sim,False,Distance Weight,0.7,Random Seed,75,Min Iterations,1200,Lazy,True,Distance cost,1.3693112384823152,Manip Cost,9.302592378641002,Total cost,3.7492955805299215,Node cost function,False,Percent Manip Threshold,0,Update Path,False,Increasing weight,False,Parent finding radius R,0.9,Step Size,0.3,Goal Area Sample Probability,0.05,Goal Area Delta,0.6
Manipulability,0.032,0.07,0.071,0.065,0.084,0.055,0.058,0.047,0.067,0.108,0.116,0.127,0.103,0.099,0.127,0.08,0.136,0.084,0.161,0.148,0.138,0.134,0.103,0.13,0.168,0.162,0.146,0.138,0.173,0.207,0.227,0.244,0.262,0.174,0.194,0.185,0.101
Distance to Last Node,0.0,0.3,0.3,0.556,0.86,0.803,0.3,0.554,0.811,0.795,0.3,0.533,0.634,0.3,0.482,0.759,0.771,0.831,0.868,0.673,0.478,0.642,0.856,0.3,0.786,0.454,0.826,0.432,0.898,0.3,0.3,0.3,0.3,0.713,0.823,0.3,0.595
Joint 0: ,-1.7,-1.731,-1.803,-1.518,-1.886,-1.305,-1.108,-0.625,0.074,0.354,0.35,0.31,0.509,0.506,0.722,0.847,1.003,0.982,1.044,1.166,1.242,1.229,1.304,1.397,1.083,1.134,1.482,1.847,1.266,1.272,1.287,1.355,1.547,1.507,1.967,1.98,1.7
Joint 1: ,-1.0,-0.885,-0.86,-0.863,-0.763,-0.424,-0.308,-0.274,-0.49,-0.61,-0.669,-0.455,-0.727,-0.794,-0.805,-0.569,-0.86,-0.588,-0.998,-0.851,-0.925,-0.751,-0.84,-0.872,-1.116,-0.877,-1.047,-0.942,-1.068,-1.182,-1.259,-1.366,-1.476,-1.047,-1.326,-1.407,-1.0
Joint 2: ,0.2,0.261,0.358,0.304,0.667,0.586,0.723,0.795,0.656,0.259,0.452,0.074,0.403,0.646,0.394,0.826,0.412,0.817,0.508,0.159,0.254,0.003,0.392,0.333,0.499,0.342,0.426,0.525,0.373,0.471,0.718,0.907,0.889,0.505,0.375,0.381,0.5
Joint 3: ,-0.1,0.054,-0.088,0.149,-0.226,-0.309,-0.344,-0.228,0.08,0.533,0.503,0.679,0.446,0.374,0.506,0.532,0.548,0.448,0.703,0.686,0.42,0.649,0.304,0.477,0.55,0.599,0.556,0.603,0.621,0.617,0.747,0.714,0.793,0.53,0.543,0.433,0.3
Joint 4: ,0.3,0.382,0.237,0.527,0.091,-0.3,-0.354,-0.441,-0.409,-0.652,-0.734,-0.562,-0.634,-0.659,-0.52,-0.686,-0.592,-0.497,-0.431,-0.931,-0.638,-1.088,-0.602,-0.44,-0.212,-0.438,-0.325,-0.391,-0.04,0.139,0.198,0.344,0.247,0.18,-0.097,-0.268,-0.2
Joint 5: ,0.2,0.309,0.41,0.22,0.574,0.548,0.634,0.497,0.477,0.415,0.475,0.426,0.329,0.273,0.413,0.17,0.391,0.268,0.292,0.498,0.458,0.648,0.332,0.379,0.337,0.594,0.231,0.236,0.385,0.571,0.552,0.603,0.747,0.496,0.342,0.346,0.2
Joint 6: ,0.1,0.273,0.427,0.207,0.137,0.298,0.215,0.047,-0.034,-0.368,-0.563,-0.387,-0.719,-0.852,-0.596,-1.077,-0.571,-1.217,-0.573,-0.528,-0.305,-0.471,-0.134,0.002,-0.608,-0.566,0.049,-0.113,-0.645,-0.666,-0.713,-0.827,-0.895,-0.697,-0.177,0.028,-0.2
