Trial,1,2D Sim,False,Distance Weight,0.9,Random Seed,15,Min Iterations,1200,Lazy,False,Distance cost,0.6863907504804073,Manip Cost,12.329711299196793,Total cost,1.8507228053520457,Node cost function,True,Percent Manip Threshold,0,Update Path,False,Increasing weight,False,Parent finding radius R,0.9,Step Size,0.3,Goal Area Sample Probability,0.05,Goal Area Delta,0.6
Manipulability,0.032,0.046,0.041,0.04,0.041,0.029,0.033,0.054,0.084,0.047,0.046,0.062,0.08,0.087,0.09,0.082,0.141,0.113,0.13,0.147,0.131,0.155,0.146,0.149,0.153,0.169,0.184,0.178,0.167,0.209,0.165,0.155,0.132,0.109
Distance to Last Node,0.0,0.27,0.267,0.267,0.267,0.292,0.292,0.391,0.391,0.365,0.295,0.444,0.444,0.3,0.3,0.3,0.3,0.391,0.284,0.284,0.375,0.491,0.3,0.193,0.193,0.358,0.358,0.241,0.241,0.365,0.3,0.278,0.277,0.277
Joint 0: ,-1.7,-1.471,-1.254,-1.037,-0.82,-0.579,-0.339,-0.229,-0.119,-0.028,0.127,0.408,0.688,0.797,1.011,1.216,1.258,1.012,1.181,1.35,1.368,1.573,1.722,1.736,1.751,1.5,1.25,1.268,1.287,1.374,1.259,1.314,1.509,1.703
Joint 1: ,-1.0,-1.003,-0.877,-0.751,-0.625,-0.626,-0.627,-0.731,-0.836,-0.662,-0.57,-0.605,-0.639,-0.696,-0.832,-0.859,-1.052,-0.917,-0.948,-0.979,-1.019,-0.915,-0.989,-0.927,-0.864,-0.959,-1.054,-1.087,-1.121,-1.262,-1.205,-1.195,-1.097,-0.998
Joint 2: ,0.2,0.204,0.257,0.309,0.362,0.309,0.256,0.241,0.225,0.24,0.351,0.472,0.593,0.754,0.639,0.64,0.649,0.753,0.612,0.47,0.746,0.47,0.367,0.351,0.336,0.428,0.519,0.569,0.619,0.616,0.641,0.739,0.609,0.479
Joint 3: ,-0.1,-0.191,-0.225,-0.26,-0.294,-0.185,-0.076,0.156,0.389,0.163,0.211,0.345,0.479,0.615,0.516,0.384,0.472,0.568,0.584,0.6,0.493,0.651,0.427,0.588,0.749,0.744,0.738,0.54,0.341,0.533,0.305,0.45,0.385,0.32
Joint 4: ,0.3,0.24,0.218,0.196,0.173,0.28,0.386,0.487,0.588,0.475,0.274,-0.015,-0.303,-0.228,-0.217,-0.225,-0.252,-0.213,-0.228,-0.242,-0.098,-0.114,-0.078,-0.041,-0.005,-0.205,-0.405,-0.361,-0.318,-0.196,-0.117,-0.159,-0.17,-0.181
Joint 5: ,0.2,0.287,0.27,0.252,0.235,0.246,0.257,0.195,0.133,0.179,0.179,0.171,0.163,0.016,0.008,0.072,0.255,0.05,0.161,0.273,0.179,0.391,0.409,0.384,0.36,0.396,0.433,0.468,0.502,0.526,0.447,0.255,0.244,0.233
Joint 6: ,0.1,0.064,0.122,0.18,0.237,0.2,0.164,-0.084,-0.331,-0.161,-0.163,-0.13,-0.097,-0.157,-0.111,-0.272,-0.177,-0.072,-0.207,-0.342,-0.195,-0.399,-0.383,-0.453,-0.524,-0.444,-0.364,-0.256,-0.148,-0.38,-0.472,-0.403,-0.316,-0.229
Trial,2,2D Sim,False,Distance Weight,0.9,Random Seed,30,Min Iterations,1200,Lazy,False,Distance cost,0.6596038524285104,Manip Cost,11.878979425175755,Total cost,1.7815414097032347,Node cost function,True,Percent Manip Threshold,0,Update Path,False,Increasing weight,False,Parent finding radius R,0.9,Step Size,0.3,Goal Area Sample Probability,0.05,Goal Area Delta,0.6
Manipulability,0.032,0.066,0.04,0.03,0.11,0.115,0.123,0.111,0.077,0.041,0.02,0.041,0.055,0.078,0.092,0.141,0.152,0.141,0.164,0.186,0.203,0.176,0.147,0.17,0.159,0.15,0.138,0.159,0.177,0.138,0.101
Distance to Last Node,0.0,0.424,0.334,0.389,0.389,0.3,0.3,0.3,0.437,0.3,0.437,0.437,0.339,0.339,0.3,0.3,0.3,0.3,0.258,0.258,0.3,0.415,0.415,0.3,0.3,0.3,0.3,0.3,0.3,0.269,0.345
Joint 0: ,-1.7,-1.434,-1.184,-0.895,-0.605,-0.354,-0.215,-0.259,-0.045,0.193,0.468,0.744,0.81,0.877,1.09,1.195,1.305,1.536,1.353,1.17,1.197,1.392,1.587,1.745,1.833,1.809,1.777,1.73,1.537,1.613,1.7
Joint 1: ,-1.0,-1.081,-0.975,-0.974,-0.974,-0.884,-0.845,-0.912,-0.694,-0.651,-0.521,-0.39,-0.51,-0.63,-0.593,-0.733,-0.778,-0.776,-0.884,-0.993,-1.073,-0.949,-0.824,-0.981,-0.996,-1.129,-1.072,-1.212,-1.152,-1.096,-1.0
Joint 2: ,0.2,0.282,0.284,0.179,0.075,0.019,-0.17,-0.293,-0.321,-0.19,-0.046,0.098,0.32,0.543,0.644,0.651,0.769,0.715,0.735,0.755,0.918,0.743,0.568,0.537,0.732,0.627,0.502,0.448,0.505,0.487,0.5
Joint 3: ,-0.1,0.187,0.125,-0.068,-0.26,-0.199,-0.182,-0.058,-0.101,-0.038,0.161,0.36,0.296,0.232,0.384,0.583,0.732,0.673,0.706,0.739,0.892,0.793,0.694,0.592,0.542,0.325,0.104,0.109,0.211,0.2,0.3
Joint 4: ,0.3,0.357,0.291,0.251,0.212,0.234,0.071,-0.135,0.141,0.125,0.176,0.228,0.151,0.073,0.007,0.022,0.215,0.077,0.157,0.237,0.374,0.101,-0.173,-0.286,-0.407,-0.51,-0.467,-0.54,-0.441,-0.366,-0.2
Joint 5: ,0.2,0.111,0.064,-0.042,-0.148,-0.255,-0.323,-0.399,-0.266,-0.175,-0.017,0.141,0.261,0.382,0.435,0.572,0.52,0.426,0.48,0.534,0.467,0.432,0.396,0.495,0.389,0.406,0.544,0.591,0.673,0.455,0.2
Joint 6: ,0.1,0.053,0.22,0.302,0.384,0.394,0.439,0.51,0.465,0.421,0.323,0.225,0.076,-0.073,-0.021,-0.001,-0.008,-0.054,0.048,0.15,0.053,0.003,-0.047,0.033,0.157,0.104,0.083,-0.157,-0.294,-0.195,-0.2
Trial,3,2D Sim,False,Distance Weight,0.9,Random Seed,45,Min Iterations,1200,Lazy,False,Distance cost,0.5299209007039486,Manip Cost,11.256985033684211,Total cost,1.6026273140019747,Node cost function,True,Percent Manip Threshold,0,Update Path,False,Increasing weight,False,Parent finding radius R,0.9,Step Size,0.3,Goal Area Sample Probability,0.05,Goal Area Delta,0.6
Manipulability,0.032,0.056,0.071,0.048,0.044,0.112,0.142,0.179,0.156,0.133,0.129,0.154,0.141,0.158,0.119,0.029,0.029,0.061,0.101,0.124,0.129,0.179,0.17,0.157,0.14,0.112
Distance to Last Node,0.0,0.285,0.285,0.358,0.441,0.441,0.3,0.3,0.3,0.3,0.3,0.3,0.3,0.3,0.3,0.422,0.422,0.347,0.347,0.3,0.3,0.3,0.233,0.233,0.306,0.3
Joint 0: ,-1.7,-1.533,-1.366,-1.09,-0.825,-0.56,-0.377,-0.217,-0.051,0.162,0.384,0.525,0.648,0.807,0.974,1.115,1.257,1.387,1.517,1.59,1.648,1.678,1.706,1.735,1.624,1.683
Joint 1: ,-1.0,-0.861,-0.722,-0.663,-0.569,-0.475,-0.535,-0.593,-0.43,-0.35,-0.323,-0.495,-0.622,-0.669,-0.519,-0.479,-0.44,-0.644,-0.848,-0.939,-0.844,-1.039,-1.054,-1.069,-0.966,-0.993
Joint 2: ,0.2,0.332,0.464,0.314,0.266,0.218,0.409,0.516,0.515,0.632,0.642,0.54,0.584,0.781,0.832,0.658,0.483,0.377,0.27,0.181,0.174,0.101,0.193,0.284,0.288,0.453
Joint 3: ,-0.1,-0.048,0.004,-0.12,-0.285,-0.449,-0.545,-0.629,-0.61,-0.526,-0.447,-0.412,-0.337,-0.455,-0.328,-0.059,0.21,0.275,0.341,0.462,0.632,0.729,0.645,0.562,0.47,0.337
Joint 4: ,0.3,0.347,0.395,0.328,0.459,0.59,0.671,0.809,0.94,0.875,0.722,0.578,0.378,0.461,0.438,0.463,0.487,0.305,0.124,-0.066,-0.273,-0.356,-0.258,-0.16,-0.309,-0.224
Joint 5: ,0.2,0.307,0.415,0.361,0.138,-0.085,-0.098,-0.224,-0.287,-0.401,-0.483,-0.43,-0.33,-0.288,-0.343,-0.112,0.119,0.199,0.28,0.263,0.264,0.434,0.363,0.291,0.359,0.235
Joint 6: ,0.1,0.107,0.114,0.061,-0.079,-0.218,-0.204,-0.114,-0.234,-0.253,-0.313,-0.385,-0.425,-0.387,-0.52,-0.53,-0.541,-0.458,-0.375,-0.242,-0.165,-0.143,0.01,0.162,-0.027,-0.162
Trial,4,2D Sim,False,Distance Weight,0.9,Random Seed,60,Min Iterations,1200,Lazy,False,Distance cost,0.6392869510043021,Manip Cost,11.299667609092573,Total cost,1.7053250168131289,Node cost function,True,Percent Manip Threshold,0,Update Path,False,Increasing weight,False,Parent finding radius R,0.9,Step Size,0.3,Goal Area Sample Probability,0.05,Goal Area Delta,0.6
Manipulability,0.032,0.106,0.116,0.109,0.1,0.047,0.019,0.033,0.067,0.069,0.071,0.066,0.071,0.076,0.077,0.097,0.108,0.104,0.082,0.14,0.171,0.19,0.219,0.241,0.223,0.183,0.207,0.222,0.18,0.16,0.101
Distance to Last Node,0.0,0.454,0.379,0.277,0.277,0.324,0.38,0.363,0.363,0.304,0.304,0.333,0.261,0.261,0.3,0.3,0.3,0.3,0.3,0.3,0.3,0.3,0.3,0.3,0.3,0.387,0.301,0.301,0.387,0.281,0.444
Joint 0: ,-1.7,-1.55,-1.331,-1.128,-0.925,-0.737,-0.484,-0.21,0.064,0.315,0.567,0.867,1.071,1.274,1.281,1.39,1.529,1.291,1.321,1.212,1.289,1.361,1.371,1.39,1.41,1.398,1.414,1.43,1.425,1.515,1.7
Joint 1: ,-1.0,-0.909,-0.736,-0.613,-0.489,-0.434,-0.404,-0.45,-0.496,-0.503,-0.51,-0.569,-0.675,-0.781,-0.93,-1.101,-1.157,-1.071,-1.12,-1.332,-1.388,-1.402,-1.367,-1.424,-1.496,-1.494,-1.451,-1.408,-1.299,-1.222,-1.0
Joint 2: ,0.2,0.386,0.522,0.584,0.646,0.744,0.804,0.874,0.944,0.88,0.816,0.772,0.759,0.746,0.811,0.88,0.676,0.616,0.653,0.705,0.826,0.877,1.103,1.248,1.273,1.1,0.954,0.808,0.703,0.695,0.5
Joint 3: ,-0.1,-0.302,-0.302,-0.267,-0.232,-0.157,-0.155,-0.047,0.06,0.065,0.069,0.023,0.097,0.171,0.265,0.162,0.257,0.241,0.017,0.095,0.243,0.444,0.575,0.668,0.647,0.444,0.526,0.607,0.362,0.454,0.3
Joint 4: ,0.3,0.279,0.218,0.111,0.004,-0.094,-0.282,-0.269,-0.256,-0.267,-0.279,-0.373,-0.422,-0.471,-0.292,-0.19,-0.161,-0.019,0.11,0.054,0.126,0.311,0.417,0.59,0.85,0.598,0.394,0.189,0.051,-0.068,-0.2
Joint 5: ,0.2,-0.091,-0.182,-0.242,-0.302,-0.134,0.067,0.258,0.45,0.468,0.486,0.425,0.348,0.272,0.122,0.265,0.213,0.242,0.323,0.461,0.457,0.374,0.446,0.539,0.446,0.337,0.378,0.419,0.432,0.268,0.2
Joint 6: ,0.1,-0.022,0.164,0.185,0.206,0.321,0.308,0.273,0.238,0.082,-0.074,-0.099,-0.065,-0.03,-0.012,0.039,-0.076,-0.115,-0.005,-0.049,-0.248,-0.223,-0.284,-0.15,-0.236,-0.292,-0.161,-0.031,-0.249,-0.374,-0.2
Trial,5,2D Sim,False,Distance Weight,0.9,Random Seed,75,Min Iterations,1200,Lazy,False,Distance cost,0.5019506836340645,Manip Cost,11.581307744509084,Total cost,1.6098863897215663,Node cost function,True,Percent Manip Threshold,0,Update Path,False,Increasing weight,False,Parent finding radius R,0.9,Step Size,0.3,Goal Area Sample Probability,0.05,Goal Area Delta,0.6
Manipulability,0.032,0.062,0.059,0.059,0.058,0.054,0.053,0.051,0.057,0.063,0.069,0.078,0.078,0.1,0.109,0.117,0.133,0.124,0.125,0.128,0.134,0.13,0.125,0.136,0.144,0.125,0.101
Distance to Last Node,0.0,0.357,0.446,0.35,0.35,0.274,0.277,0.277,0.331,0.251,0.251,0.251,0.222,0.3,0.3,0.3,0.3,0.3,0.249,0.249,0.249,0.284,0.276,0.278,0.278,0.3,0.3
Joint 0: ,-1.7,-1.793,-1.549,-1.328,-1.108,-0.857,-0.605,-0.354,-0.138,0.064,0.265,0.466,0.63,0.713,0.77,0.763,0.824,1.071,1.051,1.031,1.01,1.054,1.153,1.312,1.471,1.586,1.7
Joint 1: ,-1.0,-0.881,-0.653,-0.48,-0.308,-0.313,-0.356,-0.399,-0.433,-0.5,-0.567,-0.634,-0.633,-0.731,-0.828,-0.876,-0.929,-0.889,-0.857,-0.826,-0.794,-0.734,-0.726,-0.854,-0.981,-0.991,-1.0
Joint 2: ,0.2,0.433,0.51,0.616,0.723,0.745,0.758,0.772,0.796,0.756,0.715,0.674,0.733,0.606,0.495,0.491,0.53,0.467,0.42,0.374,0.327,0.551,0.544,0.682,0.819,0.659,0.5
Joint 3: ,-0.1,-0.163,-0.236,-0.29,-0.344,-0.271,-0.195,-0.119,0.004,0.074,0.145,0.215,0.27,0.292,0.154,-0.096,-0.139,-0.195,0.011,0.217,0.422,0.4,0.409,0.426,0.442,0.371,0.3
Joint 4: ,0.3,0.195,-0.052,-0.203,-0.354,-0.363,-0.372,-0.381,-0.489,-0.474,-0.46,-0.446,-0.51,-0.689,-0.807,-0.842,-0.815,-0.679,-0.694,-0.71,-0.725,-0.591,-0.444,-0.503,-0.562,-0.381,-0.2
Joint 5: ,0.2,0.387,0.467,0.551,0.634,0.579,0.52,0.46,0.44,0.413,0.387,0.36,0.314,0.414,0.505,0.638,0.733,0.724,0.683,0.642,0.6,0.619,0.561,0.468,0.376,0.288,0.2
Joint 6: ,0.1,0.119,0.208,0.211,0.215,0.156,0.114,0.072,-0.113,-0.215,-0.316,-0.417,-0.517,-0.396,-0.55,-0.472,-0.207,-0.248,-0.368,-0.488,-0.608,-0.688,-0.484,-0.417,-0.35,-0.275,-0.2
Trial,1,2D Sim,False,Distance Weight,0.85,Random Seed,15,Min Iterations,1200,Lazy,False,Distance cost,1.026880735706324,Manip Cost,10.650680956787044,Total cost,2.470450768868432,Node cost function,True,Percent Manip Threshold,0,Update Path,False,Increasing weight,False,Parent finding radius R,0.9,Step Size,0.3,Goal Area Sample Probability,0.05,Goal Area Delta,0.6
Manipulability,0.032,0.046,0.041,0.04,0.041,0.029,0.033,0.054,0.084,0.047,0.046,0.062,0.08,0.087,0.09,0.082,0.07,0.141,0.079,0.083,0.115,0.147,0.131,0.155,0.146,0.149,0.153,0.169,0.184,0.167,0.148,0.128,0.137,0.164,0.166,0.149,0.16,0.154,0.199,0.183,0.193,0.201,0.187,0.178,0.212,0.234,0.196,0.157,0.138,0.109
Distance to Last Node,0.0,0.27,0.267,0.267,0.267,0.292,0.292,0.391,0.391,0.365,0.295,0.444,0.444,0.3,0.3,0.3,0.3,0.398,0.423,0.448,0.3,0.3,0.375,0.491,0.3,0.193,0.193,0.358,0.358,0.284,0.284,0.284,0.311,0.311,0.3,0.35,0.35,0.3,0.3,0.382,0.237,0.237,0.255,0.326,0.296,0.296,0.247,0.247,0.312,0.312
Joint 0: ,-1.7,-1.471,-1.254,-1.037,-0.82,-0.579,-0.339,-0.229,-0.119,-0.028,0.127,0.408,0.688,0.797,1.011,1.216,1.325,1.258,1.328,1.047,1.199,1.35,1.368,1.573,1.722,1.736,1.751,1.5,1.25,1.463,1.676,1.889,1.812,1.735,1.581,1.704,1.828,1.977,1.887,1.602,1.539,1.477,1.698,1.589,1.76,1.932,1.886,1.841,1.772,1.703
Joint 1: ,-1.0,-1.003,-0.877,-0.751,-0.625,-0.626,-0.627,-0.731,-0.836,-0.662,-0.57,-0.605,-0.639,-0.696,-0.832,-0.859,-0.887,-1.052,-0.839,-0.81,-0.894,-0.979,-1.019,-0.915,-0.989,-0.927,-0.864,-0.959,-1.054,-0.976,-0.899,-0.821,-0.726,-0.632,-0.604,-0.823,-1.042,-1.168,-1.327,-1.268,-1.249,-1.23,-1.262,-1.313,-1.326,-1.34,-1.125,-0.91,-0.954,-0.998
Joint 2: ,0.2,0.204,0.257,0.309,0.362,0.309,0.256,0.241,0.225,0.24,0.351,0.472,0.593,0.754,0.639,0.64,0.878,0.649,0.757,0.808,0.639,0.47,0.746,0.47,0.367,0.351,0.336,0.428,0.519,0.502,0.486,0.469,0.378,0.287,0.11,0.212,0.314,0.361,0.249,0.461,0.535,0.609,0.601,0.491,0.343,0.195,0.146,0.097,0.288,0.479
Joint 3: ,-0.1,-0.191,-0.225,-0.26,-0.294,-0.185,-0.076,0.156,0.389,0.163,0.211,0.345,0.479,0.615,0.516,0.384,0.249,0.472,0.283,0.474,0.537,0.6,0.493,0.651,0.427,0.588,0.749,0.744,0.738,0.613,0.488,0.363,0.609,0.856,0.849,0.672,0.495,0.355,0.538,0.464,0.469,0.474,0.355,0.422,0.504,0.585,0.529,0.474,0.397,0.32
Joint 4: ,0.3,0.24,0.218,0.196,0.173,0.28,0.386,0.487,0.588,0.475,0.274,-0.015,-0.303,-0.228,-0.217,-0.225,-0.234,-0.252,-0.454,-0.314,-0.278,-0.242,-0.098,-0.114,-0.078,-0.041,-0.005,-0.205,-0.405,-0.295,-0.185,-0.075,-0.032,0.011,-0.112,-0.05,0.013,-0.156,-0.251,-0.285,-0.212,-0.139,-0.138,-0.141,-0.2,-0.258,-0.203,-0.147,-0.164,-0.181
Joint 5: ,0.2,0.287,0.27,0.252,0.235,0.246,0.257,0.195,0.133,0.179,0.179,0.171,0.163,0.016,0.008,0.072,0.113,0.255,0.161,0.003,0.138,0.273,0.179,0.391,0.409,0.384,0.36,0.396,0.433,0.457,0.481,0.504,0.504,0.503,0.486,0.45,0.415,0.373,0.388,0.389,0.464,0.539,0.507,0.358,0.517,0.675,0.633,0.59,0.411,0.233
Joint 6: ,0.1,0.064,0.122,0.18,0.237,0.2,0.164,-0.084,-0.331,-0.161,-0.163,-0.13,-0.097,-0.157,-0.111,-0.272,-0.243,-0.177,-0.354,-0.16,-0.251,-0.342,-0.195,-0.399,-0.383,-0.453,-0.524,-0.444,-0.364,-0.336,-0.309,-0.281,-0.388,-0.494,-0.358,-0.247,-0.137,-0.124,-0.088,0.008,-0.181,-0.37,-0.369,-0.138,-0.103,-0.068,-0.021,0.026,-0.101,-0.229
Trial,2,2D Sim,False,Distance Weight,0.85,Random Seed,30,Min Iterations,1200,Lazy,False,Distance cost,0.9169798138866304,Manip Cost,10.126588934240045,Total cost,2.2984211819396427,Node cost function,True,Percent Manip Threshold,0,Update Path,False,Increasing weight,False,Parent finding radius R,0.9,Step Size,0.3,Goal Area Sample Probability,0.05,Goal Area Delta,0.6
Manipulability,0.032,0.066,0.04,0.03,0.11,0.115,0.123,0.111,0.077,0.041,0.02,0.041,0.055,0.078,0.092,0.086,0.141,0.152,0.124,0.186,0.203,0.182,0.164,0.158,0.165,0.173,0.176,0.18,0.177,0.17,0.168,0.186,0.194,0.203,0.216,0.212,0.207,0.202,0.168,0.165,0.161,0.139,0.1
Distance to Last Node,0.0,0.424,0.334,0.389,0.389,0.3,0.3,0.3,0.437,0.3,0.437,0.437,0.339,0.339,0.3,0.3,0.419,0.3,0.304,0.487,0.3,0.26,0.26,0.344,0.322,0.322,0.242,0.242,0.363,0.274,0.274,0.319,0.319,0.319,0.319,0.251,0.251,0.251,0.422,0.338,0.338,0.358,0.358
Joint 0: ,-1.7,-1.434,-1.184,-0.895,-0.605,-0.354,-0.215,-0.259,-0.045,0.193,0.468,0.744,0.81,0.877,1.09,1.163,1.195,1.305,1.374,1.17,1.197,1.323,1.449,1.328,1.368,1.408,1.423,1.438,1.475,1.579,1.682,1.53,1.377,1.426,1.474,1.379,1.285,1.19,1.192,1.21,1.229,1.462,1.695
Joint 1: ,-1.0,-1.081,-0.975,-0.974,-0.974,-0.884,-0.845,-0.912,-0.694,-0.651,-0.521,-0.39,-0.51,-0.63,-0.593,-0.593,-0.733,-0.778,-0.713,-0.993,-1.073,-0.922,-0.771,-0.797,-0.844,-0.891,-0.878,-0.864,-0.887,-0.83,-0.773,-0.89,-1.007,-1.071,-1.135,-1.113,-1.091,-1.069,-0.881,-0.875,-0.869,-0.939,-1.009
Joint 2: ,0.2,0.282,0.284,0.179,0.075,0.019,-0.17,-0.293,-0.321,-0.19,-0.046,0.098,0.32,0.543,0.644,0.65,0.651,0.769,0.7,0.755,0.918,0.806,0.694,0.599,0.748,0.897,0.721,0.545,0.838,0.688,0.537,0.448,0.359,0.62,0.881,0.946,1.011,1.076,0.78,0.701,0.623,0.559,0.496
Joint 3: ,-0.1,0.187,0.125,-0.068,-0.26,-0.199,-0.182,-0.058,-0.101,-0.038,0.161,0.36,0.296,0.232,0.384,0.444,0.583,0.732,0.603,0.739,0.892,0.87,0.849,0.63,0.786,0.942,0.971,1.0,0.989,0.907,0.826,0.991,1.155,1.032,0.909,0.887,0.865,0.842,0.818,0.654,0.489,0.39,0.29
Joint 4: ,0.3,0.357,0.291,0.251,0.212,0.234,0.071,-0.135,0.141,0.125,0.176,0.228,0.151,0.073,0.007,-0.219,0.022,0.215,-0.005,0.237,0.374,0.362,0.35,0.173,0.358,0.543,0.488,0.433,0.534,0.435,0.335,0.383,0.431,0.446,0.462,0.464,0.467,0.47,0.26,0.075,-0.11,-0.159,-0.208
Joint 5: ,0.2,0.111,0.064,-0.042,-0.148,-0.255,-0.323,-0.399,-0.266,-0.175,-0.017,0.141,0.261,0.382,0.435,0.314,0.572,0.52,0.401,0.534,0.467,0.578,0.689,0.652,0.566,0.48,0.632,0.783,0.604,0.664,0.723,0.759,0.796,0.694,0.592,0.53,0.468,0.406,0.46,0.558,0.657,0.427,0.198
Joint 6: ,0.1,0.053,0.22,0.302,0.384,0.394,0.439,0.51,0.465,0.421,0.323,0.225,0.076,-0.073,-0.021,0.102,-0.001,-0.008,0.006,0.15,0.053,-0.005,-0.064,0.051,-0.058,-0.167,-0.187,-0.206,-0.238,-0.103,0.032,-0.129,-0.29,-0.325,-0.361,-0.148,0.064,0.276,0.192,0.0,-0.192,-0.187,-0.182
Trial,3,2D Sim,False,Distance Weight,0.85,Random Seed,45,Min Iterations,1200,Lazy,False,Distance cost,0.6564400125261145,Manip Cost,10.290624792968902,Total cost,2.101567729592533,Node cost function,True,Percent Manip Threshold,0,Update Path,False,Increasing weight,False,Parent finding radius R,0.9,Step Size,0.3,Goal Area Sample Probability,0.05,Goal Area Delta,0.6
Manipulability,0.032,0.056,0.071,0.048,0.044,0.112,0.142,0.179,0.156,0.133,0.129,0.154,0.177,0.161,0.141,0.158,0.119,0.029,0.029,0.073,0.129,0.134,0.148,0.147,0.135,0.158,0.179,0.17,0.157,0.142,0.107
Distance to Last Node,0.0,0.285,0.285,0.358,0.441,0.441,0.3,0.3,0.3,0.3,0.3,0.3,0.389,0.312,0.312,0.3,0.3,0.422,0.422,0.411,0.411,0.3,0.3,0.301,0.301,0.367,0.367,0.233,0.233,0.317,0.327
Joint 0: ,-1.7,-1.533,-1.366,-1.09,-0.825,-0.56,-0.377,-0.217,-0.051,0.162,0.384,0.525,0.28,0.464,0.648,0.807,0.974,1.115,1.257,1.411,1.564,1.555,1.604,1.608,1.612,1.645,1.678,1.706,1.735,1.588,1.678
Joint 1: ,-1.0,-0.861,-0.722,-0.663,-0.569,-0.475,-0.535,-0.593,-0.43,-0.35,-0.323,-0.495,-0.53,-0.576,-0.622,-0.669,-0.519,-0.479,-0.44,-0.658,-0.877,-1.074,-1.243,-1.049,-0.855,-0.947,-1.039,-1.054,-1.069,-1.056,-1.022
Joint 2: ,0.2,0.332,0.464,0.314,0.266,0.218,0.409,0.516,0.515,0.632,0.642,0.54,0.499,0.542,0.584,0.781,0.832,0.658,0.483,0.293,0.104,0.079,0.168,0.226,0.284,0.193,0.101,0.193,0.284,0.318,0.491
Joint 3: ,-0.1,-0.048,0.004,-0.12,-0.285,-0.449,-0.545,-0.629,-0.61,-0.526,-0.447,-0.412,-0.586,-0.462,-0.337,-0.455,-0.328,-0.059,0.21,0.267,0.325,0.34,0.317,0.316,0.316,0.522,0.729,0.645,0.562,0.446,0.333
Joint 4: ,0.3,0.347,0.395,0.328,0.459,0.59,0.671,0.809,0.94,0.875,0.722,0.578,0.798,0.588,0.378,0.461,0.438,0.463,0.487,0.346,0.205,0.223,0.252,0.127,0.002,-0.177,-0.356,-0.258,-0.16,-0.358,-0.257
Joint 5: ,0.2,0.307,0.415,0.361,0.138,-0.085,-0.098,-0.224,-0.287,-0.401,-0.483,-0.43,-0.331,-0.331,-0.33,-0.288,-0.343,-0.112,0.119,0.308,0.498,0.33,0.338,0.456,0.574,0.504,0.434,0.363,0.291,0.301,0.191
Joint 6: ,0.1,0.107,0.114,0.061,-0.079,-0.218,-0.204,-0.114,-0.234,-0.253,-0.313,-0.385,-0.395,-0.41,-0.425,-0.387,-0.52,-0.53,-0.541,-0.492,-0.444,-0.592,-0.816,-0.673,-0.531,-0.337,-0.143,0.01,0.162,0.006,-0.174
Trial,4,2D Sim,False,Distance Weight,0.85,Random Seed,60,Min Iterations,1200,Lazy,False,Distance cost,0.8433036330749648,Manip Cost,10.622509820076175,Total cost,2.3101845611251464,Node cost function,True,Percent Manip Threshold,0,Update Path,False,Increasing weight,False,Parent finding radius R,0.9,Step Size,0.3,Goal Area Sample Probability,0.05,Goal Area Delta,0.6
Manipulability,0.032,0.106,0.116,0.109,0.1,0.047,0.019,0.033,0.067,0.069,0.071,0.066,0.071,0.076,0.077,0.097,0.1,0.099,0.087,0.095,0.102,0.108,0.104,0.14,0.138,0.124,0.171,0.19,0.219,0.241,0.223,0.244,0.199,0.12,0.149,0.154,0.154,0.153,0.174,0.138,0.101
Distance to Last Node,0.0,0.454,0.379,0.277,0.277,0.324,0.38,0.363,0.363,0.304,0.304,0.333,0.261,0.261,0.3,0.3,0.274,0.274,0.3,0.223,0.223,0.223,0.3,0.401,0.273,0.296,0.527,0.3,0.3,0.3,0.3,0.434,0.448,0.448,0.431,0.283,0.219,0.219,0.405,0.244,0.244
Joint 0: ,-1.7,-1.55,-1.331,-1.128,-0.925,-0.737,-0.484,-0.21,0.064,0.315,0.567,0.867,1.071,1.274,1.281,1.39,1.362,1.335,1.476,1.494,1.511,1.529,1.291,1.212,1.24,1.376,1.289,1.361,1.371,1.39,1.41,1.385,1.386,1.386,1.282,1.293,1.332,1.372,1.539,1.62,1.7
Joint 1: ,-1.0,-0.909,-0.736,-0.613,-0.489,-0.434,-0.404,-0.45,-0.496,-0.503,-0.51,-0.569,-0.675,-0.781,-0.93,-1.101,-1.001,-0.901,-1.049,-1.085,-1.121,-1.157,-1.071,-1.332,-1.14,-1.158,-1.388,-1.402,-1.367,-1.424,-1.496,-1.26,-1.376,-1.491,-1.402,-1.185,-1.253,-1.322,-1.177,-1.088,-1.0
Joint 2: ,0.2,0.386,0.522,0.584,0.646,0.744,0.804,0.874,0.944,0.88,0.816,0.772,0.759,0.746,0.811,0.88,0.865,0.851,0.748,0.724,0.7,0.676,0.616,0.705,0.563,0.576,0.826,0.877,1.103,1.248,1.273,1.49,1.208,0.926,0.802,0.661,0.684,0.708,0.486,0.493,0.5
Joint 3: ,-0.1,-0.302,-0.302,-0.267,-0.232,-0.157,-0.155,-0.047,0.06,0.065,0.069,0.023,0.097,0.171,0.265,0.162,0.229,0.296,0.271,0.267,0.262,0.257,0.241,0.095,0.209,0.262,0.243,0.444,0.575,0.668,0.647,0.682,0.462,0.241,0.184,0.295,0.215,0.135,0.24,0.27,0.3
Joint 4: ,0.3,0.279,0.218,0.111,0.004,-0.094,-0.282,-0.269,-0.256,-0.267,-0.279,-0.373,-0.422,-0.471,-0.292,-0.19,-0.434,-0.678,-0.774,-0.57,-0.365,-0.161,-0.019,0.054,0.067,-0.137,0.126,0.311,0.417,0.59,0.85,0.611,0.478,0.346,0.089,0.07,0.064,0.058,-0.107,-0.154,-0.2
Joint 5: ,0.2,-0.091,-0.182,-0.242,-0.302,-0.134,0.067,0.258,0.45,0.468,0.486,0.425,0.348,0.272,0.122,0.265,0.259,0.252,0.143,0.167,0.19,0.213,0.242,0.461,0.42,0.288,0.457,0.374,0.446,0.539,0.446,0.598,0.413,0.228,0.405,0.409,0.448,0.487,0.587,0.394,0.2
Joint 6: ,0.1,-0.022,0.164,0.185,0.206,0.321,0.308,0.273,0.238,0.082,-0.074,-0.099,-0.065,-0.03,-0.012,0.039,0.027,0.014,0.139,0.067,-0.004,-0.076,-0.115,-0.049,-0.093,-0.011,-0.248,-0.223,-0.284,-0.15,-0.236,-0.177,-0.262,-0.347,-0.122,-0.1,-0.283,-0.466,-0.336,-0.268,-0.2
Trial,5,2D Sim,False,Distance Weight,0.85,Random Seed,75,Min Iterations,1200,Lazy,False,Distance cost,0.6980444065753669,Manip Cost,11.106670580779282,Total cost,2.2593383327059544,Node cost function,True,Percent Manip Threshold,0,Update Path,False,Increasing weight,False,Parent finding radius R,0.9,Step Size,0.3,Goal Area Sample Probability,0.05,Goal Area Delta,0.6
Manipulability,0.032,0.062,0.059,0.059,0.058,0.054,0.053,0.051,0.057,0.063,0.069,0.078,0.078,0.078,0.1,0.09,0.109,0.105,0.107,0.107,0.111,0.117,0.133,0.124,0.124,0.129,0.136,0.127,0.105,0.109,0.101,0.115,0.128,0.177,0.18,0.101
Distance to Last Node,0.0,0.357,0.446,0.35,0.35,0.274,0.277,0.277,0.331,0.251,0.251,0.251,0.222,0.222,0.369,0.251,0.444,0.354,0.249,0.249,0.259,0.259,0.3,0.3,0.249,0.249,0.249,0.273,0.425,0.261,0.299,0.31,0.31,0.3,0.3,0.449
Joint 0: ,-1.7,-1.793,-1.549,-1.328,-1.108,-0.857,-0.605,-0.354,-0.138,0.064,0.265,0.466,0.63,0.794,0.713,0.817,0.77,0.813,0.849,0.885,0.824,0.763,0.824,1.071,1.046,1.02,0.994,1.057,1.214,1.41,1.516,1.663,1.811,1.88,1.92,1.7
Joint 1: ,-1.0,-0.881,-0.653,-0.48,-0.308,-0.313,-0.356,-0.399,-0.433,-0.5,-0.567,-0.634,-0.633,-0.633,-0.731,-0.627,-0.828,-0.808,-0.776,-0.743,-0.81,-0.876,-0.929,-0.889,-0.865,-0.841,-0.818,-0.924,-0.83,-0.804,-0.765,-0.886,-1.008,-1.172,-1.283,-0.999
Joint 2: ,0.2,0.433,0.51,0.616,0.723,0.745,0.758,0.772,0.796,0.756,0.715,0.674,0.733,0.793,0.606,0.764,0.495,0.669,0.511,0.352,0.422,0.491,0.53,0.467,0.453,0.44,0.427,0.412,0.647,0.734,0.63,0.547,0.463,0.445,0.424,0.5
Joint 3: ,-0.1,-0.163,-0.236,-0.29,-0.344,-0.271,-0.195,-0.119,0.004,0.074,0.145,0.215,0.27,0.324,0.292,0.279,0.154,0.325,0.316,0.307,0.105,-0.096,-0.139,-0.195,0.015,0.225,0.434,0.207,0.303,0.403,0.377,0.4,0.424,0.429,0.396,0.301
Joint 4: ,0.3,0.195,-0.052,-0.203,-0.354,-0.363,-0.372,-0.381,-0.489,-0.474,-0.46,-0.446,-0.51,-0.573,-0.689,-0.58,-0.807,-0.614,-0.78,-0.945,-0.894,-0.842,-0.815,-0.679,-0.655,-0.631,-0.607,-0.583,-0.51,-0.515,-0.293,-0.08,0.134,0.071,-0.106,-0.199
Joint 5: ,0.2,0.387,0.467,0.551,0.634,0.579,0.52,0.46,0.44,0.413,0.387,0.36,0.314,0.268,0.414,0.417,0.505,0.346,0.427,0.508,0.573,0.638,0.733,0.724,0.667,0.61,0.554,0.515,0.341,0.305,0.307,0.284,0.26,0.453,0.416,0.201
Joint 6: ,0.1,0.119,0.208,0.211,0.215,0.156,0.114,0.072,-0.113,-0.215,-0.316,-0.417,-0.517,-0.617,-0.396,-0.461,-0.55,-0.582,-0.607,-0.632,-0.552,-0.472,-0.207,-0.248,-0.362,-0.476,-0.591,-0.518,-0.302,-0.203,-0.33,-0.409,-0.487,-0.358,-0.153,-0.202
Trial,1,2D Sim,False,Distance Weight,0.8,Random Seed,15,Min Iterations,1200,Lazy,False,Distance cost,1.1010247387611063,Manip Cost,10.486574482342272,Total cost,2.978134687477339,Node cost function,True,Percent Manip Threshold,0,Update Path,False,Increasing weight,False,Parent finding radius R,0.9,Step Size,0.3,Goal Area Sample Probability,0.05,Goal Area Delta,0.6
Manipulability,0.032,0.046,0.041,0.04,0.041,0.029,0.033,0.054,0.084,0.047,0.046,0.062,0.08,0.087,0.09,0.082,0.07,0.141,0.079,0.083,0.115,0.147,0.131,0.104,0.138,0.155,0.146,0.149,0.153,0.169,0.184,0.167,0.148,0.128,0.137,0.164,0.166,0.17,0.171,0.159,0.16,0.154,0.199,0.162,0.164,0.165,0.167,0.188,0.204,0.177,0.168,0.157,0.133,0.11
Distance to Last Node,0.0,0.27,0.267,0.267,0.267,0.292,0.292,0.391,0.391,0.365,0.295,0.444,0.444,0.3,0.3,0.3,0.3,0.398,0.423,0.448,0.3,0.3,0.375,0.375,0.411,0.411,0.3,0.193,0.193,0.358,0.358,0.284,0.284,0.284,0.311,0.311,0.3,0.278,0.278,0.41,0.41,0.3,0.3,0.259,0.256,0.256,0.256,0.307,0.307,0.229,0.304,0.247,0.234,0.234
Joint 0: ,-1.7,-1.471,-1.254,-1.037,-0.82,-0.579,-0.339,-0.229,-0.119,-0.028,0.127,0.408,0.688,0.797,1.011,1.216,1.325,1.258,1.328,1.047,1.199,1.35,1.368,1.385,1.479,1.573,1.722,1.736,1.751,1.5,1.25,1.463,1.676,1.889,1.812,1.735,1.581,1.702,1.822,1.825,1.828,1.977,1.887,1.978,1.758,1.537,1.316,1.392,1.468,1.343,1.393,1.381,1.545,1.708
Joint 1: ,-1.0,-1.003,-0.877,-0.751,-0.625,-0.626,-0.627,-0.731,-0.836,-0.662,-0.57,-0.605,-0.639,-0.696,-0.832,-0.859,-0.887,-1.052,-0.839,-0.81,-0.894,-0.979,-1.019,-1.06,-0.988,-0.915,-0.989,-0.927,-0.864,-0.959,-1.054,-0.976,-0.899,-0.821,-0.726,-0.632,-0.604,-0.625,-0.647,-0.845,-1.042,-1.168,-1.327,-1.265,-1.247,-1.229,-1.21,-1.209,-1.207,-1.172,-1.253,-1.219,-1.126,-1.034
Joint 2: ,0.2,0.204,0.257,0.309,0.362,0.309,0.256,0.241,0.225,0.24,0.351,0.472,0.593,0.754,0.639,0.64,0.878,0.649,0.757,0.808,0.639,0.47,0.746,1.022,0.746,0.47,0.367,0.351,0.336,0.428,0.519,0.502,0.486,0.469,0.378,0.287,0.11,0.244,0.378,0.346,0.314,0.361,0.249,0.391,0.485,0.579,0.673,0.628,0.583,0.613,0.536,0.687,0.592,0.498
Joint 3: ,-0.1,-0.191,-0.225,-0.26,-0.294,-0.185,-0.076,0.156,0.389,0.163,0.211,0.345,0.479,0.615,0.516,0.384,0.249,0.472,0.283,0.474,0.537,0.6,0.493,0.386,0.518,0.651,0.427,0.588,0.749,0.744,0.738,0.613,0.488,0.363,0.609,0.856,0.849,0.842,0.835,0.665,0.495,0.355,0.538,0.369,0.376,0.383,0.39,0.479,0.569,0.391,0.414,0.505,0.408,0.31
Joint 4: ,0.3,0.24,0.218,0.196,0.173,0.28,0.386,0.487,0.588,0.475,0.274,-0.015,-0.303,-0.228,-0.217,-0.225,-0.234,-0.252,-0.454,-0.314,-0.278,-0.242,-0.098,0.046,-0.034,-0.114,-0.078,-0.041,-0.005,-0.205,-0.405,-0.295,-0.185,-0.075,-0.032,0.011,-0.112,-0.043,0.027,0.02,0.013,-0.156,-0.251,-0.262,-0.281,-0.299,-0.318,-0.241,-0.164,-0.17,-0.165,-0.183,-0.197,-0.211
Joint 5: ,0.2,0.287,0.27,0.252,0.235,0.246,0.257,0.195,0.133,0.179,0.179,0.171,0.163,0.016,0.008,0.072,0.113,0.255,0.161,0.003,0.138,0.273,0.179,0.085,0.238,0.391,0.409,0.384,0.36,0.396,0.433,0.457,0.481,0.504,0.504,0.503,0.486,0.569,0.651,0.533,0.415,0.373,0.388,0.348,0.362,0.375,0.389,0.455,0.521,0.479,0.344,0.203,0.213,0.222
Joint 6: ,0.1,0.064,0.122,0.18,0.237,0.2,0.164,-0.084,-0.331,-0.161,-0.163,-0.13,-0.097,-0.157,-0.111,-0.272,-0.243,-0.177,-0.354,-0.16,-0.251,-0.342,-0.195,-0.048,-0.224,-0.399,-0.383,-0.453,-0.524,-0.444,-0.364,-0.336,-0.309,-0.281,-0.388,-0.494,-0.358,-0.539,-0.721,-0.429,-0.137,-0.124,-0.088,-0.15,-0.066,0.019,0.103,-0.158,-0.419,-0.388,-0.146,-0.24,-0.211,-0.182
Trial,2,2D Sim,False,Distance Weight,0.8,Random Seed,30,Min Iterations,1200,Lazy,False,Distance cost,1.0248335012998082,Manip Cost,9.739232722754986,Total cost,2.7677133455908436,Node cost function,True,Percent Manip Threshold,0,Update Path,False,Increasing weight,False,Parent finding radius R,0.9,Step Size,0.3,Goal Area Sample Probability,0.05,Goal Area Delta,0.6
Manipulability,0.032,0.066,0.04,0.03,0.11,0.115,0.123,0.111,0.077,0.041,0.02,0.041,0.055,0.078,0.092,0.086,0.141,0.152,0.124,0.093,0.141,0.186,0.203,0.182,0.164,0.158,0.165,0.173,0.176,0.18,0.177,0.182,0.179,0.216,0.219,0.212,0.213,0.214,0.216,0.212,0.207,0.202,0.168,0.153,0.153,0.161,0.139,0.099
Distance to Last Node,0.0,0.424,0.334,0.389,0.389,0.3,0.3,0.3,0.437,0.3,0.437,0.437,0.339,0.339,0.3,0.3,0.419,0.3,0.304,0.304,0.378,0.378,0.3,0.26,0.26,0.344,0.322,0.322,0.242,0.242,0.363,0.363,0.3,0.3,0.3,0.461,0.292,0.292,0.292,0.251,0.251,0.251,0.422,0.422,0.265,0.265,0.361,0.361
Joint 0: ,-1.7,-1.434,-1.184,-0.895,-0.605,-0.354,-0.215,-0.259,-0.045,0.193,0.468,0.744,0.81,0.877,1.09,1.163,1.195,1.305,1.374,1.442,1.306,1.17,1.197,1.323,1.449,1.328,1.368,1.408,1.423,1.438,1.475,1.513,1.612,1.576,1.742,1.495,1.488,1.481,1.474,1.379,1.285,1.19,1.192,1.194,1.211,1.229,1.462,1.695
Joint 1: ,-1.0,-1.081,-0.975,-0.974,-0.974,-0.884,-0.845,-0.912,-0.694,-0.651,-0.521,-0.39,-0.51,-0.63,-0.593,-0.593,-0.733,-0.778,-0.713,-0.648,-0.82,-0.993,-1.073,-0.922,-0.771,-0.797,-0.844,-0.891,-0.878,-0.864,-0.887,-0.91,-0.84,-0.973,-0.973,-1.063,-1.087,-1.111,-1.135,-1.113,-1.091,-1.069,-0.881,-0.692,-0.78,-0.869,-0.943,-1.018
Joint 2: ,0.2,0.282,0.284,0.179,0.075,0.019,-0.17,-0.293,-0.321,-0.19,-0.046,0.098,0.32,0.543,0.644,0.65,0.651,0.769,0.7,0.632,0.694,0.755,0.918,0.806,0.694,0.599,0.748,0.897,0.721,0.545,0.838,1.132,1.258,1.449,1.562,1.342,1.189,1.035,0.881,0.946,1.011,1.076,0.78,0.484,0.554,0.623,0.556,0.489
Joint 3: ,-0.1,0.187,0.125,-0.068,-0.26,-0.199,-0.182,-0.058,-0.101,-0.038,0.161,0.36,0.296,0.232,0.384,0.444,0.583,0.732,0.603,0.474,0.606,0.739,0.892,0.87,0.849,0.63,0.786,0.942,0.971,1.0,0.989,0.979,1.013,1.045,1.148,1.132,1.058,0.983,0.909,0.887,0.865,0.842,0.818,0.794,0.642,0.489,0.388,0.288
Joint 4: ,0.3,0.357,0.291,0.251,0.212,0.234,0.071,-0.135,0.141,0.125,0.176,0.228,0.151,0.073,0.007,-0.219,0.022,0.215,-0.005,-0.224,0.006,0.237,0.374,0.362,0.35,0.173,0.358,0.543,0.488,0.433,0.534,0.635,0.777,0.92,0.836,1.135,0.91,0.686,0.462,0.464,0.467,0.47,0.26,0.05,-0.03,-0.11,-0.158,-0.206
Joint 5: ,0.2,0.111,0.064,-0.042,-0.148,-0.255,-0.323,-0.399,-0.266,-0.175,-0.017,0.141,0.261,0.382,0.435,0.314,0.572,0.52,0.401,0.283,0.409,0.534,0.467,0.578,0.689,0.652,0.566,0.48,0.632,0.783,0.604,0.425,0.495,0.604,0.544,0.556,0.568,0.58,0.592,0.53,0.468,0.406,0.46,0.515,0.586,0.657,0.425,0.193
Joint 6: ,0.1,0.053,0.22,0.302,0.384,0.394,0.439,0.51,0.465,0.421,0.323,0.225,0.076,-0.073,-0.021,0.102,-0.001,-0.008,0.006,0.021,0.085,0.15,0.053,-0.005,-0.064,0.051,-0.058,-0.167,-0.187,-0.206,-0.238,-0.269,-0.451,-0.485,-0.654,-0.577,-0.505,-0.433,-0.361,-0.148,0.064,0.276,0.192,0.108,-0.042,-0.192,-0.177,-0.162
Trial,3,2D Sim,False,Distance Weight,0.8,Random Seed,45,Min Iterations,1200,Lazy,False,Distance cost,0.5785440332508428,Manip Cost,10.547817121199424,Total cost,2.5723986508405585,Node cost function,True,Percent Manip Threshold,0,Update Path,False,Increasing weight,False,Parent finding radius R,0.9,Step Size,0.3,Goal Area Sample Probability,0.05,Goal Area Delta,0.6
Manipulability,0.032,0.056,0.071,0.048,0.044,0.112,0.142,0.179,0.156,0.133,0.129,0.154,0.177,0.161,0.141,0.158,0.205,0.174,0.174,0.168,0.176,0.191,0.123,0.053,0.028,0.036,0.101
Distance to Last Node,0.0,0.285,0.285,0.358,0.441,0.441,0.3,0.3,0.3,0.3,0.3,0.3,0.389,0.312,0.312,0.3,0.3,0.3,0.34,0.34,0.3,0.3,0.392,0.395,0.439,0.364,0.364
Joint 0: ,-1.7,-1.533,-1.366,-1.09,-0.825,-0.56,-0.377,-0.217,-0.051,0.162,0.384,0.525,0.28,0.464,0.648,0.807,0.943,1.028,1.062,1.095,1.201,1.165,1.2,1.214,1.367,1.533,1.7
Joint 1: ,-1.0,-0.861,-0.722,-0.663,-0.569,-0.475,-0.535,-0.593,-0.43,-0.35,-0.323,-0.495,-0.53,-0.576,-0.622,-0.669,-0.737,-0.593,-0.536,-0.479,-0.511,-0.627,-0.578,-0.597,-0.682,-0.841,-1.0
Joint 2: ,0.2,0.332,0.464,0.314,0.266,0.218,0.409,0.516,0.515,0.632,0.642,0.54,0.499,0.542,0.584,0.781,0.89,1.023,0.857,0.692,0.549,0.666,0.727,0.546,0.409,0.454,0.5
Joint 3: ,-0.1,-0.048,0.004,-0.12,-0.285,-0.449,-0.545,-0.629,-0.61,-0.526,-0.447,-0.412,-0.586,-0.462,-0.337,-0.455,-0.589,-0.666,-0.577,-0.488,-0.558,-0.652,-0.421,-0.176,-0.013,0.143,0.3
Joint 4: ,0.3,0.347,0.395,0.328,0.459,0.59,0.671,0.809,0.94,0.875,0.722,0.578,0.798,0.588,0.378,0.461,0.503,0.648,0.467,0.287,0.134,0.086,0.198,0.278,0.111,-0.044,-0.2
Joint 5: ,0.2,0.307,0.415,0.361,0.138,-0.085,-0.098,-0.224,-0.287,-0.401,-0.483,-0.43,-0.331,-0.331,-0.33,-0.288,-0.435,-0.375,-0.387,-0.399,-0.266,-0.176,-0.158,-0.08,-0.115,0.042,0.2
Joint 6: ,0.1,0.107,0.114,0.061,-0.079,-0.218,-0.204,-0.114,-0.234,-0.253,-0.313,-0.385,-0.395,-0.41,-0.425,-0.387,-0.27,-0.151,-0.358,-0.566,-0.673,-0.88,-0.597,-0.371,-0.074,-0.137,-0.2
Trial,4,2D Sim,False,Distance Weight,0.8,Random Seed,60,Min Iterations,1200,Lazy,False,Distance cost,0.9586461960946049,Manip Cost,10.13103931406542,Total cost,2.7931248196887672,Node cost function,True,Percent Manip Threshold,0,Update Path,False,Increasing weight,False,Parent finding radius R,0.9,Step Size,0.3,Goal Area Sample Probability,0.05,Goal Area Delta,0.6
Manipulability,0.032,0.106,0.116,0.109,0.1,0.047,0.019,0.033,0.067,0.069,0.071,0.066,0.071,0.076,0.09,0.101,0.092,0.077,0.097,0.1,0.099,0.087,0.095,0.102,0.108,0.104,0.14,0.138,0.124,0.171,0.19,0.17,0.149,0.174,0.197,0.219,0.241,0.223,0.244,0.199,0.211,0.222,0.182,0.162,0.174,0.157,0.101
Distance to Last Node,0.0,0.454,0.379,0.277,0.277,0.324,0.38,0.363,0.363,0.304,0.304,0.333,0.261,0.261,0.287,0.287,0.332,0.332,0.3,0.274,0.274,0.3,0.223,0.223,0.223,0.3,0.401,0.273,0.296,0.527,0.3,0.277,0.277,0.263,0.263,0.263,0.3,0.3,0.434,0.448,0.283,0.283,0.388,0.223,0.414,0.32,0.345
Joint 0: ,-1.7,-1.55,-1.331,-1.128,-0.925,-0.737,-0.484,-0.21,0.064,0.315,0.567,0.867,1.071,1.274,1.038,0.801,1.041,1.281,1.39,1.362,1.335,1.476,1.494,1.511,1.529,1.291,1.212,1.24,1.376,1.289,1.361,1.225,1.089,1.183,1.277,1.371,1.39,1.41,1.385,1.386,1.408,1.43,1.412,1.408,1.525,1.559,1.7
Joint 1: ,-1.0,-0.909,-0.736,-0.613,-0.489,-0.434,-0.404,-0.45,-0.496,-0.503,-0.51,-0.569,-0.675,-0.781,-0.743,-0.705,-0.817,-0.93,-1.101,-1.001,-0.901,-1.049,-1.085,-1.121,-1.157,-1.071,-1.332,-1.14,-1.158,-1.388,-1.402,-1.343,-1.284,-1.312,-1.339,-1.367,-1.424,-1.496,-1.26,-1.376,-1.392,-1.408,-1.306,-1.337,-1.159,-1.134,-1.0
Joint 2: ,0.2,0.386,0.522,0.584,0.646,0.744,0.804,0.874,0.944,0.88,0.816,0.772,0.759,0.746,0.761,0.776,0.794,0.811,0.88,0.865,0.851,0.748,0.724,0.7,0.676,0.616,0.705,0.563,0.576,0.826,0.877,0.67,0.462,0.676,0.89,1.103,1.248,1.273,1.49,1.208,1.008,0.808,0.666,0.734,0.492,0.599,0.5
Joint 3: ,-0.1,-0.302,-0.302,-0.267,-0.232,-0.157,-0.155,-0.047,0.06,0.065,0.069,0.023,0.097,0.171,0.186,0.201,0.233,0.265,0.162,0.229,0.296,0.271,0.267,0.262,0.257,0.241,0.095,0.209,0.262,0.243,0.444,0.427,0.411,0.466,0.52,0.575,0.668,0.647,0.682,0.462,0.535,0.607,0.376,0.185,0.279,0.421,0.3
Joint 4: ,0.3,0.279,0.218,0.111,0.004,-0.094,-0.282,-0.269,-0.256,-0.267,-0.279,-0.373,-0.422,-0.471,-0.377,-0.282,-0.287,-0.292,-0.19,-0.434,-0.678,-0.774,-0.57,-0.365,-0.161,-0.019,0.054,0.067,-0.137,0.126,0.311,0.251,0.192,0.267,0.342,0.417,0.59,0.85,0.611,0.478,0.334,0.189,0.074,0.139,-0.085,-0.126,-0.2
Joint 5: ,0.2,-0.091,-0.182,-0.242,-0.302,-0.134,0.067,0.258,0.45,0.468,0.486,0.425,0.348,0.272,0.379,0.486,0.304,0.122,0.265,0.259,0.252,0.143,0.167,0.19,0.213,0.242,0.461,0.42,0.288,0.457,0.374,0.302,0.23,0.302,0.374,0.446,0.539,0.446,0.598,0.413,0.416,0.419,0.426,0.484,0.571,0.344,0.2
Joint 6: ,0.1,-0.022,0.164,0.185,0.206,0.321,0.308,0.273,0.238,0.082,-0.074,-0.099,-0.065,-0.03,-0.096,-0.161,-0.087,-0.012,0.039,0.027,0.014,0.139,0.067,-0.004,-0.076,-0.115,-0.049,-0.093,-0.011,-0.248,-0.223,-0.276,-0.33,-0.315,-0.3,-0.284,-0.15,-0.236,-0.177,-0.262,-0.146,-0.031,-0.26,-0.27,-0.249,-0.374,-0.2
Trial,5,2D Sim,False,Distance Weight,0.8,Random Seed,75,Min Iterations,1200,Lazy,False,Distance cost,0.8561449295039427,Manip Cost,10.460589504454191,Total cost,2.7770338444939924,Node cost function,True,Percent Manip Threshold,0,Update Path,False,Increasing weight,False,Parent finding radius R,0.9,Step Size,0.3,Goal Area Sample Probability,0.05,Goal Area Delta,0.6
Manipulability,0.032,0.062,0.059,0.059,0.058,0.054,0.053,0.051,0.057,0.065,0.071,0.078,0.078,0.078,0.1,0.09,0.109,0.105,0.105,0.107,0.107,0.111,0.117,0.113,0.124,0.133,0.124,0.123,0.129,0.137,0.129,0.13,0.109,0.111,0.113,0.139,0.137,0.153,0.167,0.18,0.14,0.154,0.102
Distance to Last Node,0.0,0.357,0.446,0.35,0.35,0.274,0.277,0.277,0.331,0.331,0.249,0.249,0.222,0.222,0.369,0.251,0.444,0.354,0.354,0.405,0.405,0.259,0.259,0.33,0.254,0.254,0.3,0.273,0.273,0.273,0.344,0.343,0.393,0.278,0.278,0.3,0.3,0.284,0.284,0.284,0.297,0.288,0.3
Joint 0: ,-1.7,-1.793,-1.549,-1.328,-1.108,-0.857,-0.605,-0.354,-0.138,0.079,0.272,0.466,0.63,0.794,0.713,0.817,0.77,0.813,0.857,0.871,0.885,0.824,0.763,0.872,0.848,0.824,1.071,1.051,1.032,1.012,1.077,0.898,1.134,1.37,1.606,1.776,1.893,1.9,1.907,1.914,1.807,1.873,1.703
Joint 1: ,-1.0,-0.881,-0.653,-0.48,-0.308,-0.313,-0.356,-0.399,-0.433,-0.466,-0.55,-0.634,-0.633,-0.633,-0.731,-0.627,-0.828,-0.808,-0.789,-0.766,-0.743,-0.81,-0.876,-0.77,-0.85,-0.929,-0.889,-0.863,-0.838,-0.813,-0.714,-0.774,-0.755,-0.766,-0.777,-0.833,-0.979,-1.049,-1.119,-1.188,-0.971,-1.1,-1.002
Joint 2: ,0.2,0.433,0.51,0.616,0.723,0.745,0.758,0.772,0.796,0.821,0.747,0.674,0.733,0.793,0.606,0.764,0.495,0.669,0.842,0.597,0.352,0.422,0.491,0.336,0.433,0.53,0.467,0.471,0.475,0.48,0.739,0.883,0.883,0.852,0.821,0.857,0.752,0.65,0.548,0.447,0.422,0.481,0.5
Joint 3: ,-0.1,-0.163,-0.236,-0.29,-0.344,-0.271,-0.195,-0.119,0.004,0.127,0.171,0.215,0.27,0.324,0.292,0.279,0.154,0.325,0.496,0.402,0.307,0.105,-0.096,0.114,-0.012,-0.139,-0.195,0.034,0.263,0.491,0.423,0.547,0.473,0.488,0.504,0.556,0.36,0.383,0.406,0.428,0.338,0.351,0.301
Joint 4: ,0.3,0.195,-0.052,-0.203,-0.354,-0.363,-0.372,-0.381,-0.489,-0.596,-0.521,-0.446,-0.51,-0.573,-0.689,-0.58,-0.807,-0.614,-0.421,-0.683,-0.945,-0.894,-0.842,-0.966,-0.89,-0.815,-0.679,-0.633,-0.587,-0.541,-0.433,-0.403,-0.42,-0.47,-0.521,-0.571,-0.591,-0.347,-0.103,0.141,0.037,-0.17,-0.2
Joint 5: ,0.2,0.387,0.467,0.551,0.634,0.579,0.52,0.46,0.44,0.419,0.39,0.36,0.314,0.268,0.414,0.417,0.505,0.346,0.188,0.348,0.508,0.573,0.638,0.642,0.687,0.733,0.724,0.652,0.579,0.507,0.581,0.383,0.275,0.272,0.269,0.402,0.406,0.425,0.444,0.463,0.451,0.422,0.204
Joint 6: ,0.1,0.119,0.208,0.211,0.215,0.156,0.114,0.072,-0.113,-0.298,-0.358,-0.417,-0.517,-0.617,-0.396,-0.461,-0.55,-0.582,-0.614,-0.623,-0.632,-0.552,-0.472,-0.519,-0.363,-0.207,-0.248,-0.365,-0.483,-0.6,-0.724,-0.652,-0.369,-0.236,-0.103,-0.287,-0.216,-0.285,-0.354,-0.422,-0.324,-0.202,-0.2
Trial,1,2D Sim,False,Distance Weight,0.7,Random Seed,15,Min Iterations,1200,Lazy,False,Distance cost,1.501268986508622,Manip Cost,9.32496841454021,Total cost,3.8483788149180986,Node cost function,True,Percent Manip Threshold,0,Update Path,False,Increasing weight,False,Parent finding radius R,0.9,Step Size,0.3,Goal Area Sample Probability,0.05,Goal Area Delta,0.6
Manipulability,0.032,0.046,0.041,0.04,0.041,0.029,0.033,0.054,0.084,0.047,0.046,0.062,0.08,0.087,0.09,0.082,0.07,0.141,0.079,0.083,0.115,0.147,0.129,0.108,0.134,0.155,0.146,0.149,0.153,0.169,0.184,0.167,0.148,0.128,0.137,0.164,0.166,0.17,0.171,0.159,0.16,0.138,0.154,0.199,0.196,0.198,0.206,0.186,0.166,0.165,0.166,0.149,0.148,0.164,0.172,0.175,0.172,0.168,0.171,0.174,0.164,0.154,0.205,0.234,0.225,0.217,0.208,0.171,0.168,0.137,0.101
Distance to Last Node,0.0,0.27,0.267,0.267,0.267,0.292,0.292,0.391,0.391,0.365,0.295,0.444,0.444,0.3,0.3,0.3,0.3,0.398,0.423,0.448,0.3,0.3,0.346,0.346,0.402,0.402,0.3,0.193,0.193,0.358,0.358,0.284,0.284,0.284,0.311,0.311,0.3,0.278,0.278,0.41,0.41,0.33,0.519,0.3,0.3,0.3,0.3,0.295,0.295,0.327,0.327,0.32,0.292,0.358,0.273,0.273,0.406,0.406,0.288,0.288,0.285,0.285,0.368,0.368,0.278,0.278,0.278,0.414,0.285,0.295,0.295
Joint 0: ,-1.7,-1.471,-1.254,-1.037,-0.82,-0.579,-0.339,-0.229,-0.119,-0.028,0.127,0.408,0.688,0.797,1.011,1.216,1.325,1.258,1.328,1.047,1.199,1.35,1.329,1.308,1.441,1.573,1.722,1.736,1.751,1.5,1.25,1.463,1.676,1.889,1.812,1.735,1.581,1.702,1.822,1.825,1.828,1.758,1.977,1.887,1.966,2.018,1.965,2.012,2.059,2.063,2.067,2.045,1.769,1.844,1.927,2.009,1.744,1.479,1.403,1.327,1.512,1.696,1.814,1.932,1.687,1.442,1.198,1.317,1.307,1.504,1.7
Joint 1: ,-1.0,-1.003,-0.877,-0.751,-0.625,-0.626,-0.627,-0.731,-0.836,-0.662,-0.57,-0.605,-0.639,-0.696,-0.832,-0.859,-0.887,-1.052,-0.839,-0.81,-0.894,-0.979,-0.965,-0.952,-0.934,-0.915,-0.989,-0.927,-0.864,-0.959,-1.054,-0.976,-0.899,-0.821,-0.726,-0.632,-0.604,-0.625,-0.647,-0.845,-1.042,-0.927,-1.168,-1.327,-1.323,-1.418,-1.503,-1.389,-1.275,-1.281,-1.288,-1.019,-1.058,-1.047,-1.168,-1.29,-1.327,-1.363,-1.351,-1.338,-1.336,-1.334,-1.337,-1.34,-1.293,-1.246,-1.2,-0.983,-1.092,-1.046,-1.0
Joint 2: ,0.2,0.204,0.257,0.309,0.362,0.309,0.256,0.241,0.225,0.24,0.351,0.472,0.593,0.754,0.639,0.64,0.878,0.649,0.757,0.808,0.639,0.47,0.681,0.893,0.681,0.47,0.367,0.351,0.336,0.428,0.519,0.502,0.486,0.469,0.378,0.287,0.11,0.244,0.378,0.346,0.314,0.269,0.361,0.249,0.187,0.133,0.119,0.235,0.352,0.404,0.456,0.531,0.568,0.408,0.464,0.521,0.451,0.381,0.489,0.597,0.643,0.688,0.442,0.195,0.233,0.27,0.307,0.478,0.624,0.562,0.5
Joint 3: ,-0.1,-0.191,-0.225,-0.26,-0.294,-0.185,-0.076,0.156,0.389,0.163,0.211,0.345,0.479,0.615,0.516,0.384,0.249,0.472,0.283,0.474,0.537,0.6,0.565,0.531,0.591,0.651,0.427,0.588,0.749,0.744,0.738,0.613,0.488,0.363,0.609,0.856,0.849,0.842,0.835,0.665,0.495,0.605,0.355,0.538,0.645,0.765,0.938,0.756,0.574,0.405,0.236,0.368,0.317,0.569,0.556,0.544,0.517,0.49,0.374,0.258,0.197,0.136,0.361,0.585,0.611,0.637,0.663,0.727,0.652,0.476,0.3
Joint 4: ,0.3,0.24,0.218,0.196,0.173,0.28,0.386,0.487,0.588,0.475,0.274,-0.015,-0.303,-0.228,-0.217,-0.225,-0.234,-0.252,-0.454,-0.314,-0.278,-0.242,-0.134,-0.026,-0.07,-0.114,-0.078,-0.041,-0.005,-0.205,-0.405,-0.295,-0.185,-0.075,-0.032,0.011,-0.112,-0.043,0.027,0.02,0.013,-0.008,-0.156,-0.251,-0.426,-0.601,-0.646,-0.578,-0.509,-0.289,-0.068,-0.081,-0.113,0.003,-0.211,-0.424,-0.284,-0.144,-0.313,-0.481,-0.384,-0.288,-0.273,-0.258,-0.311,-0.364,-0.417,-0.505,-0.401,-0.301,-0.2
Joint 5: ,0.2,0.287,0.27,0.252,0.235,0.246,0.257,0.195,0.133,0.179,0.179,0.171,0.163,0.016,0.008,0.072,0.113,0.255,0.161,0.003,0.138,0.273,0.143,0.013,0.202,0.391,0.409,0.384,0.36,0.396,0.433,0.457,0.481,0.504,0.504,0.503,0.486,0.569,0.651,0.533,0.415,0.261,0.373,0.388,0.276,0.101,-0.102,0.036,0.173,0.324,0.474,0.437,0.437,0.367,0.308,0.248,0.228,0.209,0.35,0.491,0.489,0.486,0.581,0.675,0.635,0.596,0.556,0.418,0.268,0.234,0.2
Joint 6: ,0.1,0.064,0.122,0.18,0.237,0.2,0.164,-0.084,-0.331,-0.161,-0.163,-0.13,-0.097,-0.157,-0.111,-0.272,-0.243,-0.177,-0.354,-0.16,-0.251,-0.342,-0.131,0.08,-0.16,-0.399,-0.383,-0.453,-0.524,-0.444,-0.364,-0.336,-0.309,-0.281,-0.388,-0.494,-0.358,-0.539,-0.721,-0.429,-0.137,-0.365,-0.124,-0.088,-0.247,-0.254,-0.333,-0.376,-0.418,-0.352,-0.287,-0.217,-0.264,-0.386,-0.407,-0.427,-0.168,0.092,0.156,0.22,0.041,-0.139,-0.103,-0.068,-0.162,-0.255,-0.348,-0.123,-0.22,-0.21,-0.2
Trial,2,2D Sim,False,Distance Weight,0.7,Random Seed,30,Min Iterations,1200,Lazy,False,Distance cost,1.0250069339548362,Manip Cost,9.731250827103132,Total cost,3.636880101899325,Node cost function,True,Percent Manip Threshold,0,Update Path,False,Increasing weight,False,Parent finding radius R,0.9,Step Size,0.3,Goal Area Sample Probability,0.05,Goal Area Delta,0.6
Manipulability,0.032,0.066,0.04,0.03,0.11,0.115,0.123,0.111,0.077,0.041,0.02,0.041,0.055,0.078,0.092,0.086,0.141,0.152,0.124,0.093,0.141,0.186,0.203,0.182,0.164,0.158,0.165,0.173,0.176,0.18,0.177,0.182,0.179,0.216,0.219,0.212,0.213,0.214,0.216,0.212,0.207,0.202,0.168,0.153,0.153,0.161,0.139,0.104
Distance to Last Node,0.0,0.424,0.334,0.389,0.389,0.3,0.3,0.3,0.437,0.3,0.437,0.437,0.339,0.339,0.3,0.3,0.419,0.3,0.304,0.304,0.378,0.378,0.3,0.26,0.26,0.344,0.322,0.322,0.242,0.242,0.363,0.363,0.3,0.3,0.3,0.461,0.292,0.292,0.292,0.251,0.251,0.251,0.422,0.422,0.265,0.265,0.363,0.363
Joint 0: ,-1.7,-1.434,-1.184,-0.895,-0.605,-0.354,-0.215,-0.259,-0.045,0.193,0.468,0.744,0.81,0.877,1.09,1.163,1.195,1.305,1.374,1.442,1.306,1.17,1.197,1.323,1.449,1.328,1.368,1.408,1.423,1.438,1.475,1.513,1.612,1.576,1.742,1.495,1.488,1.481,1.474,1.379,1.285,1.19,1.192,1.194,1.211,1.229,1.491,1.753
Joint 1: ,-1.0,-1.081,-0.975,-0.974,-0.974,-0.884,-0.845,-0.912,-0.694,-0.651,-0.521,-0.39,-0.51,-0.63,-0.593,-0.593,-0.733,-0.778,-0.713,-0.648,-0.82,-0.993,-1.073,-0.922,-0.771,-0.797,-0.844,-0.891,-0.878,-0.864,-0.887,-0.91,-0.84,-0.973,-0.973,-1.063,-1.087,-1.111,-1.135,-1.113,-1.091,-1.069,-0.881,-0.692,-0.78,-0.869,-0.915,-0.962
Joint 2: ,0.2,0.282,0.284,0.179,0.075,0.019,-0.17,-0.293,-0.321,-0.19,-0.046,0.098,0.32,0.543,0.644,0.65,0.651,0.769,0.7,0.632,0.694,0.755,0.918,0.806,0.694,0.599,0.748,0.897,0.721,0.545,0.838,1.132,1.258,1.449,1.562,1.342,1.189,1.035,0.881,0.946,1.011,1.076,0.78,0.484,0.554,0.623,0.568,0.513
Joint 3: ,-0.1,0.187,0.125,-0.068,-0.26,-0.199,-0.182,-0.058,-0.101,-0.038,0.161,0.36,0.296,0.232,0.384,0.444,0.583,0.732,0.603,0.474,0.606,0.739,0.892,0.87,0.849,0.63,0.786,0.942,0.971,1.0,0.989,0.979,1.013,1.045,1.148,1.132,1.058,0.983,0.909,0.887,0.865,0.842,0.818,0.794,0.642,0.489,0.4,0.31
Joint 4: ,0.3,0.357,0.291,0.251,0.212,0.234,0.071,-0.135,0.141,0.125,0.176,0.228,0.151,0.073,0.007,-0.219,0.022,0.215,-0.005,-0.224,0.006,0.237,0.374,0.362,0.35,0.173,0.358,0.543,0.488,0.433,0.534,0.635,0.777,0.92,0.836,1.135,0.91,0.686,0.462,0.464,0.467,0.47,0.26,0.05,-0.03,-0.11,-0.171,-0.231
Joint 5: ,0.2,0.111,0.064,-0.042,-0.148,-0.255,-0.323,-0.399,-0.266,-0.175,-0.017,0.141,0.261,0.382,0.435,0.314,0.572,0.52,0.401,0.283,0.409,0.534,0.467,0.578,0.689,0.652,0.566,0.48,0.632,0.783,0.604,0.425,0.495,0.604,0.544,0.556,0.568,0.58,0.592,0.53,0.468,0.406,0.46,0.515,0.586,0.657,0.442,0.228
Joint 6: ,0.1,0.053,0.22,0.302,0.384,0.394,0.439,0.51,0.465,0.421,0.323,0.225,0.076,-0.073,-0.021,0.102,-0.001,-0.008,0.006,0.021,0.085,0.15,0.053,-0.005,-0.064,0.051,-0.058,-0.167,-0.187,-0.206,-0.238,-0.269,-0.451,-0.485,-0.654,-0.577,-0.505,-0.433,-0.361,-0.148,0.064,0.276,0.192,0.108,-0.042,-0.192,-0.209,-0.227
Trial,3,2D Sim,False,Distance Weight,0.7,Random Seed,45,Min Iterations,1200,Lazy,False,Distance cost,1.0453142112525333,Manip Cost,8.589532934001195,Total cost,3.308579828077132,Node cost function,True,Percent Manip Threshold,0,Update Path,False,Increasing weight,False,Parent finding radius R,0.9,Step Size,0.3,Goal Area Sample Probability,0.05,Goal Area Delta,0.6
Manipulability,0.032,0.056,0.071,0.048,0.044,0.112,0.142,0.179,0.156,0.133,0.129,0.154,0.177,0.161,0.141,0.158,0.205,0.174,0.174,0.168,0.107,0.052,0.022,0.093,0.113,0.132,0.14,0.144,0.177,0.164,0.147,0.139,0.147,0.144,0.131,0.121,0.166,0.208,0.177,0.138,0.153,0.169,0.183,0.186,0.179,0.167,0.152,0.164,0.173,0.156,0.101
Distance to Last Node,0.0,0.285,0.285,0.358,0.441,0.441,0.3,0.3,0.3,0.3,0.3,0.3,0.389,0.312,0.312,0.3,0.3,0.3,0.34,0.34,0.238,0.289,0.4,0.4,0.335,0.335,0.302,0.302,0.3,0.286,0.286,0.264,0.301,0.333,0.265,0.265,0.282,0.282,0.44,0.44,0.383,0.275,0.275,0.3,0.296,0.296,0.316,0.239,0.239,0.296,0.36
Joint 0: ,-1.7,-1.533,-1.366,-1.09,-0.825,-0.56,-0.377,-0.217,-0.051,0.162,0.384,0.525,0.28,0.464,0.648,0.807,0.943,1.028,1.062,1.095,1.116,1.169,1.269,1.369,1.491,1.613,1.558,1.504,1.478,1.568,1.657,1.605,1.662,1.554,1.465,1.377,1.439,1.501,1.538,1.576,1.814,1.721,1.629,1.699,1.684,1.668,1.557,1.634,1.71,1.649,1.7
Joint 1: ,-1.0,-0.861,-0.722,-0.663,-0.569,-0.475,-0.535,-0.593,-0.43,-0.35,-0.323,-0.495,-0.53,-0.576,-0.622,-0.669,-0.737,-0.593,-0.536,-0.479,-0.442,-0.53,-0.682,-0.834,-0.84,-0.846,-0.991,-1.137,-1.268,-1.108,-0.947,-1.113,-1.009,-1.186,-1.128,-1.071,-1.231,-1.392,-1.161,-0.931,-0.972,-1.015,-1.058,-1.046,-1.083,-1.12,-1.016,-1.004,-0.993,-1.085,-1.0
Joint 2: ,0.2,0.332,0.464,0.314,0.266,0.218,0.409,0.516,0.515,0.632,0.642,0.54,0.499,0.542,0.584,0.781,0.89,1.023,0.857,0.692,0.763,0.659,0.499,0.34,0.241,0.142,0.256,0.37,0.483,0.316,0.148,0.21,0.121,0.215,0.289,0.363,0.517,0.671,0.492,0.313,0.459,0.339,0.219,0.214,0.287,0.36,0.372,0.381,0.391,0.371,0.5
Joint 3: ,-0.1,-0.048,0.004,-0.12,-0.285,-0.449,-0.545,-0.629,-0.61,-0.526,-0.447,-0.412,-0.586,-0.462,-0.337,-0.455,-0.589,-0.666,-0.577,-0.488,-0.323,-0.121,0.105,0.332,0.559,0.786,0.584,0.382,0.458,0.496,0.534,0.427,0.674,0.51,0.349,0.189,0.304,0.419,0.388,0.358,0.486,0.609,0.732,0.917,0.725,0.533,0.439,0.515,0.591,0.532,0.3
Joint 4: ,0.3,0.347,0.395,0.328,0.459,0.59,0.671,0.809,0.94,0.875,0.722,0.578,0.798,0.588,0.378,0.461,0.503,0.648,0.467,0.287,0.407,0.398,0.338,0.278,0.156,0.035,0.103,0.171,0.362,0.234,0.107,0.1,0.144,-0.004,0.105,0.214,0.298,0.382,0.18,-0.022,-0.244,-0.316,-0.387,-0.516,-0.31,-0.104,-0.3,-0.253,-0.206,-0.331,-0.2
Joint 5: ,0.2,0.307,0.415,0.361,0.138,-0.085,-0.098,-0.224,-0.287,-0.401,-0.483,-0.43,-0.331,-0.331,-0.33,-0.288,-0.435,-0.375,-0.387,-0.399,-0.312,-0.166,0.04,0.246,0.188,0.13,0.221,0.312,0.371,0.38,0.389,0.249,0.182,0.147,0.268,0.388,0.457,0.525,0.499,0.473,0.442,0.442,0.443,0.358,0.35,0.342,0.426,0.477,0.528,0.3,0.2
Joint 6: ,0.1,0.107,0.114,0.061,-0.079,-0.218,-0.204,-0.114,-0.234,-0.253,-0.313,-0.385,-0.395,-0.41,-0.425,-0.387,-0.27,-0.151,-0.358,-0.566,-0.537,-0.55,-0.484,-0.417,-0.282,-0.147,-0.172,-0.197,-0.08,-0.031,0.018,-0.047,-0.025,-0.116,-0.078,-0.041,-0.002,0.036,-0.22,-0.476,-0.448,-0.273,-0.098,0.066,0.103,0.14,-0.01,-0.211,-0.412,-0.349,-0.2
Trial,4,2D Sim,False,Distance Weight,0.7,Random Seed,60,Min Iterations,1200,Lazy,False,Distance cost,1.183797161143666,Manip Cost,9.83116297879155,Total cost,3.7780069064380317,Node cost function,True,Percent Manip Threshold,0,Update Path,False,Increasing weight,False,Parent finding radius R,0.9,Step Size,0.3,Goal Area Sample Probability,0.05,Goal Area Delta,0.6
Manipulability,0.032,0.106,0.116,0.109,0.1,0.047,0.019,0.033,0.067,0.069,0.071,0.066,0.071,0.076,0.09,0.101,0.092,0.077,0.097,0.1,0.099,0.087,0.095,0.102,0.108,0.104,0.082,0.14,0.138,0.124,0.109,0.14,0.171,0.141,0.11,0.119,0.12,0.156,0.19,0.17,0.149,0.174,0.197,0.17,0.135,0.158,0.164,0.157,0.168,0.161,0.164,0.163,0.149,0.175,0.199,0.171,0.18,0.161,0.101
Distance to Last Node,0.0,0.454,0.379,0.277,0.277,0.324,0.38,0.363,0.363,0.304,0.304,0.333,0.261,0.261,0.287,0.287,0.332,0.332,0.3,0.274,0.274,0.3,0.223,0.223,0.223,0.3,0.3,0.3,0.273,0.296,0.296,0.377,0.377,0.244,0.244,0.359,0.359,0.386,0.386,0.277,0.277,0.263,0.263,0.265,0.265,0.298,0.298,0.298,0.435,0.3,0.32,0.32,0.416,0.237,0.237,0.368,0.297,0.311,0.346
Joint 0: ,-1.7,-1.55,-1.331,-1.128,-0.925,-0.737,-0.484,-0.21,0.064,0.315,0.567,0.867,1.071,1.274,1.038,0.801,1.041,1.281,1.39,1.362,1.335,1.476,1.494,1.511,1.529,1.291,1.321,1.212,1.24,1.376,1.513,1.401,1.289,1.308,1.328,1.216,1.104,1.232,1.361,1.225,1.089,1.183,1.277,1.332,1.388,1.381,1.375,1.369,1.494,1.347,1.308,1.269,1.293,1.372,1.452,1.458,1.562,1.577,1.7
Joint 1: ,-1.0,-0.909,-0.736,-0.613,-0.489,-0.434,-0.404,-0.45,-0.496,-0.503,-0.51,-0.569,-0.675,-0.781,-0.743,-0.705,-0.817,-0.93,-1.101,-1.001,-0.901,-1.049,-1.085,-1.121,-1.157,-1.071,-1.12,-1.332,-1.14,-1.158,-1.175,-1.282,-1.388,-1.386,-1.384,-1.237,-1.09,-1.246,-1.402,-1.343,-1.284,-1.312,-1.339,-1.377,-1.415,-1.254,-1.093,-0.933,-1.101,-1.078,-1.173,-1.268,-1.01,-1.176,-1.341,-1.32,-1.193,-1.154,-1.0
Joint 2: ,0.2,0.386,0.522,0.584,0.646,0.744,0.804,0.874,0.944,0.88,0.816,0.772,0.759,0.746,0.761,0.776,0.794,0.811,0.88,0.865,0.851,0.748,0.724,0.7,0.676,0.616,0.653,0.705,0.563,0.576,0.588,0.707,0.826,0.814,0.802,0.541,0.28,0.579,0.877,0.67,0.462,0.676,0.89,0.835,0.78,0.788,0.796,0.804,0.608,0.389,0.528,0.666,0.522,0.618,0.714,0.666,0.482,0.595,0.5
Joint 3: ,-0.1,-0.302,-0.302,-0.267,-0.232,-0.157,-0.155,-0.047,0.06,0.065,0.069,0.023,0.097,0.171,0.186,0.201,0.233,0.265,0.162,0.229,0.296,0.271,0.267,0.262,0.257,0.241,0.017,0.095,0.209,0.262,0.316,0.279,0.243,0.281,0.319,0.324,0.329,0.386,0.444,0.427,0.411,0.466,0.52,0.46,0.4,0.48,0.56,0.64,0.422,0.454,0.323,0.193,0.355,0.436,0.517,0.308,0.327,0.453,0.3
Joint 4: ,0.3,0.279,0.218,0.111,0.004,-0.094,-0.282,-0.269,-0.256,-0.267,-0.279,-0.373,-0.422,-0.471,-0.377,-0.282,-0.287,-0.292,-0.19,-0.434,-0.678,-0.774,-0.57,-0.365,-0.161,-0.019,0.11,0.054,0.067,-0.137,-0.341,-0.108,0.126,-0.035,-0.195,-0.048,0.1,0.205,0.311,0.251,0.192,0.267,0.342,0.14,-0.062,-0.273,-0.484,-0.695,-0.464,-0.565,-0.484,-0.403,-0.186,-0.115,-0.044,-0.021,-0.127,-0.153,-0.2
Joint 5: ,0.2,-0.091,-0.182,-0.242,-0.302,-0.134,0.067,0.258,0.45,0.468,0.486,0.425,0.348,0.272,0.379,0.486,0.304,0.122,0.265,0.259,0.252,0.143,0.167,0.19,0.213,0.242,0.323,0.461,0.42,0.288,0.155,0.306,0.457,0.28,0.103,0.172,0.241,0.308,0.374,0.302,0.23,0.302,0.374,0.246,0.118,0.211,0.304,0.398,0.476,0.433,0.472,0.512,0.464,0.423,0.381,0.42,0.545,0.33,0.2
Joint 6: ,0.1,-0.022,0.164,0.185,0.206,0.321,0.308,0.273,0.238,0.082,-0.074,-0.099,-0.065,-0.03,-0.096,-0.161,-0.087,-0.012,0.039,0.027,0.014,0.139,0.067,-0.004,-0.076,-0.115,-0.005,-0.049,-0.093,-0.011,0.07,-0.089,-0.248,-0.229,-0.21,-0.202,-0.194,-0.208,-0.223,-0.276,-0.33,-0.315,-0.3,-0.343,-0.386,-0.33,-0.274,-0.218,-0.215,-0.298,-0.081,0.137,0.04,0.042,0.045,-0.251,-0.23,-0.371,-0.2
Trial,5,2D Sim,False,Distance Weight,0.7,Random Seed,75,Min Iterations,1200,Lazy,False,Distance cost,1.2113804114883115,Manip Cost,9.782848833124302,Total cost,3.7828209379791087,Node cost function,True,Percent Manip Threshold,0,Update Path,False,Increasing weight,False,Parent finding radius R,0.9,Step Size,0.3,Goal Area Sample Probability,0.05,Goal Area Delta,0.6
Manipulability,0.032,0.062,0.059,0.059,0.058,0.054,0.053,0.051,0.057,0.065,0.071,0.078,0.078,0.078,0.1,0.09,0.08,0.086,0.098,0.109,0.105,0.105,0.107,0.107,0.111,0.117,0.113,0.105,0.121,0.133,0.12,0.107,0.117,0.115,0.118,0.124,0.123,0.117,0.129,0.14,0.143,0.143,0.169,0.152,0.131,0.1,0.134,0.168,0.17,0.167,0.178,0.189,0.185,0.163,0.18,0.161,0.148,0.101
Distance to Last Node,0.0,0.357,0.446,0.35,0.35,0.274,0.277,0.277,0.331,0.331,0.249,0.249,0.222,0.222,0.369,0.251,0.251,0.3,0.392,0.392,0.354,0.354,0.405,0.405,0.259,0.259,0.33,0.33,0.401,0.401,0.238,0.238,0.415,0.259,0.259,0.259,0.3,0.367,0.246,0.246,0.41,0.41,0.3,0.345,0.345,0.412,0.44,0.44,0.28,0.28,0.214,0.214,0.3,0.384,0.358,0.239,0.319,0.437
Joint 0: ,-1.7,-1.793,-1.549,-1.328,-1.108,-0.857,-0.605,-0.354,-0.138,0.079,0.272,0.466,0.63,0.794,0.713,0.817,0.921,1.051,0.91,0.77,0.813,0.857,0.871,0.885,0.824,0.763,0.872,0.982,0.903,0.824,0.801,0.778,1.059,1.092,1.125,1.158,1.151,1.152,1.227,1.301,1.29,1.278,1.348,1.453,1.559,1.653,1.86,2.067,2.048,2.029,2.024,2.018,2.005,2.056,2.077,2.081,1.796,1.7
Joint 1: ,-1.0,-0.881,-0.653,-0.48,-0.308,-0.313,-0.356,-0.399,-0.433,-0.466,-0.55,-0.634,-0.633,-0.633,-0.731,-0.627,-0.522,-0.545,-0.686,-0.828,-0.808,-0.789,-0.766,-0.743,-0.81,-0.876,-0.77,-0.665,-0.797,-0.929,-0.959,-0.988,-0.905,-0.853,-0.801,-0.75,-0.682,-0.861,-0.838,-0.815,-0.921,-1.027,-1.159,-1.018,-0.878,-0.781,-0.896,-1.011,-1.127,-1.244,-1.236,-1.229,-1.353,-1.107,-1.079,-1.121,-1.058,-1.0
Joint 2: ,0.2,0.433,0.51,0.616,0.723,0.745,0.758,0.772,0.796,0.821,0.747,0.674,0.733,0.793,0.606,0.764,0.922,0.907,0.701,0.495,0.669,0.842,0.597,0.352,0.422,0.491,0.336,0.181,0.356,0.53,0.437,0.343,0.415,0.439,0.463,0.487,0.742,0.562,0.47,0.377,0.545,0.712,0.903,0.727,0.552,0.543,0.628,0.713,0.587,0.461,0.485,0.51,0.448,0.414,0.619,0.546,0.657,0.5
Joint 3: ,-0.1,-0.163,-0.236,-0.29,-0.344,-0.271,-0.195,-0.119,0.004,0.127,0.171,0.215,0.27,0.324,0.292,0.279,0.266,0.201,0.177,0.154,0.325,0.496,0.402,0.307,0.105,-0.096,0.114,0.324,0.093,-0.139,-0.211,-0.283,-0.234,-0.028,0.179,0.386,0.37,0.16,0.329,0.498,0.27,0.042,0.081,0.202,0.323,0.119,0.375,0.63,0.612,0.595,0.492,0.39,0.364,0.535,0.622,0.41,0.395,0.3
Joint 4: ,0.3,0.195,-0.052,-0.203,-0.354,-0.363,-0.372,-0.381,-0.489,-0.596,-0.521,-0.446,-0.51,-0.573,-0.689,-0.58,-0.471,-0.298,-0.553,-0.807,-0.614,-0.421,-0.683,-0.945,-0.894,-0.842,-0.966,-1.09,-0.952,-0.815,-0.802,-0.79,-0.672,-0.566,-0.459,-0.352,-0.338,-0.417,-0.286,-0.155,0.103,0.36,0.491,0.329,0.166,0.013,-0.238,-0.488,-0.314,-0.139,-0.152,-0.164,-0.291,-0.32,-0.465,-0.446,-0.499,-0.2
Joint 5: ,0.2,0.387,0.467,0.551,0.634,0.579,0.52,0.46,0.44,0.419,0.39,0.36,0.314,0.268,0.414,0.417,0.42,0.5,0.502,0.505,0.346,0.188,0.348,0.508,0.573,0.638,0.642,0.646,0.689,0.733,0.638,0.544,0.673,0.628,0.584,0.54,0.598,0.515,0.519,0.523,0.58,0.637,0.679,0.583,0.488,0.488,0.439,0.39,0.278,0.165,0.345,0.524,0.437,0.329,0.438,0.409,0.38,0.2
Joint 6: ,0.1,0.119,0.208,0.211,0.215,0.156,0.114,0.072,-0.113,-0.298,-0.358,-0.417,-0.517,-0.617,-0.396,-0.461,-0.527,-0.706,-0.628,-0.55,-0.582,-0.614,-0.623,-0.632,-0.552,-0.472,-0.519,-0.565,-0.386,-0.207,-0.387,-0.567,-0.347,-0.428,-0.509,-0.59,-0.719,-0.606,-0.617,-0.629,-0.711,-0.793,-0.9,-0.814,-0.728,-0.435,-0.447,-0.459,-0.388,-0.316,-0.269,-0.222,-0.008,-0.21,-0.421,-0.358,-0.35,-0.2
Trial,1,2D Sim,False,Distance Weight,1,Random Seed,15,Min Iterations,1200,Lazy,False,Distance cost,0.2609746650585693,Manip Cost,27.12310416592929,Total cost,0.2609746650585693,Node cost function,True,Percent Manip Threshold,0,Update Path,False,Increasing weight,False,Parent finding radius R,0.9,Step Size,0.3,Goal Area Sample Probability,0.05,Goal Area Delta,0.6
Manipulability,0.032,0.026,0.022,0.019,0.028,0.027,0.024,0.023,0.032,0.054,0.064,0.073,0.082,0.092,0.101
Distance to Last Node,0.0,0.295,0.269,0.269,0.288,0.255,0.259,0.299,0.285,0.37,0.287,0.287,0.263,0.263,0.263
Joint 0: ,-1.7,-1.42,-1.17,-0.919,-0.645,-0.409,-0.182,0.021,0.226,0.457,0.71,0.963,1.209,1.454,1.7
Joint 1: ,-1.0,-0.917,-0.861,-0.805,-0.746,-0.66,-0.581,-0.518,-0.494,-0.567,-0.664,-0.762,-0.841,-0.921,-1.0
Joint 2: ,0.2,0.225,0.263,0.301,0.268,0.264,0.251,0.307,0.354,0.474,0.529,0.584,0.556,0.528,0.5
Joint 3: ,-0.1,-0.109,-0.081,-0.053,-0.025,-0.037,-0.052,0.001,0.148,0.314,0.337,0.36,0.34,0.32,0.3
Joint 4: ,0.3,0.307,0.364,0.421,0.445,0.417,0.356,0.194,0.078,-0.112,-0.15,-0.188,-0.192,-0.196,-0.2
Joint 5: ,0.2,0.177,0.156,0.134,0.179,0.194,0.202,0.176,0.147,0.155,0.127,0.099,0.133,0.166,0.2
Joint 6: ,0.1,0.125,0.103,0.081,0.096,0.067,-0.003,-0.109,-0.11,-0.103,-0.16,-0.216,-0.211,-0.205,-0.2
Trial,2,2D Sim,False,Distance Weight,1,Random Seed,30,Min Iterations,1200,Lazy,False,Distance cost,0.274121264185805,Manip Cost,90.55068329260166,Total cost,0.274121264185805,Node cost function,True,Percent Manip Threshold,0,Update Path,False,Increasing weight,False,Parent finding radius R,0.9,Step Size,0.3,Goal Area Sample Probability,0.05,Goal Area Delta,0.6
Manipulability,0.032,0.023,0.049,0.07,0.088,0.085,0.056,0.035,0.017,0.002,0.002,0.006,0.036,0.068,0.101
Distance to Last Node,0.0,0.29,0.363,0.292,0.27,0.255,0.29,0.256,0.256,0.256,0.411,0.411,0.267,0.267,0.267
Joint 0: ,-1.7,-1.445,-1.168,-0.897,-0.67,-0.461,-0.213,0.022,0.257,0.492,0.788,1.083,1.289,1.494,1.7
Joint 1: ,-1.0,-0.956,-0.988,-0.954,-0.917,-0.843,-0.714,-0.666,-0.619,-0.572,-0.667,-0.762,-0.841,-0.921,-1.0
Joint 2: ,0.2,0.228,0.158,0.111,0.018,-0.095,-0.066,-0.009,0.048,0.105,0.274,0.443,0.462,0.481,0.5
Joint 3: ,-0.1,-0.046,-0.177,-0.184,-0.184,-0.156,-0.099,-0.068,-0.036,-0.005,-0.009,-0.012,0.092,0.196,0.3
Joint 4: ,0.3,0.275,0.255,0.248,0.189,0.173,0.153,0.141,0.129,0.117,0.085,0.053,-0.031,-0.116,-0.2
Joint 5: ,0.2,0.139,0.007,-0.08,-0.161,-0.196,-0.163,-0.11,-0.057,-0.004,0.021,0.045,0.097,0.148,0.2
Joint 6: ,0.1,0.195,0.316,0.342,0.374,0.405,0.417,0.389,0.361,0.334,0.129,-0.076,-0.117,-0.159,-0.2
Trial,3,2D Sim,False,Distance Weight,1,Random Seed,45,Min Iterations,1200,Lazy,False,Distance cost,0.31811126975245485,Manip Cost,21.31181321564323,Total cost,0.31811126975245485,Node cost function,True,Percent Manip Threshold,0,Update Path,False,Increasing weight,False,Parent finding radius R,0.9,Step Size,0.3,Goal Area Sample Probability,0.05,Goal Area Delta,0.6
Manipulability,0.032,0.051,0.056,0.069,0.062,0.057,0.052,0.054,0.062,0.038,0.012,0.038,0.056,0.076,0.099
Distance to Last Node,0.0,0.386,0.285,0.401,0.434,0.444,0.29,0.299,0.299,0.293,0.298,0.44,0.253,0.347,0.347
Joint 0: ,-1.7,-1.432,-1.225,-0.936,-0.654,-0.359,-0.142,0.114,0.371,0.614,0.821,1.042,1.178,1.419,1.66
Joint 1: ,-1.0,-0.831,-0.761,-0.679,-0.562,-0.562,-0.486,-0.484,-0.483,-0.45,-0.4,-0.574,-0.776,-0.896,-1.017
Joint 2: ,0.2,0.182,0.244,0.38,0.662,0.901,0.996,0.983,0.971,0.969,0.876,0.678,0.665,0.582,0.5
Joint 3: ,-0.1,-0.162,-0.214,-0.196,-0.269,-0.4,-0.412,-0.389,-0.366,-0.243,-0.097,0.138,0.134,0.216,0.298
Joint 4: ,0.3,0.204,0.062,-0.135,-0.17,-0.029,0.063,0.075,0.088,0.087,0.15,0.167,0.114,-0.045,-0.204
Joint 5: ,0.2,0.343,0.41,0.52,0.523,0.419,0.304,0.178,0.053,0.037,0.08,0.155,0.189,0.184,0.18
Joint 6: ,0.1,-0.022,-0.067,-0.09,0.004,0.077,0.048,-0.035,-0.119,-0.221,-0.307,-0.428,-0.402,-0.308,-0.215
Trial,4,2D Sim,False,Distance Weight,1,Random Seed,60,Min Iterations,1200,Lazy,False,Distance cost,0.2937014136954998,Manip Cost,22.0995546538868,Total cost,0.2937014136954998,Node cost function,True,Percent Manip Threshold,0,Update Path,False,Increasing weight,False,Parent finding radius R,0.9,Step Size,0.3,Goal Area Sample Probability,0.05,Goal Area Delta,0.6
Manipulability,0.032,0.052,0.08,0.056,0.032,0.018,0.027,0.028,0.031,0.04,0.052,0.072,0.081,0.091,0.102
Distance to Last Node,0.0,0.419,0.409,0.365,0.286,0.358,0.294,0.298,0.264,0.292,0.268,0.343,0.283,0.283,0.283
Joint 0: ,-1.7,-1.484,-1.205,-0.983,-0.77,-0.501,-0.236,0.051,0.285,0.517,0.748,1.029,1.253,1.477,1.702
Joint 1: ,-1.0,-0.855,-0.672,-0.485,-0.433,-0.403,-0.449,-0.455,-0.412,-0.469,-0.549,-0.698,-0.799,-0.9,-1.001
Joint 2: ,0.2,0.439,0.543,0.672,0.768,0.816,0.83,0.841,0.817,0.786,0.761,0.747,0.663,0.58,0.497
Joint 3: ,-0.1,-0.188,-0.21,-0.21,-0.172,-0.162,-0.144,-0.14,-0.119,-0.04,-0.007,0.116,0.178,0.24,0.302
Joint 4: ,0.3,0.297,0.151,-0.007,-0.114,-0.291,-0.351,-0.408,-0.454,-0.459,-0.43,-0.415,-0.342,-0.269,-0.197
Joint 5: ,0.2,0.001,-0.151,-0.101,-0.019,0.125,0.227,0.235,0.269,0.295,0.343,0.334,0.289,0.245,0.2
Joint 6: ,0.1,0.159,0.182,0.254,0.324,0.31,0.311,0.261,0.167,0.023,-0.062,-0.087,-0.126,-0.165,-0.205
Trial,5,2D Sim,False,Distance Weight,1,Random Seed,75,Min Iterations,1200,Lazy,False,Distance cost,0.2969270725939422,Manip Cost,15.975618589584546,Total cost,0.2969270725939422,Node cost function,True,Percent Manip Threshold,0,Update Path,False,Increasing weight,False,Parent finding radius R,0.9,Step Size,0.3,Goal Area Sample Probability,0.05,Goal Area Delta,0.6
Manipulability,0.032,0.045,0.052,0.048,0.047,0.048,0.047,0.048,0.056,0.068,0.069,0.07,0.072,0.081,0.091,0.101
Distance to Last Node,0.0,0.446,0.334,0.409,0.292,0.282,0.263,0.29,0.26,0.294,0.245,0.245,0.245,0.297,0.297,0.297
Joint 0: ,-1.7,-1.593,-1.449,-1.18,-0.905,-0.638,-0.408,-0.19,0.029,0.306,0.547,0.787,1.027,1.251,1.476,1.7
Joint 1: ,-1.0,-0.788,-0.606,-0.418,-0.386,-0.405,-0.399,-0.444,-0.507,-0.535,-0.555,-0.575,-0.595,-0.73,-0.865,-1.0
Joint 2: ,0.2,0.34,0.463,0.625,0.679,0.715,0.701,0.718,0.703,0.727,0.743,0.76,0.776,0.684,0.592,0.5
Joint 3: ,-0.1,-0.234,-0.272,-0.283,-0.231,-0.168,-0.074,-0.017,0.061,0.125,0.143,0.161,0.179,0.219,0.26,0.3
Joint 4: ,0.3,0.029,-0.136,-0.291,-0.321,-0.344,-0.397,-0.435,-0.439,-0.433,-0.436,-0.439,-0.443,-0.362,-0.281,-0.2
Joint 5: ,0.2,0.319,0.433,0.473,0.471,0.448,0.417,0.373,0.369,0.411,0.393,0.375,0.357,0.305,0.252,0.2
Joint 6: ,0.1,0.231,0.264,0.178,0.132,0.098,0.039,-0.128,-0.224,-0.272,-0.24,-0.207,-0.175,-0.183,-0.192,-0.2
