Trial,1,2D Sim,False,Distance Weight,0.9,Random Seed,15,Min Iterations,1200,Lazy,False,Distance cost,0.5878079107060378,Manip Cost,10.305502812048154,Total cost,1.559577400840249,Node cost function,True,Percent Manip Threshold,0,Update Path,True,Increasing weight,False,Parent finding radius R,0.9,Step Size,0.3,Goal Area Sample Probability,0.05,Goal Area Delta,0.6
Manipulability,0.032,0.058,0.04,0.057,0.057,0.037,0.049,0.08,0.087,0.09,0.082,0.141,0.147,0.138,0.145,0.184,0.184,0.167,0.167,0.158,0.158,0.155,0.2,0.188,0.188,0.101
Distance to Last Node,0.0,0.619,0.42,0.676,0.0,0.445,0.799,0.3,0.3,0.3,0.3,0.3,0.3,0.3,0.3,0.642,0.0,0.483,0.0,0.741,0.0,0.3,0.3,0.591,0.0,0.484
Joint 0: ,-1.7,-1.145,-0.797,-0.233,-0.233,0.121,0.638,0.688,0.797,1.011,1.216,1.258,1.35,1.541,1.692,1.25,1.25,1.287,1.287,1.8,1.8,1.949,1.872,1.508,1.508,1.7
Joint 1: ,-1.0,-0.97,-0.917,-0.716,-0.716,-0.579,-0.448,-0.639,-0.696,-0.832,-0.859,-1.052,-0.979,-1.03,-0.946,-1.054,-1.054,-1.121,-1.121,-1.015,-1.015,-1.142,-1.319,-1.226,-1.226,-1.0
Joint 2: ,0.2,0.244,0.271,0.311,0.311,0.31,0.448,0.593,0.754,0.639,0.64,0.649,0.47,0.376,0.308,0.519,0.519,0.619,0.619,0.295,0.295,0.345,0.238,0.516,0.516,0.5
Joint 3: ,-0.1,-0.29,-0.134,0.129,0.129,0.057,0.444,0.479,0.615,0.516,0.384,0.472,0.6,0.41,0.58,0.738,0.738,0.341,0.341,0.554,0.554,0.403,0.566,0.468,0.468,0.3
Joint 4: ,0.3,0.204,0.317,0.47,0.47,0.256,-0.153,-0.303,-0.228,-0.217,-0.225,-0.252,-0.242,-0.178,-0.068,-0.405,-0.405,-0.318,-0.318,0.005,0.005,-0.151,-0.251,-0.109,-0.109,-0.2
Joint 5: ,0.2,0.357,0.258,0.248,0.248,0.223,0.089,0.163,0.016,0.008,0.072,0.255,0.273,0.319,0.322,0.433,0.433,0.502,0.502,0.374,0.374,0.349,0.377,0.449,0.449,0.2
Joint 6: ,0.1,0.048,-0.018,-0.079,-0.079,-0.125,-0.11,-0.097,-0.157,-0.111,-0.272,-0.177,-0.342,-0.341,-0.461,-0.364,-0.364,-0.148,-0.148,-0.206,-0.206,-0.17,-0.109,-0.418,-0.418,-0.2
Trial,2,2D Sim,False,Distance Weight,0.9,Random Seed,30,Min Iterations,1200,Lazy,False,Distance cost,0.4839285898878959,Manip Cost,9.114004861928738,Total cost,1.3469362170919799,Node cost function,True,Percent Manip Threshold,0,Update Path,True,Increasing weight,False,Parent finding radius R,0.9,Step Size,0.3,Goal Area Sample Probability,0.05,Goal Area Delta,0.6
Manipulability,0.032,0.066,0.12,0.122,0.123,0.123,0.041,0.041,0.092,0.092,0.141,0.152,0.186,0.203,0.164,0.164,0.171,0.17,0.17,0.101
Distance to Last Node,0.0,0.424,0.893,0.399,0.399,0.0,0.501,0.873,0.81,0.0,0.3,0.3,0.3,0.3,0.52,0.0,0.41,0.41,0.0,0.488
Joint 0: ,-1.7,-1.434,-0.891,-0.553,-0.215,-0.215,0.193,0.744,1.09,1.09,1.195,1.305,1.17,1.197,1.449,1.449,1.597,1.745,1.745,1.7
Joint 1: ,-1.0,-1.081,-1.021,-0.933,-0.845,-0.845,-0.651,-0.39,-0.593,-0.593,-0.733,-0.778,-0.993,-1.073,-0.771,-0.771,-0.876,-0.981,-0.981,-1.0
Joint 2: ,0.2,0.282,0.087,-0.042,-0.17,-0.17,-0.19,0.098,0.644,0.644,0.651,0.769,0.755,0.918,0.694,0.694,0.615,0.537,0.537,0.5
Joint 3: ,-0.1,0.187,-0.308,-0.245,-0.182,-0.182,-0.038,0.36,0.384,0.384,0.583,0.732,0.739,0.892,0.849,0.849,0.721,0.592,0.592,0.3
Joint 4: ,0.3,0.357,0.235,0.153,0.071,0.071,0.125,0.228,0.007,0.007,0.022,0.215,0.237,0.374,0.35,0.35,0.032,-0.286,-0.286,-0.2
Joint 5: ,0.2,0.111,-0.124,-0.224,-0.323,-0.323,-0.175,0.141,0.435,0.435,0.572,0.52,0.534,0.467,0.689,0.689,0.592,0.495,0.495,0.2
Joint 6: ,0.1,0.053,0.436,0.437,0.439,0.439,0.421,0.225,-0.021,-0.021,-0.001,-0.008,0.15,0.053,-0.064,-0.064,-0.015,0.033,0.033,-0.2
Trial,3,2D Sim,False,Distance Weight,0.9,Random Seed,45,Min Iterations,1200,Lazy,False,Distance cost,0.5871952844123065,Manip Cost,9.619274577440041,Total cost,1.4904032137150798,Node cost function,True,Percent Manip Threshold,0,Update Path,True,Increasing weight,False,Parent finding radius R,0.9,Step Size,0.3,Goal Area Sample Probability,0.05,Goal Area Delta,0.6
Manipulability,0.032,0.06,0.07,0.072,0.074,0.068,0.119,0.119,0.139,0.142,0.045,0.055,0.119,0.119,0.148,0.18,0.187,0.218,0.225,0.154,0.154,0.096
Distance to Last Node,0.0,0.662,0.442,0.748,0.852,0.3,0.8,0.0,0.3,0.405,0.434,0.771,0.5,0.0,0.3,0.3,0.3,0.3,0.3,0.772,0.0,0.405
Joint 0: ,-1.7,-1.209,-0.928,-0.507,-0.064,0.079,0.653,0.653,0.827,0.909,1.038,1.236,1.371,1.371,1.45,1.431,1.54,1.555,1.598,1.622,1.622,1.726
Joint 1: ,-1.0,-0.664,-0.631,-0.446,-0.562,-0.417,-0.599,-0.599,-0.653,-0.659,-0.429,-0.465,-0.879,-0.879,-1.107,-1.241,-1.173,-1.313,-1.441,-1.194,-1.194,-1.033
Joint 2: ,0.2,0.322,0.419,0.79,1.139,1.104,0.874,0.874,1.053,0.834,0.856,0.533,0.349,0.349,0.435,0.541,0.406,0.61,0.802,0.348,0.348,0.488
Joint 3: ,-0.1,-0.098,-0.138,-0.319,-0.531,-0.519,-0.499,-0.499,-0.608,-0.571,-0.264,0.336,0.402,0.402,0.353,0.432,0.399,0.367,0.259,0.436,0.436,0.3
Joint 4: ,0.3,0.275,-0.029,-0.365,0.111,0.268,0.234,0.234,0.341,0.014,0.149,0.199,0.122,0.122,0.194,0.384,0.359,0.379,0.285,0.003,0.003,-0.14
Joint 5: ,0.2,0.436,0.533,0.663,0.315,0.229,-0.041,-0.041,-0.029,-0.03,0.009,0.281,0.336,0.336,0.381,0.432,0.575,0.705,0.743,0.277,0.277,0.153
Joint 6: ,0.1,-0.014,-0.063,0.154,0.151,0.028,-0.36,-0.36,-0.326,-0.307,-0.371,-0.495,-0.38,-0.38,-0.259,-0.135,0.047,0.148,0.034,0.036,0.036,-0.195
Trial,4,2D Sim,False,Distance Weight,0.9,Random Seed,60,Min Iterations,1200,Lazy,False,Distance cost,0.5920350981375853,Manip Cost,10.486143433629566,Total cost,1.5814459316867833,Node cost function,True,Percent Manip Threshold,0,Update Path,True,Increasing weight,False,Parent finding radius R,0.9,Step Size,0.3,Goal Area Sample Probability,0.05,Goal Area Delta,0.6
Manipulability,0.032,0.139,0.117,0.117,0.034,0.03,0.05,0.075,0.075,0.069,0.076,0.076,0.077,0.097,0.136,0.167,0.188,0.218,0.241,0.218,0.222,0.222,0.137,0.137,0.101,0.101
Distance to Last Node,0.0,0.668,0.542,0.0,0.612,0.7,0.447,0.447,0.0,0.389,0.562,0.0,0.3,0.3,0.418,0.3,0.3,0.3,0.3,0.3,0.811,0.0,0.792,0.0,0.474,0.0
Joint 0: ,-1.7,-1.481,-1.111,-1.111,-0.762,-0.231,0.115,0.461,0.461,0.813,1.274,1.274,1.281,1.39,1.243,1.309,1.378,1.384,1.402,1.432,1.441,1.441,1.62,1.62,1.7,1.7
Joint 1: ,-1.0,-0.769,-0.562,-0.562,-0.297,-0.374,-0.439,-0.504,-0.504,-0.566,-0.781,-0.781,-0.93,-1.101,-1.328,-1.385,-1.398,-1.364,-1.422,-1.464,-1.406,-1.406,-1.14,-1.14,-1.0,-1.0
Joint 2: ,0.2,0.545,0.658,0.658,0.801,0.864,0.844,0.824,0.824,0.776,0.746,0.746,0.811,0.88,0.77,0.868,0.915,1.133,1.276,1.397,0.828,0.828,0.664,0.664,0.5,0.5
Joint 3: ,-0.1,-0.388,-0.302,-0.302,-0.21,-0.153,-0.018,0.118,0.118,0.048,0.171,0.171,0.265,0.162,0.072,0.223,0.425,0.561,0.655,0.695,0.6,0.6,0.54,0.54,0.3,0.3
Joint 4: ,0.3,0.339,0.156,0.156,-0.165,-0.469,-0.369,-0.27,-0.27,-0.369,-0.471,-0.471,-0.292,-0.19,0.013,0.096,0.282,0.396,0.572,0.704,0.172,0.172,-0.187,-0.187,-0.2,-0.2
Joint 5: ,0.2,-0.176,-0.274,-0.274,-0.052,0.268,0.386,0.504,0.504,0.434,0.272,0.272,0.122,0.265,0.46,0.456,0.374,0.446,0.539,0.313,0.419,0.419,0.089,0.089,0.2,0.2
Joint 6: ,0.1,0.126,0.351,0.351,0.326,0.295,0.112,-0.071,-0.071,-0.098,-0.03,-0.03,-0.012,0.039,-0.008,-0.215,-0.193,-0.262,-0.13,-0.176,-0.011,-0.011,-0.518,-0.518,-0.2,-0.2
Trial,5,2D Sim,False,Distance Weight,0.9,Random Seed,75,Min Iterations,1200,Lazy,False,Distance cost,0.5756854465663016,Manip Cost,9.46738303366209,Total cost,1.4648552052758803,Node cost function,True,Percent Manip Threshold,0,Update Path,True,Increasing weight,False,Parent finding radius R,0.9,Step Size,0.3,Goal Area Sample Probability,0.05,Goal Area Delta,0.6
Manipulability,0.032,0.084,0.055,0.05,0.054,0.061,0.081,0.081,0.108,0.116,0.127,0.127,0.103,0.103,0.127,0.136,0.161,0.168,0.173,0.207,0.174,0.194,0.194,0.101,0.101
Distance to Last Node,0.0,0.714,0.803,0.394,0.433,0.433,0.716,0.0,0.3,0.3,0.533,0.0,0.634,0.0,0.3,0.3,0.3,0.3,0.3,0.3,0.3,0.823,0.0,0.532,0.0
Joint 0: ,-1.7,-1.886,-1.305,-0.965,-0.57,-0.175,0.244,0.244,0.354,0.35,0.31,0.31,0.509,0.509,0.722,1.003,1.044,1.083,1.266,1.272,1.507,1.967,1.967,1.7,1.7
Joint 1: ,-1.0,-0.763,-0.424,-0.349,-0.357,-0.366,-0.473,-0.473,-0.61,-0.669,-0.455,-0.455,-0.727,-0.727,-0.805,-0.86,-0.998,-1.116,-1.068,-1.182,-1.047,-1.326,-1.326,-1.0,-1.0
Joint 2: ,0.2,0.667,0.586,0.691,0.665,0.639,0.337,0.337,0.259,0.452,0.074,0.074,0.403,0.403,0.394,0.412,0.508,0.499,0.373,0.471,0.505,0.375,0.375,0.5,0.5
Joint 3: ,-0.1,-0.226,-0.309,-0.269,-0.13,0.009,0.344,0.344,0.533,0.503,0.679,0.679,0.446,0.446,0.506,0.548,0.703,0.55,0.621,0.617,0.53,0.543,0.543,0.3,0.3
Joint 4: ,0.3,0.091,-0.3,-0.37,-0.386,-0.402,-0.661,-0.661,-0.652,-0.734,-0.562,-0.562,-0.634,-0.634,-0.52,-0.592,-0.431,-0.212,-0.04,0.139,0.18,-0.097,-0.097,-0.2,-0.2
Joint 5: ,0.2,0.574,0.548,0.522,0.543,0.563,0.462,0.462,0.415,0.475,0.426,0.426,0.329,0.329,0.413,0.391,0.292,0.337,0.385,0.571,0.496,0.342,0.342,0.2,0.2
Joint 6: ,0.1,0.137,0.298,0.172,0.07,-0.033,-0.245,-0.245,-0.368,-0.563,-0.387,-0.387,-0.719,-0.719,-0.596,-0.571,-0.573,-0.608,-0.645,-0.666,-0.697,-0.177,-0.177,-0.2,-0.2
Trial,1,2D Sim,False,Distance Weight,0.85,Random Seed,15,Min Iterations,1200,Lazy,False,Distance cost,0.7766721426679766,Manip Cost,9.59376306516327,Total cost,2.0992357810422706,Node cost function,True,Percent Manip Threshold,0,Update Path,True,Increasing weight,False,Parent finding radius R,0.9,Step Size,0.3,Goal Area Sample Probability,0.05,Goal Area Delta,0.6
Manipulability,0.032,0.058,0.04,0.057,0.057,0.037,0.049,0.08,0.087,0.09,0.082,0.141,0.147,0.104,0.104,0.122,0.138,0.138,0.145,0.184,0.184,0.143,0.143,0.158,0.155,0.2,0.196,0.188,0.188,0.208,0.208,0.154,0.154,0.101,0.101
Distance to Last Node,0.0,0.619,0.42,0.676,0.0,0.445,0.799,0.3,0.3,0.3,0.3,0.3,0.3,0.751,0.0,0.398,0.398,0.0,0.3,0.642,0.0,0.638,0.0,0.429,0.3,0.3,0.3,0.724,0.0,0.538,0.0,0.663,0.0,0.618,0.0
Joint 0: ,-1.7,-1.145,-0.797,-0.233,-0.233,0.121,0.638,0.688,0.797,1.011,1.216,1.258,1.35,1.385,1.385,1.463,1.541,1.541,1.692,1.25,1.25,1.6,1.6,1.8,1.949,1.872,1.957,1.508,1.508,1.198,1.198,1.297,1.297,1.7,1.7
Joint 1: ,-1.0,-0.97,-0.917,-0.716,-0.716,-0.579,-0.448,-0.639,-0.696,-0.832,-0.859,-1.052,-0.979,-1.06,-1.06,-1.045,-1.03,-1.03,-0.946,-1.054,-1.054,-0.774,-0.774,-1.015,-1.142,-1.319,-1.318,-1.226,-1.226,-1.2,-1.2,-1.2,-1.2,-1.0,-1.0
Joint 2: ,0.2,0.244,0.271,0.311,0.311,0.31,0.448,0.593,0.754,0.639,0.64,0.649,0.47,1.022,1.022,0.699,0.376,0.376,0.308,0.519,0.519,0.167,0.167,0.295,0.345,0.238,0.178,0.516,0.516,0.307,0.307,0.77,0.77,0.5,0.5
Joint 3: ,-0.1,-0.29,-0.134,0.129,0.129,0.057,0.444,0.479,0.615,0.516,0.384,0.472,0.6,0.386,0.386,0.398,0.41,0.41,0.58,0.738,0.738,0.709,0.709,0.554,0.403,0.566,0.666,0.468,0.468,0.663,0.663,0.578,0.578,0.3,0.3
Joint 4: ,0.3,0.204,0.317,0.47,0.47,0.256,-0.153,-0.303,-0.228,-0.217,-0.225,-0.252,-0.242,0.046,0.046,-0.066,-0.178,-0.178,-0.068,-0.405,-0.405,-0.12,-0.12,0.005,-0.151,-0.251,-0.431,-0.109,-0.109,-0.417,-0.417,-0.298,-0.298,-0.2,-0.2
Joint 5: ,0.2,0.357,0.258,0.248,0.248,0.223,0.089,0.163,0.016,0.008,0.072,0.255,0.273,0.085,0.085,0.202,0.319,0.319,0.322,0.433,0.433,0.397,0.397,0.374,0.349,0.377,0.266,0.449,0.449,0.556,0.556,0.117,0.117,0.2,0.2
Joint 6: ,0.1,0.048,-0.018,-0.079,-0.079,-0.125,-0.11,-0.097,-0.157,-0.111,-0.272,-0.177,-0.342,-0.048,-0.048,-0.194,-0.341,-0.341,-0.461,-0.364,-0.364,-0.376,-0.376,-0.206,-0.17,-0.109,-0.265,-0.418,-0.418,-0.348,-0.348,-0.316,-0.316,-0.2,-0.2
Trial,2,2D Sim,False,Distance Weight,0.85,Random Seed,30,Min Iterations,1200,Lazy,False,Distance cost,0.6433643083282855,Manip Cost,8.44783746881327,Total cost,1.8140352824010335,Node cost function,True,Percent Manip Threshold,0,Update Path,True,Increasing weight,False,Parent finding radius R,0.9,Step Size,0.3,Goal Area Sample Probability,0.05,Goal Area Delta,0.6
Manipulability,0.032,0.066,0.12,0.122,0.123,0.123,0.041,0.041,0.092,0.092,0.141,0.152,0.141,0.186,0.186,0.203,0.147,0.147,0.17,0.159,0.167,0.165,0.17,0.204,0.213,0.101,0.101
Distance to Last Node,0.0,0.424,0.893,0.399,0.399,0.0,0.501,0.873,0.81,0.0,0.3,0.3,0.3,0.516,0.0,0.3,0.83,0.0,0.3,0.3,0.3,0.3,0.3,0.3,0.3,0.796,0.0
Joint 0: ,-1.7,-1.434,-0.891,-0.553,-0.215,-0.215,0.193,0.744,1.09,1.09,1.195,1.305,1.536,1.17,1.17,1.197,1.587,1.587,1.745,1.833,1.939,1.865,1.812,1.922,1.901,1.7,1.7
Joint 1: ,-1.0,-1.081,-1.021,-0.933,-0.845,-0.845,-0.651,-0.39,-0.593,-0.593,-0.733,-0.778,-0.776,-0.993,-0.993,-1.073,-0.824,-0.824,-0.981,-0.996,-1.152,-1.217,-1.393,-1.464,-1.449,-1.0,-1.0
Joint 2: ,0.2,0.282,0.087,-0.042,-0.17,-0.17,-0.19,0.098,0.644,0.644,0.651,0.769,0.715,0.755,0.755,0.918,0.568,0.568,0.537,0.732,0.803,0.681,0.573,0.48,0.288,0.5,0.5
Joint 3: ,-0.1,0.187,-0.308,-0.245,-0.182,-0.182,-0.038,0.36,0.384,0.384,0.583,0.732,0.673,0.739,0.739,0.892,0.694,0.694,0.592,0.542,0.638,0.692,0.627,0.668,0.794,0.3,0.3
Joint 4: ,0.3,0.357,0.235,0.153,0.071,0.071,0.125,0.228,0.007,0.007,0.022,0.215,0.077,0.237,0.237,0.374,-0.173,-0.173,-0.286,-0.407,-0.404,-0.467,-0.426,-0.248,-0.344,-0.2,-0.2
Joint 5: ,0.2,0.111,-0.124,-0.224,-0.323,-0.323,-0.175,0.141,0.435,0.435,0.572,0.52,0.426,0.534,0.534,0.467,0.396,0.396,0.495,0.389,0.19,0.068,0.066,0.196,0.148,0.2,0.2
Joint 6: ,0.1,0.053,0.436,0.437,0.439,0.439,0.421,0.225,-0.021,-0.021,-0.001,-0.008,-0.054,0.15,0.15,0.053,-0.047,-0.047,0.033,0.157,0.135,-0.074,0.123,0.239,0.08,-0.2,-0.2
Trial,3,2D Sim,False,Distance Weight,0.85,Random Seed,45,Min Iterations,1200,Lazy,False,Distance cost,0.7700308822842936,Manip Cost,9.093212694744292,Total cost,2.0185081541532934,Node cost function,True,Percent Manip Threshold,0,Update Path,True,Increasing weight,False,Parent finding radius R,0.9,Step Size,0.3,Goal Area Sample Probability,0.05,Goal Area Delta,0.6
Manipulability,0.032,0.06,0.07,0.072,0.074,0.068,0.119,0.119,0.139,0.142,0.045,0.055,0.103,0.103,0.166,0.139,0.216,0.216,0.104,0.104,0.119,0.119,0.148,0.18,0.187,0.218,0.225,0.154,0.154,0.096
Distance to Last Node,0.0,0.662,0.442,0.748,0.852,0.3,0.8,0.0,0.3,0.405,0.434,0.771,0.737,0.0,0.3,0.3,0.467,0.0,0.655,0.0,0.809,0.0,0.3,0.3,0.3,0.3,0.3,0.772,0.0,0.405
Joint 0: ,-1.7,-1.209,-0.928,-0.507,-0.064,0.079,0.653,0.653,0.827,0.909,1.038,1.236,1.542,1.542,1.601,1.769,1.696,1.696,1.708,1.708,1.371,1.371,1.45,1.431,1.54,1.555,1.598,1.622,1.622,1.726
Joint 1: ,-1.0,-0.664,-0.631,-0.446,-0.562,-0.417,-0.599,-0.599,-0.653,-0.659,-0.429,-0.465,-0.224,-0.224,0.016,0.065,0.147,0.147,-0.41,-0.41,-0.879,-0.879,-1.107,-1.241,-1.173,-1.313,-1.441,-1.194,-1.194,-1.033
Joint 2: ,0.2,0.322,0.419,0.79,1.139,1.104,0.874,0.874,1.053,0.834,0.856,0.533,0.436,0.436,0.471,0.57,0.403,0.403,0.393,0.393,0.349,0.349,0.435,0.541,0.406,0.61,0.802,0.348,0.348,0.488
Joint 3: ,-0.1,-0.098,-0.138,-0.319,-0.531,-0.519,-0.499,-0.499,-0.608,-0.571,-0.264,0.336,0.723,0.723,0.851,0.876,0.882,0.882,0.768,0.768,0.402,0.402,0.353,0.432,0.399,0.367,0.259,0.436,0.436,0.3
Joint 4: ,0.3,0.275,-0.029,-0.365,0.111,0.268,0.234,0.234,0.341,0.014,0.149,0.199,-0.122,-0.122,-0.031,0.066,-0.226,-0.226,-0.128,-0.128,0.122,0.122,0.194,0.384,0.359,0.379,0.285,0.003,0.003,-0.14
Joint 5: ,0.2,0.436,0.533,0.663,0.315,0.229,-0.041,-0.041,-0.029,-0.03,0.009,0.281,0.15,0.15,0.202,0.008,0.309,0.309,0.145,0.145,0.336,0.336,0.381,0.432,0.575,0.705,0.743,0.277,0.277,0.153
Joint 6: ,0.1,-0.014,-0.063,0.154,0.151,0.028,-0.36,-0.36,-0.326,-0.307,-0.371,-0.495,-0.828,-0.828,-0.84,-0.883,-0.935,-0.935,-0.673,-0.673,-0.38,-0.38,-0.259,-0.135,0.047,0.148,0.034,0.036,0.036,-0.195
Trial,4,2D Sim,False,Distance Weight,0.85,Random Seed,60,Min Iterations,1200,Lazy,False,Distance cost,0.7854454947105016,Manip Cost,10.16668486242332,Total cost,2.1926313998674245,Node cost function,True,Percent Manip Threshold,0,Update Path,True,Increasing weight,False,Parent finding radius R,0.9,Step Size,0.3,Goal Area Sample Probability,0.05,Goal Area Delta,0.6
Manipulability,0.032,0.139,0.117,0.117,0.034,0.03,0.067,0.052,0.091,0.091,0.046,0.076,0.076,0.077,0.097,0.106,0.106,0.128,0.113,0.112,0.108,0.108,0.104,0.14,0.171,0.19,0.219,0.241,0.223,0.226,0.222,0.222,0.138,0.138,0.101
Distance to Last Node,0.0,0.668,0.542,0.0,0.612,0.7,0.486,0.387,0.768,0.0,0.448,0.659,0.0,0.3,0.3,0.551,0.0,0.3,0.3,0.362,0.362,0.0,0.3,0.401,0.3,0.3,0.3,0.3,0.3,0.42,0.42,0.0,0.719,0.0,0.386
Joint 0: ,-1.7,-1.481,-1.111,-1.111,-0.762,-0.231,0.064,0.41,0.851,0.851,1.009,1.274,1.274,1.281,1.39,1.37,1.37,1.425,1.552,1.54,1.529,1.529,1.291,1.212,1.289,1.361,1.371,1.39,1.41,1.42,1.43,1.43,1.631,1.631,1.7
Joint 1: ,-1.0,-0.769,-0.562,-0.562,-0.297,-0.374,-0.496,-0.514,-0.484,-0.484,-0.556,-0.781,-0.781,-0.93,-1.101,-0.888,-0.888,-1.003,-1.136,-1.146,-1.157,-1.157,-1.071,-1.332,-1.388,-1.402,-1.367,-1.424,-1.496,-1.452,-1.408,-1.408,-1.128,-1.128,-1.0
Joint 2: ,0.2,0.545,0.658,0.658,0.801,0.864,0.944,0.916,0.936,0.936,0.832,0.746,0.746,0.811,0.88,0.784,0.784,0.89,0.782,0.729,0.676,0.676,0.616,0.705,0.826,0.877,1.103,1.248,1.273,1.041,0.808,0.808,0.659,0.659,0.5
Joint 3: ,-0.1,-0.388,-0.302,-0.302,-0.21,-0.153,0.06,-0.097,-0.634,-0.634,-0.328,0.171,0.171,0.265,0.162,0.24,0.24,0.364,0.329,0.293,0.257,0.257,0.241,0.095,0.243,0.444,0.575,0.668,0.647,0.627,0.607,0.607,0.514,0.514,0.3
Joint 4: ,0.3,0.339,0.156,0.156,-0.165,-0.469,-0.256,-0.284,-0.012,-0.012,-0.24,-0.471,-0.471,-0.292,-0.19,-0.587,-0.587,-0.793,-0.871,-0.516,-0.161,-0.161,-0.019,0.054,0.126,0.311,0.417,0.59,0.85,0.519,0.189,0.189,-0.169,-0.169,-0.2
Joint 5: ,0.2,-0.176,-0.274,-0.274,-0.052,0.268,0.45,0.392,0.271,0.271,0.317,0.272,0.272,0.122,0.265,0.353,0.353,0.326,0.207,0.21,0.213,0.213,0.242,0.461,0.457,0.374,0.446,0.539,0.446,0.432,0.419,0.419,0.132,0.132,0.2
Joint 6: ,0.1,0.126,0.351,0.351,0.326,0.295,0.238,0.228,0.1,0.1,-0.012,-0.03,-0.03,-0.012,0.039,-0.238,-0.238,-0.175,-0.023,-0.049,-0.076,-0.076,-0.115,-0.049,-0.248,-0.223,-0.284,-0.15,-0.236,-0.134,-0.031,-0.031,-0.426,-0.426,-0.2
Trial,5,2D Sim,False,Distance Weight,0.85,Random Seed,75,Min Iterations,1200,Lazy,False,Distance cost,0.6709151021887438,Manip Cost,8.78357065223703,Total cost,1.887813434695987,Node cost function,True,Percent Manip Threshold,0,Update Path,True,Increasing weight,False,Parent finding radius R,0.9,Step Size,0.3,Goal Area Sample Probability,0.05,Goal Area Delta,0.6
Manipulability,0.032,0.084,0.055,0.05,0.054,0.061,0.081,0.081,0.108,0.116,0.127,0.127,0.103,0.103,0.127,0.136,0.154,0.161,0.161,0.168,0.173,0.207,0.227,0.244,0.262,0.174,0.174,0.157,0.101,0.101
Distance to Last Node,0.0,0.714,0.803,0.394,0.433,0.433,0.716,0.0,0.3,0.3,0.533,0.0,0.634,0.0,0.3,0.3,0.3,0.504,0.0,0.3,0.3,0.3,0.3,0.3,0.3,0.713,0.0,0.444,0.536,0.0
Joint 0: ,-1.7,-1.886,-1.305,-0.965,-0.57,-0.175,0.244,0.244,0.354,0.35,0.31,0.31,0.509,0.509,0.722,1.003,1.062,1.044,1.044,1.083,1.266,1.272,1.287,1.355,1.547,1.507,1.507,1.396,1.7,1.7
Joint 1: ,-1.0,-0.763,-0.424,-0.349,-0.357,-0.366,-0.473,-0.473,-0.61,-0.669,-0.455,-0.455,-0.727,-0.727,-0.805,-0.86,-0.949,-0.998,-0.998,-1.116,-1.068,-1.182,-1.259,-1.366,-1.476,-1.047,-1.047,-0.942,-1.0,-1.0
Joint 2: ,0.2,0.667,0.586,0.691,0.665,0.639,0.337,0.337,0.259,0.452,0.074,0.074,0.403,0.403,0.394,0.412,0.299,0.508,0.508,0.499,0.373,0.471,0.718,0.907,0.889,0.505,0.505,0.438,0.5,0.5
Joint 3: ,-0.1,-0.226,-0.309,-0.269,-0.13,0.009,0.344,0.344,0.533,0.503,0.679,0.679,0.446,0.446,0.506,0.548,0.549,0.703,0.703,0.55,0.621,0.617,0.747,0.714,0.793,0.53,0.53,0.529,0.3,0.3
Joint 4: ,0.3,0.091,-0.3,-0.37,-0.386,-0.402,-0.661,-0.661,-0.652,-0.734,-0.562,-0.562,-0.634,-0.634,-0.52,-0.592,-0.782,-0.431,-0.431,-0.212,-0.04,0.139,0.198,0.344,0.247,0.18,0.18,-0.005,-0.2,-0.2
Joint 5: ,0.2,0.574,0.548,0.522,0.543,0.563,0.462,0.462,0.415,0.475,0.426,0.426,0.329,0.329,0.413,0.391,0.494,0.292,0.292,0.337,0.385,0.571,0.552,0.603,0.747,0.496,0.496,0.484,0.2,0.2
Joint 6: ,0.1,0.137,0.298,0.172,0.07,-0.033,-0.245,-0.245,-0.368,-0.563,-0.387,-0.387,-0.719,-0.719,-0.596,-0.571,-0.433,-0.573,-0.573,-0.608,-0.645,-0.666,-0.713,-0.827,-0.895,-0.697,-0.697,-0.33,-0.2,-0.2
