Trial,1,2D Sim,False,Distance Weight,0.9,Random Seed,15,Min Iterations,1200,Lazy,True,Distance cost,0.7142364309570169,Manip Cost,11.186122174434475,Total cost,1.7614250053047624,Node cost function,True,Percent Manip Threshold,0,Update Path,False,Increasing weight,False,Parent finding radius R,0.9,Step Size,0.3,Goal Area Sample Probability,0.05,Goal Area Delta,0.6
Manipulability,0.032,0.068,0.041,0.043,0.084,0.023,0.039,0.08,0.087,0.09,0.082,0.141,0.147,0.155,0.146,0.153,0.164,0.166,0.16,0.154,0.199,0.196,0.198,0.166,0.109
Distance to Last Node,0.0,0.435,0.857,0.875,0.639,0.73,0.812,0.439,0.3,0.3,0.3,0.3,0.3,0.3,0.3,0.385,0.3,0.3,0.7,0.3,0.3,0.3,0.3,0.383,0.657
Joint 0: ,-1.7,-1.439,-0.82,-0.099,-0.119,0.063,0.438,0.688,0.797,1.011,1.216,1.258,1.35,1.573,1.722,1.751,1.735,1.581,1.828,1.977,1.887,1.966,2.018,2.059,1.703
Joint 1: ,-1.0,-1.077,-0.625,-0.627,-0.836,-0.488,-0.387,-0.639,-0.696,-0.832,-0.859,-1.052,-0.979,-0.915,-0.989,-0.864,-0.632,-0.604,-1.042,-1.168,-1.327,-1.323,-1.418,-1.275,-0.998
Joint 2: ,0.2,0.135,0.362,0.203,0.225,0.256,0.571,0.593,0.754,0.639,0.64,0.649,0.47,0.47,0.367,0.336,0.287,0.11,0.314,0.361,0.249,0.187,0.133,0.352,0.479
Joint 3: ,-0.1,-0.265,-0.294,0.033,0.389,-0.063,0.306,0.479,0.615,0.516,0.384,0.472,0.6,0.651,0.427,0.749,0.856,0.849,0.495,0.355,0.538,0.645,0.765,0.574,0.32
Joint 4: ,0.3,0.133,0.173,0.492,0.588,0.363,-0.128,-0.303,-0.228,-0.217,-0.225,-0.252,-0.242,-0.114,-0.078,-0.005,0.011,-0.112,0.013,-0.156,-0.251,-0.426,-0.601,-0.509,-0.181
Joint 5: ,0.2,0.407,0.235,0.269,0.133,0.224,0.18,0.163,0.016,0.008,0.072,0.255,0.273,0.391,0.409,0.36,0.503,0.486,0.415,0.373,0.388,0.276,0.101,0.173,0.233
Joint 6: ,0.1,-0.012,0.237,0.127,-0.331,0.009,-0.167,-0.097,-0.157,-0.111,-0.272,-0.177,-0.342,-0.399,-0.383,-0.524,-0.494,-0.358,-0.137,-0.124,-0.088,-0.247,-0.254,-0.418,-0.229
Trial,2,2D Sim,False,Distance Weight,0.9,Random Seed,30,Min Iterations,1200,Lazy,True,Distance cost,0.5834133657175108,Manip Cost,8.878645487309685,Total cost,1.412936577876728,Node cost function,True,Percent Manip Threshold,0,Update Path,False,Increasing weight,False,Parent finding radius R,0.9,Step Size,0.3,Goal Area Sample Probability,0.05,Goal Area Delta,0.6
Manipulability,0.032,0.066,0.12,0.123,0.111,0.041,0.041,0.092,0.141,0.152,0.141,0.147,0.17,0.159,0.167,0.165,0.17,0.204,0.213,0.101
Distance to Last Node,0.0,0.424,0.893,0.797,0.3,0.639,0.873,0.81,0.3,0.3,0.3,0.3,0.3,0.3,0.3,0.3,0.3,0.3,0.3,0.796
Joint 0: ,-1.7,-1.434,-0.891,-0.215,-0.259,0.193,0.744,1.09,1.195,1.305,1.536,1.587,1.745,1.833,1.939,1.865,1.812,1.922,1.901,1.7
Joint 1: ,-1.0,-1.081,-1.021,-0.845,-0.912,-0.651,-0.39,-0.593,-0.733,-0.778,-0.776,-0.824,-0.981,-0.996,-1.152,-1.217,-1.393,-1.464,-1.449,-1.0
Joint 2: ,0.2,0.282,0.087,-0.17,-0.293,-0.19,0.098,0.644,0.651,0.769,0.715,0.568,0.537,0.732,0.803,0.681,0.573,0.48,0.288,0.5
Joint 3: ,-0.1,0.187,-0.308,-0.182,-0.058,-0.038,0.36,0.384,0.583,0.732,0.673,0.694,0.592,0.542,0.638,0.692,0.627,0.668,0.794,0.3
Joint 4: ,0.3,0.357,0.235,0.071,-0.135,0.125,0.228,0.007,0.022,0.215,0.077,-0.173,-0.286,-0.407,-0.404,-0.467,-0.426,-0.248,-0.344,-0.2
Joint 5: ,0.2,0.111,-0.124,-0.323,-0.399,-0.175,0.141,0.435,0.572,0.52,0.426,0.396,0.495,0.389,0.19,0.068,0.066,0.196,0.148,0.2
Joint 6: ,0.1,0.053,0.436,0.439,0.51,0.421,0.225,-0.021,-0.001,-0.008,-0.054,-0.047,0.033,0.157,0.135,-0.074,0.123,0.239,0.08,-0.2
Trial,3,2D Sim,False,Distance Weight,0.9,Random Seed,45,Min Iterations,1200,Lazy,True,Distance cost,0.726895142776484,Manip Cost,9.59687964162562,Total cost,1.6138935926613973,Node cost function,True,Percent Manip Threshold,0,Update Path,False,Increasing weight,False,Parent finding radius R,0.9,Step Size,0.3,Goal Area Sample Probability,0.05,Goal Area Delta,0.6
Manipulability,0.032,0.06,0.079,0.062,0.068,0.119,0.139,0.042,0.055,0.103,0.166,0.139,0.216,0.104,0.119,0.148,0.18,0.187,0.197,0.154,0.117,0.101
Distance to Last Node,0.0,0.662,0.884,0.867,0.515,0.8,0.3,0.646,0.852,0.737,0.3,0.3,0.467,0.655,0.809,0.3,0.3,0.3,0.3,0.579,0.3,0.134
Joint 0: ,-1.7,-1.209,-0.647,-0.196,0.079,0.653,0.827,0.933,1.236,1.542,1.601,1.769,1.696,1.708,1.371,1.45,1.431,1.54,1.65,1.622,1.676,1.7
Joint 1: ,-1.0,-0.664,-0.598,-0.508,-0.417,-0.599,-0.653,-0.496,-0.465,-0.224,0.016,0.065,0.147,-0.41,-0.879,-1.107,-1.241,-1.173,-1.206,-1.194,-1.06,-1.0
Joint 2: ,0.2,0.322,0.516,1.091,1.104,0.874,1.053,0.977,0.533,0.436,0.471,0.57,0.403,0.393,0.349,0.435,0.541,0.406,0.278,0.348,0.453,0.5
Joint 3: ,-0.1,-0.098,-0.179,-0.447,-0.519,-0.499,-0.608,-0.149,0.336,0.723,0.851,0.876,0.882,0.768,0.402,0.353,0.432,0.399,0.561,0.436,0.342,0.3
Joint 4: ,0.3,0.275,-0.333,-0.068,0.268,0.234,0.341,-0.047,0.199,-0.122,-0.031,0.066,-0.226,-0.128,0.122,0.194,0.384,0.359,0.485,0.003,-0.137,-0.2
Joint 5: ,0.2,0.436,0.63,0.471,0.229,-0.041,-0.029,-0.088,0.281,0.15,0.202,0.008,0.309,0.145,0.336,0.381,0.432,0.575,0.526,0.277,0.224,0.2
Joint 6: ,0.1,-0.014,-0.112,0.09,0.028,-0.36,-0.326,-0.428,-0.495,-0.828,-0.84,-0.883,-0.935,-0.673,-0.38,-0.259,-0.135,0.047,0.173,0.036,-0.127,-0.2
Trial,4,2D Sim,False,Distance Weight,0.9,Random Seed,60,Min Iterations,1200,Lazy,True,Distance cost,0.5750135639642843,Manip Cost,10.23884853039609,Total cost,1.5413970606074647,Node cost function,True,Percent Manip Threshold,0,Update Path,False,Increasing weight,False,Parent finding radius R,0.9,Step Size,0.3,Goal Area Sample Probability,0.05,Goal Area Delta,0.6
Manipulability,0.032,0.139,0.117,0.034,0.03,0.067,0.059,0.082,0.098,0.097,0.113,0.182,0.182,0.199,0.224,0.246,0.251,0.218,0.101
Distance to Last Node,0.0,0.668,0.542,0.612,0.7,0.486,0.872,0.52,0.3,0.3,0.3,0.3,0.3,0.3,0.3,0.3,0.3,0.837,0.767
Joint 0: ,-1.7,-1.481,-1.111,-0.762,-0.231,0.064,0.779,1.21,1.31,1.308,1.413,1.357,1.212,1.294,1.318,1.341,1.351,1.434,1.7
Joint 1: ,-1.0,-0.769,-0.562,-0.297,-0.374,-0.496,-0.426,-0.71,-0.847,-0.986,-1.147,-1.227,-1.392,-1.432,-1.393,-1.447,-1.537,-1.317,-1.0
Joint 2: ,0.2,0.545,0.658,0.801,0.864,0.944,0.743,0.711,0.733,0.805,0.878,0.938,0.808,0.902,1.103,1.244,1.252,0.834,0.5
Joint 3: ,-0.1,-0.388,-0.302,-0.21,-0.153,0.06,0.054,0.06,0.239,0.321,0.197,0.31,0.204,0.325,0.472,0.57,0.755,0.553,0.3
Joint 4: ,0.3,0.339,0.156,-0.165,-0.469,-0.256,-0.405,-0.374,-0.4,-0.23,-0.143,-0.045,-0.005,0.091,0.239,0.421,0.606,-0.005,-0.2
Joint 5: ,0.2,-0.176,-0.274,-0.052,0.268,0.45,0.451,0.437,0.325,0.155,0.294,0.514,0.542,0.511,0.546,0.628,0.536,0.495,0.2
Joint 6: ,0.1,0.126,0.351,0.326,0.295,0.238,-0.19,-0.234,-0.111,-0.072,-0.001,0.076,-0.027,-0.246,-0.297,-0.166,-0.094,0.141,-0.2
Trial,5,2D Sim,False,Distance Weight,0.9,Random Seed,75,Min Iterations,1200,Lazy,True,Distance cost,0.5485772341309634,Manip Cost,8.809517077806152,Total cost,1.3746712184984822,Node cost function,True,Percent Manip Threshold,0,Update Path,False,Increasing weight,False,Parent finding radius R,0.9,Step Size,0.3,Goal Area Sample Probability,0.05,Goal Area Delta,0.6
Manipulability,0.032,0.084,0.055,0.047,0.067,0.108,0.116,0.103,0.127,0.136,0.154,0.161,0.168,0.173,0.207,0.227,0.174,0.101
Distance to Last Node,0.0,0.714,0.803,0.788,0.811,0.795,0.3,0.3,0.3,0.3,0.3,0.504,0.3,0.3,0.3,0.3,0.435,0.756
Joint 0: ,-1.7,-1.886,-1.305,-0.625,0.074,0.354,0.35,0.509,0.722,1.003,1.062,1.044,1.083,1.266,1.272,1.287,1.507,1.7
Joint 1: ,-1.0,-0.763,-0.424,-0.274,-0.49,-0.61,-0.669,-0.727,-0.805,-0.86,-0.949,-0.998,-1.116,-1.068,-1.182,-1.259,-1.047,-1.0
Joint 2: ,0.2,0.667,0.586,0.795,0.656,0.259,0.452,0.403,0.394,0.412,0.299,0.508,0.499,0.373,0.471,0.718,0.505,0.5
Joint 3: ,-0.1,-0.226,-0.309,-0.228,0.08,0.533,0.503,0.446,0.506,0.548,0.549,0.703,0.55,0.621,0.617,0.747,0.53,0.3
Joint 4: ,0.3,0.091,-0.3,-0.441,-0.409,-0.652,-0.734,-0.634,-0.52,-0.592,-0.782,-0.431,-0.212,-0.04,0.139,0.198,0.18,-0.2
Joint 5: ,0.2,0.574,0.548,0.497,0.477,0.415,0.475,0.329,0.413,0.391,0.494,0.292,0.337,0.385,0.571,0.552,0.496,0.2
Joint 6: ,0.1,0.137,0.298,0.047,-0.034,-0.368,-0.563,-0.719,-0.596,-0.571,-0.433,-0.573,-0.608,-0.645,-0.666,-0.713,-0.697,-0.2
Trial,1,2D Sim,False,Distance Weight,0.85,Random Seed,15,Min Iterations,1200,Lazy,True,Distance cost,0.8620090903163744,Manip Cost,10.560694598561122,Total cost,2.3168119165530867,Node cost function,True,Percent Manip Threshold,0,Update Path,False,Increasing weight,False,Parent finding radius R,0.9,Step Size,0.3,Goal Area Sample Probability,0.05,Goal Area Delta,0.6
Manipulability,0.032,0.068,0.041,0.043,0.084,0.023,0.039,0.08,0.087,0.09,0.082,0.07,0.141,0.147,0.155,0.146,0.153,0.164,0.166,0.171,0.16,0.154,0.199,0.196,0.198,0.206,0.166,0.153,0.176,0.109
Distance to Last Node,0.0,0.435,0.857,0.875,0.639,0.73,0.812,0.439,0.3,0.3,0.3,0.3,0.398,0.3,0.3,0.3,0.385,0.3,0.3,0.557,0.821,0.3,0.3,0.3,0.3,0.3,0.591,0.3,0.3,0.711
Joint 0: ,-1.7,-1.439,-0.82,-0.099,-0.119,0.063,0.438,0.688,0.797,1.011,1.216,1.325,1.258,1.35,1.573,1.722,1.751,1.735,1.581,1.822,1.828,1.977,1.887,1.966,2.018,1.965,2.059,2.003,2.076,1.703
Joint 1: ,-1.0,-1.077,-0.625,-0.627,-0.836,-0.488,-0.387,-0.639,-0.696,-0.832,-0.859,-0.887,-1.052,-0.979,-0.915,-0.989,-0.864,-0.632,-0.604,-0.647,-1.042,-1.168,-1.327,-1.323,-1.418,-1.503,-1.275,-1.368,-1.269,-0.998
Joint 2: ,0.2,0.135,0.362,0.203,0.225,0.256,0.571,0.593,0.754,0.639,0.64,0.878,0.649,0.47,0.47,0.367,0.336,0.287,0.11,0.378,0.314,0.361,0.249,0.187,0.133,0.119,0.352,0.27,0.171,0.479
Joint 3: ,-0.1,-0.265,-0.294,0.033,0.389,-0.063,0.306,0.479,0.615,0.516,0.384,0.249,0.472,0.6,0.651,0.427,0.749,0.856,0.849,0.835,0.495,0.355,0.538,0.645,0.765,0.938,0.574,0.349,0.348,0.32
Joint 4: ,0.3,0.133,0.173,0.492,0.588,0.363,-0.128,-0.303,-0.228,-0.217,-0.225,-0.234,-0.252,-0.242,-0.114,-0.078,-0.005,0.011,-0.112,0.027,0.013,-0.156,-0.251,-0.426,-0.601,-0.646,-0.509,-0.55,-0.372,-0.181
Joint 5: ,0.2,0.407,0.235,0.269,0.133,0.224,0.18,0.163,0.016,0.008,0.072,0.113,0.255,0.273,0.391,0.409,0.36,0.503,0.486,0.651,0.415,0.373,0.388,0.276,0.101,-0.102,0.173,0.282,0.454,0.233
Joint 6: ,0.1,-0.012,0.237,0.127,-0.331,0.009,-0.167,-0.097,-0.157,-0.111,-0.272,-0.243,-0.177,-0.342,-0.399,-0.383,-0.524,-0.494,-0.358,-0.721,-0.137,-0.124,-0.088,-0.247,-0.254,-0.333,-0.418,-0.502,-0.563,-0.229
Trial,2,2D Sim,False,Distance Weight,0.85,Random Seed,30,Min Iterations,1200,Lazy,True,Distance cost,0.7020331964845813,Manip Cost,8.464172490636543,Total cost,1.8663540906073757,Node cost function,True,Percent Manip Threshold,0,Update Path,False,Increasing weight,False,Parent finding radius R,0.9,Step Size,0.3,Goal Area Sample Probability,0.05,Goal Area Delta,0.6
Manipulability,0.032,0.066,0.12,0.123,0.111,0.041,0.041,0.092,0.141,0.152,0.141,0.186,0.203,0.147,0.147,0.17,0.159,0.167,0.165,0.17,0.204,0.213,0.101
Distance to Last Node,0.0,0.424,0.893,0.797,0.3,0.639,0.873,0.81,0.3,0.3,0.3,0.516,0.3,0.83,0.3,0.449,0.3,0.3,0.3,0.3,0.3,0.3,0.796
Joint 0: ,-1.7,-1.434,-0.891,-0.215,-0.259,0.193,0.744,1.09,1.195,1.305,1.536,1.17,1.197,1.587,1.75,1.745,1.833,1.939,1.865,1.812,1.922,1.901,1.7
Joint 1: ,-1.0,-1.081,-1.021,-0.845,-0.912,-0.651,-0.39,-0.593,-0.733,-0.778,-0.776,-0.993,-1.073,-0.824,-0.728,-0.981,-0.996,-1.152,-1.217,-1.393,-1.464,-1.449,-1.0
Joint 2: ,0.2,0.282,0.087,-0.17,-0.293,-0.19,0.098,0.644,0.651,0.769,0.715,0.755,0.918,0.568,0.434,0.537,0.732,0.803,0.681,0.573,0.48,0.288,0.5
Joint 3: ,-0.1,0.187,-0.308,-0.182,-0.058,-0.038,0.36,0.384,0.583,0.732,0.673,0.739,0.892,0.694,0.857,0.592,0.542,0.638,0.692,0.627,0.668,0.794,0.3
Joint 4: ,0.3,0.357,0.235,0.071,-0.135,0.125,0.228,0.007,0.022,0.215,0.077,0.237,0.374,-0.173,-0.198,-0.286,-0.407,-0.404,-0.467,-0.426,-0.248,-0.344,-0.2
Joint 5: ,0.2,0.111,-0.124,-0.323,-0.399,-0.175,0.141,0.435,0.572,0.52,0.426,0.534,0.467,0.396,0.319,0.495,0.389,0.19,0.068,0.066,0.196,0.148,0.2
Joint 6: ,0.1,0.053,0.436,0.439,0.51,0.421,0.225,-0.021,-0.001,-0.008,-0.054,0.15,0.053,-0.047,-0.103,0.033,0.157,0.135,-0.074,0.123,0.239,0.08,-0.2
Trial,3,2D Sim,False,Distance Weight,0.85,Random Seed,45,Min Iterations,1200,Lazy,True,Distance cost,0.8622517065714852,Manip Cost,8.95908514955296,Total cost,2.0767767230187064,Node cost function,True,Percent Manip Threshold,0,Update Path,False,Increasing weight,False,Parent finding radius R,0.9,Step Size,0.3,Goal Area Sample Probability,0.05,Goal Area Delta,0.6
Manipulability,0.032,0.06,0.079,0.072,0.074,0.068,0.119,0.139,0.042,0.055,0.103,0.166,0.139,0.216,0.104,0.119,0.148,0.18,0.187,0.197,0.186,0.188,0.218,0.225,0.16,0.117,0.101
Distance to Last Node,0.0,0.662,0.884,0.459,0.852,0.3,0.8,0.3,0.646,0.852,0.737,0.3,0.3,0.467,0.655,0.809,0.3,0.3,0.3,0.3,0.3,0.3,0.721,0.3,0.659,0.419,0.134
Joint 0: ,-1.7,-1.209,-0.647,-0.507,-0.064,0.079,0.653,0.827,0.933,1.236,1.542,1.601,1.769,1.696,1.708,1.371,1.45,1.431,1.54,1.65,1.665,1.75,1.555,1.598,1.66,1.676,1.7
Joint 1: ,-1.0,-0.664,-0.598,-0.446,-0.562,-0.417,-0.599,-0.653,-0.496,-0.465,-0.224,0.016,0.065,0.147,-0.41,-0.879,-1.107,-1.241,-1.173,-1.206,-1.114,-1.067,-1.313,-1.441,-1.347,-1.06,-1.0
Joint 2: ,0.2,0.322,0.516,0.79,1.139,1.104,0.874,1.053,0.977,0.533,0.436,0.471,0.57,0.403,0.393,0.349,0.435,0.541,0.406,0.278,0.172,0.327,0.61,0.802,0.562,0.453,0.5
Joint 3: ,-0.1,-0.098,-0.179,-0.319,-0.531,-0.519,-0.499,-0.608,-0.149,0.336,0.723,0.851,0.876,0.882,0.768,0.402,0.353,0.432,0.399,0.561,0.59,0.676,0.367,0.259,0.46,0.342,0.3
Joint 4: ,0.3,0.275,-0.333,-0.365,0.111,0.268,0.234,0.341,-0.047,0.199,-0.122,-0.031,0.066,-0.226,-0.128,0.122,0.194,0.384,0.359,0.485,0.728,0.871,0.379,0.285,0.101,-0.137,-0.2
Joint 5: ,0.2,0.436,0.63,0.663,0.315,0.229,-0.041,-0.029,-0.088,0.281,0.15,0.202,0.008,0.309,0.145,0.336,0.381,0.432,0.575,0.526,0.586,0.71,0.705,0.743,0.208,0.224,0.2
Joint 6: ,0.1,-0.014,-0.112,0.154,0.151,0.028,-0.36,-0.326,-0.428,-0.495,-0.828,-0.84,-0.883,-0.935,-0.673,-0.38,-0.259,-0.135,0.047,0.173,0.091,0.207,0.148,0.034,-0.029,-0.127,-0.2
Trial,4,2D Sim,False,Distance Weight,0.85,Random Seed,60,Min Iterations,1200,Lazy,True,Distance cost,0.7330822560513575,Manip Cost,9.995781363707547,Total cost,2.122487122199786,Node cost function,True,Percent Manip Threshold,0,Update Path,False,Increasing weight,False,Parent finding radius R,0.9,Step Size,0.3,Goal Area Sample Probability,0.05,Goal Area Delta,0.6
Manipulability,0.032,0.139,0.117,0.034,0.03,0.073,0.06,0.082,0.098,0.102,0.122,0.112,0.107,0.15,0.151,0.175,0.157,0.18,0.185,0.173,0.202,0.17,0.101
Distance to Last Node,0.0,0.668,0.542,0.612,0.7,0.778,0.685,0.89,0.3,0.568,0.3,0.3,0.3,0.654,0.3,0.487,0.646,0.3,0.3,0.463,0.3,0.355,0.65
Joint 0: ,-1.7,-1.481,-1.111,-0.762,-0.231,0.413,0.764,1.21,1.31,1.202,1.283,1.384,1.457,1.329,1.391,1.173,1.559,1.562,1.593,1.57,1.7,1.662,1.7
Joint 1: ,-1.0,-0.769,-0.562,-0.297,-0.374,-0.411,-0.452,-0.71,-0.847,-0.741,-0.712,-0.6,-0.558,-0.841,-0.88,-0.928,-1.012,-1.046,-0.986,-1.068,-1.261,-0.942,-1.0
Joint 2: ,0.2,0.545,0.658,0.801,0.864,0.949,0.789,0.711,0.733,0.688,0.583,0.743,0.808,0.402,0.189,0.396,0.139,-0.076,-0.245,0.048,0.146,0.14,0.5
Joint 3: ,-0.1,-0.388,-0.302,-0.21,-0.153,-0.454,-0.489,0.06,0.239,0.199,0.347,0.444,0.464,0.469,0.428,0.532,0.467,0.602,0.711,0.427,0.347,0.461,0.3
Joint 4: ,0.3,0.339,0.156,-0.165,-0.469,-0.657,-0.183,-0.374,-0.4,-0.156,0.007,0.118,0.311,0.153,0.105,0.344,0.056,-0.067,-0.251,-0.215,-0.226,-0.226,-0.2
Joint 5: ,0.2,-0.176,-0.274,-0.052,0.268,0.034,0.329,0.437,0.325,0.475,0.601,0.592,0.616,0.635,0.623,0.758,0.457,0.518,0.612,0.556,0.64,0.7,0.2
Joint 6: ,0.1,0.126,0.351,0.326,0.295,0.258,0.18,-0.234,-0.111,-0.573,-0.658,-0.799,-1.0,-0.625,-0.813,-0.572,-0.708,-0.635,-0.685,-0.495,-0.382,-0.307,-0.2
Trial,5,2D Sim,False,Distance Weight,0.85,Random Seed,75,Min Iterations,1200,Lazy,True,Distance cost,0.667940095678955,Manip Cost,8.488262660807969,Total cost,1.8409884804483072,Node cost function,True,Percent Manip Threshold,0,Update Path,False,Increasing weight,False,Parent finding radius R,0.9,Step Size,0.3,Goal Area Sample Probability,0.05,Goal Area Delta,0.6
Manipulability,0.032,0.084,0.055,0.047,0.067,0.081,0.108,0.116,0.127,0.103,0.127,0.136,0.154,0.161,0.168,0.173,0.207,0.227,0.244,0.262,0.174,0.101
Distance to Last Node,0.0,0.714,0.803,0.788,0.811,0.556,0.3,0.3,0.533,0.634,0.3,0.3,0.3,0.504,0.3,0.3,0.3,0.3,0.3,0.3,0.713,0.756
Joint 0: ,-1.7,-1.886,-1.305,-0.625,0.074,0.244,0.354,0.35,0.31,0.509,0.722,1.003,1.062,1.044,1.083,1.266,1.272,1.287,1.355,1.547,1.507,1.7
Joint 1: ,-1.0,-0.763,-0.424,-0.274,-0.49,-0.473,-0.61,-0.669,-0.455,-0.727,-0.805,-0.86,-0.949,-0.998,-1.116,-1.068,-1.182,-1.259,-1.366,-1.476,-1.047,-1.0
Joint 2: ,0.2,0.667,0.586,0.795,0.656,0.337,0.259,0.452,0.074,0.403,0.394,0.412,0.299,0.508,0.499,0.373,0.471,0.718,0.907,0.889,0.505,0.5
Joint 3: ,-0.1,-0.226,-0.309,-0.228,0.08,0.344,0.533,0.503,0.679,0.446,0.506,0.548,0.549,0.703,0.55,0.621,0.617,0.747,0.714,0.793,0.53,0.3
Joint 4: ,0.3,0.091,-0.3,-0.441,-0.409,-0.661,-0.652,-0.734,-0.562,-0.634,-0.52,-0.592,-0.782,-0.431,-0.212,-0.04,0.139,0.198,0.344,0.247,0.18,-0.2
Joint 5: ,0.2,0.574,0.548,0.497,0.477,0.462,0.415,0.475,0.426,0.329,0.413,0.391,0.494,0.292,0.337,0.385,0.571,0.552,0.603,0.747,0.496,0.2
Joint 6: ,0.1,0.137,0.298,0.047,-0.034,-0.245,-0.368,-0.563,-0.387,-0.719,-0.596,-0.571,-0.433,-0.573,-0.608,-0.645,-0.666,-0.713,-0.827,-0.895,-0.697,-0.2
Trial,1,2D Sim,False,Distance Weight,0.8,Random Seed,15,Min Iterations,1200,Lazy,True,Distance cost,1.070936973705085,Manip Cost,10.29252125689549,Total cost,2.9152538303431657,Node cost function,True,Percent Manip Threshold,0,Update Path,False,Increasing weight,False,Parent finding radius R,0.9,Step Size,0.3,Goal Area Sample Probability,0.05,Goal Area Delta,0.6
Manipulability,0.032,0.068,0.041,0.043,0.084,0.023,0.039,0.08,0.087,0.09,0.082,0.07,0.141,0.147,0.104,0.155,0.146,0.153,0.184,0.128,0.164,0.166,0.171,0.16,0.154,0.199,0.196,0.198,0.206,0.166,0.153,0.176,0.109
Distance to Last Node,0.0,0.435,0.857,0.875,0.639,0.73,0.812,0.439,0.3,0.3,0.3,0.3,0.398,0.3,0.751,0.821,0.3,0.385,0.715,0.852,0.623,0.3,0.557,0.821,0.3,0.3,0.3,0.3,0.3,0.591,0.3,0.3,0.711
Joint 0: ,-1.7,-1.439,-0.82,-0.099,-0.119,0.063,0.438,0.688,0.797,1.011,1.216,1.325,1.258,1.35,1.385,1.573,1.722,1.751,1.25,1.889,1.735,1.581,1.822,1.828,1.977,1.887,1.966,2.018,1.965,2.059,2.003,2.076,1.703
Joint 1: ,-1.0,-1.077,-0.625,-0.627,-0.836,-0.488,-0.387,-0.639,-0.696,-0.832,-0.859,-0.887,-1.052,-0.979,-1.06,-0.915,-0.989,-0.864,-1.054,-0.821,-0.632,-0.604,-0.647,-1.042,-1.168,-1.327,-1.323,-1.418,-1.503,-1.275,-1.368,-1.269,-0.998
Joint 2: ,0.2,0.135,0.362,0.203,0.225,0.256,0.571,0.593,0.754,0.639,0.64,0.878,0.649,0.47,1.022,0.47,0.367,0.336,0.519,0.469,0.287,0.11,0.378,0.314,0.361,0.249,0.187,0.133,0.119,0.352,0.27,0.171,0.479
Joint 3: ,-0.1,-0.265,-0.294,0.033,0.389,-0.063,0.306,0.479,0.615,0.516,0.384,0.249,0.472,0.6,0.386,0.651,0.427,0.749,0.738,0.363,0.856,0.849,0.835,0.495,0.355,0.538,0.645,0.765,0.938,0.574,0.349,0.348,0.32
Joint 4: ,0.3,0.133,0.173,0.492,0.588,0.363,-0.128,-0.303,-0.228,-0.217,-0.225,-0.234,-0.252,-0.242,0.046,-0.114,-0.078,-0.005,-0.405,-0.075,0.011,-0.112,0.027,0.013,-0.156,-0.251,-0.426,-0.601,-0.646,-0.509,-0.55,-0.372,-0.181
Joint 5: ,0.2,0.407,0.235,0.269,0.133,0.224,0.18,0.163,0.016,0.008,0.072,0.113,0.255,0.273,0.085,0.391,0.409,0.36,0.433,0.504,0.503,0.486,0.651,0.415,0.373,0.388,0.276,0.101,-0.102,0.173,0.282,0.454,0.233
Joint 6: ,0.1,-0.012,0.237,0.127,-0.331,0.009,-0.167,-0.097,-0.157,-0.111,-0.272,-0.243,-0.177,-0.342,-0.048,-0.399,-0.383,-0.524,-0.364,-0.281,-0.494,-0.358,-0.721,-0.137,-0.124,-0.088,-0.247,-0.254,-0.333,-0.418,-0.502,-0.563,-0.229
Trial,2,2D Sim,False,Distance Weight,0.8,Random Seed,30,Min Iterations,1200,Lazy,True,Distance cost,0.7703763027252483,Manip Cost,8.171987499857226,Total cost,2.2506985421516434,Node cost function,True,Percent Manip Threshold,0,Update Path,False,Increasing weight,False,Parent finding radius R,0.9,Step Size,0.3,Goal Area Sample Probability,0.05,Goal Area Delta,0.6
Manipulability,0.032,0.066,0.12,0.123,0.111,0.041,0.041,0.092,0.141,0.152,0.141,0.186,0.203,0.147,0.147,0.17,0.159,0.167,0.165,0.17,0.204,0.213,0.239,0.184,0.101
Distance to Last Node,0.0,0.424,0.893,0.797,0.3,0.639,0.873,0.81,0.3,0.3,0.3,0.516,0.3,0.83,0.3,0.449,0.3,0.3,0.3,0.3,0.3,0.3,0.3,0.797,0.734
Joint 0: ,-1.7,-1.434,-0.891,-0.215,-0.259,0.193,0.744,1.09,1.195,1.305,1.536,1.17,1.197,1.587,1.75,1.745,1.833,1.939,1.865,1.812,1.922,1.901,2.01,1.986,1.7
Joint 1: ,-1.0,-1.081,-1.021,-0.845,-0.912,-0.651,-0.39,-0.593,-0.733,-0.778,-0.776,-0.993,-1.073,-0.824,-0.728,-0.981,-0.996,-1.152,-1.217,-1.393,-1.464,-1.449,-1.522,-1.294,-1.0
Joint 2: ,0.2,0.282,0.087,-0.17,-0.293,-0.19,0.098,0.644,0.651,0.769,0.715,0.755,0.918,0.568,0.434,0.537,0.732,0.803,0.681,0.573,0.48,0.288,0.144,0.643,0.5
Joint 3: ,-0.1,0.187,-0.308,-0.182,-0.058,-0.038,0.36,0.384,0.583,0.732,0.673,0.739,0.892,0.694,0.857,0.592,0.542,0.638,0.692,0.627,0.668,0.794,0.927,0.416,0.3
Joint 4: ,0.3,0.357,0.235,0.071,-0.135,0.125,0.228,0.007,0.022,0.215,0.077,0.237,0.374,-0.173,-0.198,-0.286,-0.407,-0.404,-0.467,-0.426,-0.248,-0.344,-0.514,-0.649,-0.2
Joint 5: ,0.2,0.111,-0.124,-0.323,-0.399,-0.175,0.141,0.435,0.572,0.52,0.426,0.534,0.467,0.396,0.319,0.495,0.389,0.19,0.068,0.066,0.196,0.148,0.222,0.454,0.2
Joint 6: ,0.1,0.053,0.436,0.439,0.51,0.421,0.225,-0.021,-0.001,-0.008,-0.054,0.15,0.053,-0.047,-0.103,0.033,0.157,0.135,-0.074,0.123,0.239,0.08,0.091,0.065,-0.2
Trial,3,2D Sim,False,Distance Weight,0.8,Random Seed,45,Min Iterations,1200,Lazy,True,Distance cost,0.8622517065714852,Manip Cost,8.95908514955296,Total cost,2.4816183951677795,Node cost function,True,Percent Manip Threshold,0,Update Path,False,Increasing weight,False,Parent finding radius R,0.9,Step Size,0.3,Goal Area Sample Probability,0.05,Goal Area Delta,0.6
Manipulability,0.032,0.06,0.079,0.072,0.074,0.068,0.119,0.139,0.042,0.055,0.103,0.166,0.139,0.216,0.104,0.119,0.148,0.18,0.187,0.197,0.186,0.188,0.218,0.225,0.16,0.117,0.101
Distance to Last Node,0.0,0.662,0.884,0.459,0.852,0.3,0.8,0.3,0.646,0.852,0.737,0.3,0.3,0.467,0.655,0.809,0.3,0.3,0.3,0.3,0.3,0.3,0.721,0.3,0.659,0.419,0.134
Joint 0: ,-1.7,-1.209,-0.647,-0.507,-0.064,0.079,0.653,0.827,0.933,1.236,1.542,1.601,1.769,1.696,1.708,1.371,1.45,1.431,1.54,1.65,1.665,1.75,1.555,1.598,1.66,1.676,1.7
Joint 1: ,-1.0,-0.664,-0.598,-0.446,-0.562,-0.417,-0.599,-0.653,-0.496,-0.465,-0.224,0.016,0.065,0.147,-0.41,-0.879,-1.107,-1.241,-1.173,-1.206,-1.114,-1.067,-1.313,-1.441,-1.347,-1.06,-1.0
Joint 2: ,0.2,0.322,0.516,0.79,1.139,1.104,0.874,1.053,0.977,0.533,0.436,0.471,0.57,0.403,0.393,0.349,0.435,0.541,0.406,0.278,0.172,0.327,0.61,0.802,0.562,0.453,0.5
Joint 3: ,-0.1,-0.098,-0.179,-0.319,-0.531,-0.519,-0.499,-0.608,-0.149,0.336,0.723,0.851,0.876,0.882,0.768,0.402,0.353,0.432,0.399,0.561,0.59,0.676,0.367,0.259,0.46,0.342,0.3
Joint 4: ,0.3,0.275,-0.333,-0.365,0.111,0.268,0.234,0.341,-0.047,0.199,-0.122,-0.031,0.066,-0.226,-0.128,0.122,0.194,0.384,0.359,0.485,0.728,0.871,0.379,0.285,0.101,-0.137,-0.2
Joint 5: ,0.2,0.436,0.63,0.663,0.315,0.229,-0.041,-0.029,-0.088,0.281,0.15,0.202,0.008,0.309,0.145,0.336,0.381,0.432,0.575,0.526,0.586,0.71,0.705,0.743,0.208,0.224,0.2
Joint 6: ,0.1,-0.014,-0.112,0.154,0.151,0.028,-0.36,-0.326,-0.428,-0.495,-0.828,-0.84,-0.883,-0.935,-0.673,-0.38,-0.259,-0.135,0.047,0.173,0.091,0.207,0.148,0.034,-0.029,-0.127,-0.2
Trial,4,2D Sim,False,Distance Weight,0.8,Random Seed,60,Min Iterations,1200,Lazy,True,Distance cost,0.811847811953825,Manip Cost,9.711836395352181,Total cost,2.591845528633496,Node cost function,True,Percent Manip Threshold,0,Update Path,False,Increasing weight,False,Parent finding radius R,0.9,Step Size,0.3,Goal Area Sample Probability,0.05,Goal Area Delta,0.6
Manipulability,0.032,0.139,0.117,0.034,0.03,0.073,0.06,0.082,0.098,0.102,0.122,0.112,0.107,0.15,0.151,0.175,0.157,0.18,0.185,0.173,0.15,0.138,0.202,0.17,0.115,0.101
Distance to Last Node,0.0,0.668,0.542,0.612,0.7,0.778,0.685,0.89,0.3,0.568,0.3,0.3,0.3,0.654,0.3,0.487,0.646,0.3,0.3,0.463,0.417,0.3,0.626,0.355,0.62,0.179
Joint 0: ,-1.7,-1.481,-1.111,-0.762,-0.231,0.413,0.764,1.21,1.31,1.202,1.283,1.384,1.457,1.329,1.391,1.173,1.559,1.562,1.593,1.57,1.738,1.873,1.7,1.662,1.765,1.7
Joint 1: ,-1.0,-0.769,-0.562,-0.297,-0.374,-0.411,-0.452,-0.71,-0.847,-0.741,-0.712,-0.6,-0.558,-0.841,-0.88,-0.928,-1.012,-1.046,-0.986,-1.068,-1.075,-1.115,-1.261,-0.942,-1.043,-1.0
Joint 2: ,0.2,0.545,0.658,0.801,0.864,0.949,0.789,0.711,0.733,0.688,0.583,0.743,0.808,0.402,0.189,0.396,0.139,-0.076,-0.245,0.048,0.241,0.308,0.146,0.14,0.428,0.5
Joint 3: ,-0.1,-0.388,-0.302,-0.21,-0.153,-0.454,-0.489,0.06,0.239,0.199,0.347,0.444,0.464,0.469,0.428,0.532,0.467,0.602,0.711,0.427,0.475,0.474,0.347,0.461,0.365,0.3
Joint 4: ,0.3,0.339,0.156,-0.165,-0.469,-0.657,-0.183,-0.374,-0.4,-0.156,0.007,0.118,0.311,0.153,0.105,0.344,0.056,-0.067,-0.251,-0.215,-0.02,0.094,-0.226,-0.226,-0.09,-0.2
Joint 5: ,0.2,-0.176,-0.274,-0.052,0.268,0.034,0.329,0.437,0.325,0.475,0.601,0.592,0.616,0.635,0.623,0.758,0.457,0.518,0.612,0.556,0.31,0.197,0.64,0.7,0.199,0.2
Joint 6: ,0.1,0.126,0.351,0.326,0.295,0.258,0.18,-0.234,-0.111,-0.573,-0.658,-0.799,-1.0,-0.625,-0.813,-0.572,-0.708,-0.635,-0.685,-0.495,-0.582,-0.382,-0.382,-0.307,-0.268,-0.2
Trial,5,2D Sim,False,Distance Weight,0.8,Random Seed,75,Min Iterations,1200,Lazy,True,Distance cost,0.712036210884762,Manip Cost,8.38820868098734,Total cost,2.247270704905277,Node cost function,True,Percent Manip Threshold,0,Update Path,False,Increasing weight,False,Parent finding radius R,0.9,Step Size,0.3,Goal Area Sample Probability,0.05,Goal Area Delta,0.6
Manipulability,0.032,0.084,0.055,0.047,0.067,0.081,0.108,0.116,0.127,0.103,0.127,0.136,0.154,0.161,0.168,0.162,0.173,0.207,0.227,0.244,0.262,0.174,0.101
Distance to Last Node,0.0,0.714,0.803,0.788,0.811,0.556,0.3,0.3,0.533,0.634,0.3,0.3,0.3,0.504,0.3,0.454,0.514,0.3,0.3,0.3,0.3,0.713,0.756
Joint 0: ,-1.7,-1.886,-1.305,-0.625,0.074,0.244,0.354,0.35,0.31,0.509,0.722,1.003,1.062,1.044,1.083,1.134,1.266,1.272,1.287,1.355,1.547,1.507,1.7
Joint 1: ,-1.0,-0.763,-0.424,-0.274,-0.49,-0.473,-0.61,-0.669,-0.455,-0.727,-0.805,-0.86,-0.949,-0.998,-1.116,-0.877,-1.068,-1.182,-1.259,-1.366,-1.476,-1.047,-1.0
Joint 2: ,0.2,0.667,0.586,0.795,0.656,0.337,0.259,0.452,0.074,0.403,0.394,0.412,0.299,0.508,0.499,0.342,0.373,0.471,0.718,0.907,0.889,0.505,0.5
Joint 3: ,-0.1,-0.226,-0.309,-0.228,0.08,0.344,0.533,0.503,0.679,0.446,0.506,0.548,0.549,0.703,0.55,0.599,0.621,0.617,0.747,0.714,0.793,0.53,0.3
Joint 4: ,0.3,0.091,-0.3,-0.441,-0.409,-0.661,-0.652,-0.734,-0.562,-0.634,-0.52,-0.592,-0.782,-0.431,-0.212,-0.438,-0.04,0.139,0.198,0.344,0.247,0.18,-0.2
Joint 5: ,0.2,0.574,0.548,0.497,0.477,0.462,0.415,0.475,0.426,0.329,0.413,0.391,0.494,0.292,0.337,0.594,0.385,0.571,0.552,0.603,0.747,0.496,0.2
Joint 6: ,0.1,0.137,0.298,0.047,-0.034,-0.245,-0.368,-0.563,-0.387,-0.719,-0.596,-0.571,-0.433,-0.573,-0.608,-0.566,-0.645,-0.666,-0.713,-0.827,-0.895,-0.697,-0.2
Trial,1,2D Sim,False,Distance Weight,0.7,Random Seed,15,Min Iterations,1200,Lazy,True,Distance cost,1.2671466984063038,Manip Cost,9.746249496616139,Total cost,3.8108775378692545,Node cost function,True,Percent Manip Threshold,0,Update Path,False,Increasing weight,False,Parent finding radius R,0.9,Step Size,0.3,Goal Area Sample Probability,0.05,Goal Area Delta,0.6
Manipulability,0.032,0.068,0.041,0.043,0.084,0.023,0.039,0.08,0.087,0.09,0.082,0.07,0.141,0.147,0.104,0.155,0.146,0.153,0.184,0.128,0.164,0.166,0.171,0.16,0.154,0.199,0.196,0.198,0.206,0.166,0.13,0.124,0.175,0.203,0.234,0.153,0.176,0.109
Distance to Last Node,0.0,0.435,0.857,0.875,0.639,0.73,0.812,0.439,0.3,0.3,0.3,0.3,0.398,0.3,0.751,0.821,0.3,0.385,0.715,0.852,0.623,0.3,0.557,0.821,0.3,0.3,0.3,0.3,0.3,0.591,0.3,0.3,0.869,0.3,0.798,0.704,0.3,0.711
Joint 0: ,-1.7,-1.439,-0.82,-0.099,-0.119,0.063,0.438,0.688,0.797,1.011,1.216,1.325,1.258,1.35,1.385,1.573,1.722,1.751,1.25,1.889,1.735,1.581,1.822,1.828,1.977,1.887,1.966,2.018,1.965,2.059,2.026,2.08,1.919,1.95,1.932,2.003,2.076,1.703
Joint 1: ,-1.0,-1.077,-0.625,-0.627,-0.836,-0.488,-0.387,-0.639,-0.696,-0.832,-0.859,-0.887,-1.052,-0.979,-1.06,-0.915,-0.989,-0.864,-1.054,-0.821,-0.632,-0.604,-0.647,-1.042,-1.168,-1.327,-1.323,-1.418,-1.503,-1.275,-1.425,-1.464,-1.036,-1.14,-1.34,-1.368,-1.269,-0.998
Joint 2: ,0.2,0.135,0.362,0.203,0.225,0.256,0.571,0.593,0.754,0.639,0.64,0.878,0.649,0.47,1.022,0.47,0.367,0.336,0.519,0.469,0.287,0.11,0.378,0.314,0.361,0.249,0.187,0.133,0.119,0.352,0.301,0.56,0.247,0.084,0.195,0.27,0.171,0.479
Joint 3: ,-0.1,-0.265,-0.294,0.033,0.389,-0.063,0.306,0.479,0.615,0.516,0.384,0.249,0.472,0.6,0.386,0.651,0.427,0.749,0.738,0.363,0.856,0.849,0.835,0.495,0.355,0.538,0.645,0.765,0.938,0.574,0.515,0.47,0.82,0.841,0.585,0.349,0.348,0.32
Joint 4: ,0.3,0.133,0.173,0.492,0.588,0.363,-0.128,-0.303,-0.228,-0.217,-0.225,-0.234,-0.252,-0.242,0.046,-0.114,-0.078,-0.005,-0.405,-0.075,0.011,-0.112,0.027,0.013,-0.156,-0.251,-0.426,-0.601,-0.646,-0.509,-0.443,-0.331,0.118,0.234,-0.258,-0.55,-0.372,-0.181
Joint 5: ,0.2,0.407,0.235,0.269,0.133,0.224,0.18,0.163,0.016,0.008,0.072,0.113,0.255,0.273,0.085,0.391,0.409,0.36,0.433,0.504,0.503,0.486,0.651,0.415,0.373,0.388,0.276,0.101,-0.102,0.173,-0.059,-0.037,0.298,0.486,0.675,0.282,0.454,0.233
Joint 6: ,0.1,-0.012,0.237,0.127,-0.331,0.009,-0.167,-0.097,-0.157,-0.111,-0.272,-0.243,-0.177,-0.342,-0.048,-0.399,-0.383,-0.524,-0.364,-0.281,-0.494,-0.358,-0.721,-0.137,-0.124,-0.088,-0.247,-0.254,-0.333,-0.418,-0.463,-0.405,-0.508,-0.558,-0.068,-0.502,-0.563,-0.229
Trial,2,2D Sim,False,Distance Weight,0.7,Random Seed,30,Min Iterations,1200,Lazy,True,Distance cost,0.9424563364709083,Manip Cost,7.902781102719747,Total cost,3.0305537663455606,Node cost function,True,Percent Manip Threshold,0,Update Path,False,Increasing weight,False,Parent finding radius R,0.9,Step Size,0.3,Goal Area Sample Probability,0.05,Goal Area Delta,0.6
Manipulability,0.032,0.066,0.12,0.123,0.111,0.041,0.041,0.092,0.141,0.152,0.141,0.186,0.203,0.147,0.147,0.164,0.17,0.159,0.167,0.165,0.182,0.186,0.17,0.204,0.213,0.239,0.184,0.101
Distance to Last Node,0.0,0.424,0.893,0.797,0.3,0.639,0.873,0.81,0.3,0.3,0.3,0.516,0.3,0.83,0.3,0.773,0.821,0.3,0.3,0.3,0.645,0.3,0.816,0.3,0.3,0.3,0.797,0.734
Joint 0: ,-1.7,-1.434,-0.891,-0.215,-0.259,0.193,0.744,1.09,1.195,1.305,1.536,1.17,1.197,1.587,1.75,1.449,1.745,1.833,1.939,1.865,1.821,1.769,1.812,1.922,1.901,2.01,1.986,1.7
Joint 1: ,-1.0,-1.081,-1.021,-0.845,-0.912,-0.651,-0.39,-0.593,-0.733,-0.778,-0.776,-0.993,-1.073,-0.824,-0.728,-0.771,-0.981,-0.996,-1.152,-1.217,-1.04,-0.996,-1.393,-1.464,-1.449,-1.522,-1.294,-1.0
Joint 2: ,0.2,0.282,0.087,-0.17,-0.293,-0.19,0.098,0.644,0.651,0.769,0.715,0.755,0.918,0.568,0.434,0.694,0.537,0.732,0.803,0.681,0.757,0.914,0.573,0.48,0.288,0.144,0.643,0.5
Joint 3: ,-0.1,0.187,-0.308,-0.182,-0.058,-0.038,0.36,0.384,0.583,0.732,0.673,0.739,0.892,0.694,0.857,0.849,0.592,0.542,0.638,0.692,0.668,0.843,0.627,0.668,0.794,0.927,0.416,0.3
Joint 4: ,0.3,0.357,0.235,0.071,-0.135,0.125,0.228,0.007,0.022,0.215,0.077,0.237,0.374,-0.173,-0.198,0.35,-0.286,-0.407,-0.404,-0.467,-0.514,-0.649,-0.426,-0.248,-0.344,-0.514,-0.649,-0.2
Joint 5: ,0.2,0.111,-0.124,-0.323,-0.399,-0.175,0.141,0.435,0.572,0.52,0.426,0.534,0.467,0.396,0.319,0.689,0.495,0.389,0.19,0.068,0.466,0.456,0.066,0.196,0.148,0.222,0.454,0.2
Joint 6: ,0.1,0.053,0.436,0.439,0.51,0.421,0.225,-0.021,-0.001,-0.008,-0.054,0.15,0.053,-0.047,-0.103,-0.064,0.033,0.157,0.135,-0.074,0.39,0.497,0.123,0.239,0.08,0.091,0.065,-0.2
Trial,3,2D Sim,False,Distance Weight,0.7,Random Seed,45,Min Iterations,1200,Lazy,True,Distance cost,0.9426255402878378,Manip Cost,8.755639563015055,Total cost,3.2865297471060035,Node cost function,True,Percent Manip Threshold,0,Update Path,False,Increasing weight,False,Parent finding radius R,0.9,Step Size,0.3,Goal Area Sample Probability,0.05,Goal Area Delta,0.6
Manipulability,0.032,0.06,0.079,0.072,0.074,0.068,0.119,0.139,0.042,0.055,0.103,0.166,0.139,0.216,0.104,0.119,0.148,0.18,0.187,0.197,0.186,0.188,0.149,0.218,0.225,0.154,0.16,0.136,0.101
Distance to Last Node,0.0,0.662,0.884,0.459,0.852,0.3,0.8,0.3,0.646,0.852,0.737,0.3,0.3,0.467,0.655,0.809,0.3,0.3,0.3,0.3,0.3,0.3,0.838,0.437,0.3,0.772,0.3,0.3,0.502
Joint 0: ,-1.7,-1.209,-0.647,-0.507,-0.064,0.079,0.653,0.827,0.933,1.236,1.542,1.601,1.769,1.696,1.708,1.371,1.45,1.431,1.54,1.65,1.665,1.75,1.384,1.555,1.598,1.622,1.66,1.701,1.7
Joint 1: ,-1.0,-0.664,-0.598,-0.446,-0.562,-0.417,-0.599,-0.653,-0.496,-0.465,-0.224,0.016,0.065,0.147,-0.41,-0.879,-1.107,-1.241,-1.173,-1.206,-1.114,-1.067,-1.085,-1.313,-1.441,-1.194,-1.347,-1.337,-1.0
Joint 2: ,0.2,0.322,0.516,0.79,1.139,1.104,0.874,1.053,0.977,0.533,0.436,0.471,0.57,0.403,0.393,0.349,0.435,0.541,0.406,0.278,0.172,0.327,0.385,0.61,0.802,0.348,0.562,0.681,0.5
Joint 3: ,-0.1,-0.098,-0.179,-0.319,-0.531,-0.519,-0.499,-0.608,-0.149,0.336,0.723,0.851,0.876,0.882,0.768,0.402,0.353,0.432,0.399,0.561,0.59,0.676,0.176,0.367,0.259,0.436,0.46,0.295,0.3
Joint 4: ,0.3,0.275,-0.333,-0.365,0.111,0.268,0.234,0.341,-0.047,0.199,-0.122,-0.031,0.066,-0.226,-0.128,0.122,0.194,0.384,0.359,0.485,0.728,0.871,0.336,0.379,0.285,0.003,0.101,-0.072,-0.2
Joint 5: ,0.2,0.436,0.63,0.663,0.315,0.229,-0.041,-0.029,-0.088,0.281,0.15,0.202,0.008,0.309,0.145,0.336,0.381,0.432,0.575,0.526,0.586,0.71,0.561,0.705,0.743,0.277,0.208,0.254,0.2
Joint 6: ,0.1,-0.014,-0.112,0.154,0.151,0.028,-0.36,-0.326,-0.428,-0.495,-0.828,-0.84,-0.883,-0.935,-0.673,-0.38,-0.259,-0.135,0.047,0.173,0.091,0.207,0.13,0.148,0.034,0.036,-0.029,0.094,-0.2
Trial,4,2D Sim,False,Distance Weight,0.7,Random Seed,60,Min Iterations,1200,Lazy,True,Distance cost,1.0567653693104637,Manip Cost,9.172940518084323,Total cost,3.4916179139426218,Node cost function,True,Percent Manip Threshold,0,Update Path,False,Increasing weight,False,Parent finding radius R,0.9,Step Size,0.3,Goal Area Sample Probability,0.05,Goal Area Delta,0.6
Manipulability,0.032,0.139,0.117,0.034,0.03,0.073,0.06,0.082,0.098,0.102,0.097,0.122,0.112,0.107,0.15,0.151,0.175,0.157,0.18,0.185,0.173,0.15,0.138,0.156,0.185,0.192,0.187,0.168,0.179,0.14,0.101
Distance to Last Node,0.0,0.668,0.542,0.612,0.7,0.778,0.685,0.89,0.3,0.568,0.678,0.851,0.3,0.3,0.654,0.3,0.487,0.646,0.3,0.3,0.463,0.417,0.3,0.849,0.3,0.3,0.537,0.3,0.482,0.768,0.723
Joint 0: ,-1.7,-1.481,-1.111,-0.762,-0.231,0.413,0.764,1.21,1.31,1.202,1.308,1.283,1.384,1.457,1.329,1.391,1.173,1.559,1.562,1.593,1.57,1.738,1.873,1.931,2.006,2.104,2.089,2.236,1.908,1.703,1.7
Joint 1: ,-1.0,-0.769,-0.562,-0.297,-0.374,-0.411,-0.452,-0.71,-0.847,-0.741,-0.986,-0.712,-0.6,-0.558,-0.841,-0.88,-0.928,-1.012,-1.046,-0.986,-1.068,-1.075,-1.115,-1.2,-1.299,-1.311,-1.34,-1.409,-1.4,-0.976,-1.0
Joint 2: ,0.2,0.545,0.658,0.801,0.864,0.949,0.789,0.711,0.733,0.688,0.805,0.583,0.743,0.808,0.402,0.189,0.396,0.139,-0.076,-0.245,0.048,0.241,0.308,0.31,0.1,0.016,0.015,-0.079,0.168,0.419,0.5
Joint 3: ,-0.1,-0.388,-0.302,-0.21,-0.153,-0.454,-0.489,0.06,0.239,0.199,0.321,0.347,0.444,0.464,0.469,0.428,0.532,0.467,0.602,0.711,0.427,0.475,0.474,0.554,0.624,0.503,0.777,0.66,0.819,0.553,0.3
Joint 4: ,0.3,0.339,0.156,-0.165,-0.469,-0.657,-0.183,-0.374,-0.4,-0.156,-0.23,0.007,0.118,0.311,0.153,0.105,0.344,0.056,-0.067,-0.251,-0.215,-0.02,0.094,-0.447,-0.333,-0.35,-0.374,-0.549,-0.389,-0.656,-0.2
Joint 5: ,0.2,-0.176,-0.274,-0.052,0.268,0.034,0.329,0.437,0.325,0.475,0.155,0.601,0.592,0.616,0.635,0.623,0.758,0.457,0.518,0.612,0.556,0.31,0.197,0.176,0.229,0.381,0.053,-0.01,-0.112,0.28,0.2
Joint 6: ,0.1,0.126,0.351,0.326,0.295,0.258,0.18,-0.234,-0.111,-0.573,-0.072,-0.658,-0.799,-1.0,-0.625,-0.813,-0.572,-0.708,-0.635,-0.685,-0.495,-0.582,-0.382,0.259,0.357,0.546,0.223,0.143,0.195,0.287,-0.2
Trial,5,2D Sim,False,Distance Weight,0.7,Random Seed,75,Min Iterations,1200,Lazy,True,Distance cost,0.96808285126293,Manip Cost,8.055711177351426,Total cost,3.094371349089479,Node cost function,True,Percent Manip Threshold,0,Update Path,False,Increasing weight,False,Parent finding radius R,0.9,Step Size,0.3,Goal Area Sample Probability,0.05,Goal Area Delta,0.6
Manipulability,0.032,0.084,0.055,0.047,0.067,0.081,0.108,0.116,0.127,0.103,0.099,0.127,0.136,0.154,0.161,0.148,0.138,0.13,0.168,0.162,0.173,0.207,0.227,0.244,0.262,0.174,0.155,0.194,0.185,0.101
Distance to Last Node,0.0,0.714,0.803,0.788,0.811,0.556,0.3,0.3,0.533,0.634,0.3,0.482,0.3,0.3,0.504,0.673,0.478,0.42,0.786,0.454,0.514,0.3,0.3,0.3,0.3,0.713,0.899,0.3,0.3,0.595
Joint 0: ,-1.7,-1.886,-1.305,-0.625,0.074,0.244,0.354,0.35,0.31,0.509,0.506,0.722,1.003,1.062,1.044,1.166,1.242,1.397,1.083,1.134,1.266,1.272,1.287,1.355,1.547,1.507,1.951,1.967,1.98,1.7
Joint 1: ,-1.0,-0.763,-0.424,-0.274,-0.49,-0.473,-0.61,-0.669,-0.455,-0.727,-0.794,-0.805,-0.86,-0.949,-0.998,-0.851,-0.925,-0.872,-1.116,-0.877,-1.068,-1.182,-1.259,-1.366,-1.476,-1.047,-1.251,-1.326,-1.407,-1.0
Joint 2: ,0.2,0.667,0.586,0.795,0.656,0.337,0.259,0.452,0.074,0.403,0.646,0.394,0.412,0.299,0.508,0.159,0.254,0.333,0.499,0.342,0.373,0.471,0.718,0.907,0.889,0.505,0.348,0.375,0.381,0.5
Joint 3: ,-0.1,-0.226,-0.309,-0.228,0.08,0.344,0.533,0.503,0.679,0.446,0.374,0.506,0.548,0.549,0.703,0.686,0.42,0.477,0.55,0.599,0.621,0.617,0.747,0.714,0.793,0.53,0.611,0.543,0.433,0.3
Joint 4: ,0.3,0.091,-0.3,-0.441,-0.409,-0.661,-0.652,-0.734,-0.562,-0.634,-0.659,-0.52,-0.592,-0.782,-0.431,-0.931,-0.638,-0.44,-0.212,-0.438,-0.04,0.139,0.198,0.344,0.247,0.18,-0.139,-0.097,-0.268,-0.2
Joint 5: ,0.2,0.574,0.548,0.497,0.477,0.462,0.415,0.475,0.426,0.329,0.273,0.413,0.391,0.494,0.292,0.498,0.458,0.379,0.337,0.594,0.385,0.571,0.552,0.603,0.747,0.496,0.065,0.342,0.346,0.2
Joint 6: ,0.1,0.137,0.298,0.047,-0.034,-0.245,-0.368,-0.563,-0.387,-0.719,-0.852,-0.596,-0.571,-0.433,-0.573,-0.528,-0.305,0.002,-0.608,-0.566,-0.645,-0.666,-0.713,-0.827,-0.895,-0.697,-0.196,-0.177,0.028,-0.2
Trial,1,2D Sim,False,Distance Weight,0.9,Random Seed,15,Min Iterations,1200,Lazy,True,Distance cost,0.7142364309570169,Manip Cost,11.186122174434475,Total cost,1.7614250053047624,Node cost function,True,Percent Manip Threshold,0,Update Path,False,Increasing weight,False,Parent finding radius R,0.9,Step Size,0.3,Goal Area Sample Probability,0.05,Goal Area Delta,0.6
Manipulability,0.032,0.068,0.041,0.043,0.084,0.023,0.039,0.08,0.087,0.09,0.082,0.141,0.147,0.155,0.146,0.153,0.164,0.166,0.16,0.154,0.199,0.196,0.198,0.166,0.109
Distance to Last Node,0.0,0.435,0.857,0.875,0.639,0.73,0.812,0.439,0.3,0.3,0.3,0.3,0.3,0.3,0.3,0.385,0.3,0.3,0.7,0.3,0.3,0.3,0.3,0.383,0.657
Joint 0: ,-1.7,-1.439,-0.82,-0.099,-0.119,0.063,0.438,0.688,0.797,1.011,1.216,1.258,1.35,1.573,1.722,1.751,1.735,1.581,1.828,1.977,1.887,1.966,2.018,2.059,1.703
Joint 1: ,-1.0,-1.077,-0.625,-0.627,-0.836,-0.488,-0.387,-0.639,-0.696,-0.832,-0.859,-1.052,-0.979,-0.915,-0.989,-0.864,-0.632,-0.604,-1.042,-1.168,-1.327,-1.323,-1.418,-1.275,-0.998
Joint 2: ,0.2,0.135,0.362,0.203,0.225,0.256,0.571,0.593,0.754,0.639,0.64,0.649,0.47,0.47,0.367,0.336,0.287,0.11,0.314,0.361,0.249,0.187,0.133,0.352,0.479
Joint 3: ,-0.1,-0.265,-0.294,0.033,0.389,-0.063,0.306,0.479,0.615,0.516,0.384,0.472,0.6,0.651,0.427,0.749,0.856,0.849,0.495,0.355,0.538,0.645,0.765,0.574,0.32
Joint 4: ,0.3,0.133,0.173,0.492,0.588,0.363,-0.128,-0.303,-0.228,-0.217,-0.225,-0.252,-0.242,-0.114,-0.078,-0.005,0.011,-0.112,0.013,-0.156,-0.251,-0.426,-0.601,-0.509,-0.181
Joint 5: ,0.2,0.407,0.235,0.269,0.133,0.224,0.18,0.163,0.016,0.008,0.072,0.255,0.273,0.391,0.409,0.36,0.503,0.486,0.415,0.373,0.388,0.276,0.101,0.173,0.233
Joint 6: ,0.1,-0.012,0.237,0.127,-0.331,0.009,-0.167,-0.097,-0.157,-0.111,-0.272,-0.177,-0.342,-0.399,-0.383,-0.524,-0.494,-0.358,-0.137,-0.124,-0.088,-0.247,-0.254,-0.418,-0.229
Trial,2,2D Sim,False,Distance Weight,0.9,Random Seed,30,Min Iterations,1200,Lazy,True,Distance cost,0.5834133657175108,Manip Cost,8.878645487309685,Total cost,1.412936577876728,Node cost function,True,Percent Manip Threshold,0,Update Path,False,Increasing weight,False,Parent finding radius R,0.9,Step Size,0.3,Goal Area Sample Probability,0.05,Goal Area Delta,0.6
Manipulability,0.032,0.066,0.12,0.123,0.111,0.041,0.041,0.092,0.141,0.152,0.141,0.147,0.17,0.159,0.167,0.165,0.17,0.204,0.213,0.101
Distance to Last Node,0.0,0.424,0.893,0.797,0.3,0.639,0.873,0.81,0.3,0.3,0.3,0.3,0.3,0.3,0.3,0.3,0.3,0.3,0.3,0.796
Joint 0: ,-1.7,-1.434,-0.891,-0.215,-0.259,0.193,0.744,1.09,1.195,1.305,1.536,1.587,1.745,1.833,1.939,1.865,1.812,1.922,1.901,1.7
Joint 1: ,-1.0,-1.081,-1.021,-0.845,-0.912,-0.651,-0.39,-0.593,-0.733,-0.778,-0.776,-0.824,-0.981,-0.996,-1.152,-1.217,-1.393,-1.464,-1.449,-1.0
Joint 2: ,0.2,0.282,0.087,-0.17,-0.293,-0.19,0.098,0.644,0.651,0.769,0.715,0.568,0.537,0.732,0.803,0.681,0.573,0.48,0.288,0.5
Joint 3: ,-0.1,0.187,-0.308,-0.182,-0.058,-0.038,0.36,0.384,0.583,0.732,0.673,0.694,0.592,0.542,0.638,0.692,0.627,0.668,0.794,0.3
Joint 4: ,0.3,0.357,0.235,0.071,-0.135,0.125,0.228,0.007,0.022,0.215,0.077,-0.173,-0.286,-0.407,-0.404,-0.467,-0.426,-0.248,-0.344,-0.2
Joint 5: ,0.2,0.111,-0.124,-0.323,-0.399,-0.175,0.141,0.435,0.572,0.52,0.426,0.396,0.495,0.389,0.19,0.068,0.066,0.196,0.148,0.2
Joint 6: ,0.1,0.053,0.436,0.439,0.51,0.421,0.225,-0.021,-0.001,-0.008,-0.054,-0.047,0.033,0.157,0.135,-0.074,0.123,0.239,0.08,-0.2
Trial,3,2D Sim,False,Distance Weight,0.9,Random Seed,45,Min Iterations,1200,Lazy,True,Distance cost,0.726895142776484,Manip Cost,9.59687964162562,Total cost,1.6138935926613973,Node cost function,True,Percent Manip Threshold,0,Update Path,False,Increasing weight,False,Parent finding radius R,0.9,Step Size,0.3,Goal Area Sample Probability,0.05,Goal Area Delta,0.6
Manipulability,0.032,0.06,0.079,0.062,0.068,0.119,0.139,0.042,0.055,0.103,0.166,0.139,0.216,0.104,0.119,0.148,0.18,0.187,0.197,0.154,0.117,0.101
Distance to Last Node,0.0,0.662,0.884,0.867,0.515,0.8,0.3,0.646,0.852,0.737,0.3,0.3,0.467,0.655,0.809,0.3,0.3,0.3,0.3,0.579,0.3,0.134
Joint 0: ,-1.7,-1.209,-0.647,-0.196,0.079,0.653,0.827,0.933,1.236,1.542,1.601,1.769,1.696,1.708,1.371,1.45,1.431,1.54,1.65,1.622,1.676,1.7
Joint 1: ,-1.0,-0.664,-0.598,-0.508,-0.417,-0.599,-0.653,-0.496,-0.465,-0.224,0.016,0.065,0.147,-0.41,-0.879,-1.107,-1.241,-1.173,-1.206,-1.194,-1.06,-1.0
Joint 2: ,0.2,0.322,0.516,1.091,1.104,0.874,1.053,0.977,0.533,0.436,0.471,0.57,0.403,0.393,0.349,0.435,0.541,0.406,0.278,0.348,0.453,0.5
Joint 3: ,-0.1,-0.098,-0.179,-0.447,-0.519,-0.499,-0.608,-0.149,0.336,0.723,0.851,0.876,0.882,0.768,0.402,0.353,0.432,0.399,0.561,0.436,0.342,0.3
Joint 4: ,0.3,0.275,-0.333,-0.068,0.268,0.234,0.341,-0.047,0.199,-0.122,-0.031,0.066,-0.226,-0.128,0.122,0.194,0.384,0.359,0.485,0.003,-0.137,-0.2
Joint 5: ,0.2,0.436,0.63,0.471,0.229,-0.041,-0.029,-0.088,0.281,0.15,0.202,0.008,0.309,0.145,0.336,0.381,0.432,0.575,0.526,0.277,0.224,0.2
Joint 6: ,0.1,-0.014,-0.112,0.09,0.028,-0.36,-0.326,-0.428,-0.495,-0.828,-0.84,-0.883,-0.935,-0.673,-0.38,-0.259,-0.135,0.047,0.173,0.036,-0.127,-0.2
Trial,4,2D Sim,False,Distance Weight,0.9,Random Seed,60,Min Iterations,1200,Lazy,True,Distance cost,0.5750135639642843,Manip Cost,10.23884853039609,Total cost,1.5413970606074647,Node cost function,True,Percent Manip Threshold,0,Update Path,False,Increasing weight,False,Parent finding radius R,0.9,Step Size,0.3,Goal Area Sample Probability,0.05,Goal Area Delta,0.6
Manipulability,0.032,0.139,0.117,0.034,0.03,0.067,0.059,0.082,0.098,0.097,0.113,0.182,0.182,0.199,0.224,0.246,0.251,0.218,0.101
Distance to Last Node,0.0,0.668,0.542,0.612,0.7,0.486,0.872,0.52,0.3,0.3,0.3,0.3,0.3,0.3,0.3,0.3,0.3,0.837,0.767
Joint 0: ,-1.7,-1.481,-1.111,-0.762,-0.231,0.064,0.779,1.21,1.31,1.308,1.413,1.357,1.212,1.294,1.318,1.341,1.351,1.434,1.7
Joint 1: ,-1.0,-0.769,-0.562,-0.297,-0.374,-0.496,-0.426,-0.71,-0.847,-0.986,-1.147,-1.227,-1.392,-1.432,-1.393,-1.447,-1.537,-1.317,-1.0
Joint 2: ,0.2,0.545,0.658,0.801,0.864,0.944,0.743,0.711,0.733,0.805,0.878,0.938,0.808,0.902,1.103,1.244,1.252,0.834,0.5
Joint 3: ,-0.1,-0.388,-0.302,-0.21,-0.153,0.06,0.054,0.06,0.239,0.321,0.197,0.31,0.204,0.325,0.472,0.57,0.755,0.553,0.3
Joint 4: ,0.3,0.339,0.156,-0.165,-0.469,-0.256,-0.405,-0.374,-0.4,-0.23,-0.143,-0.045,-0.005,0.091,0.239,0.421,0.606,-0.005,-0.2
Joint 5: ,0.2,-0.176,-0.274,-0.052,0.268,0.45,0.451,0.437,0.325,0.155,0.294,0.514,0.542,0.511,0.546,0.628,0.536,0.495,0.2
Joint 6: ,0.1,0.126,0.351,0.326,0.295,0.238,-0.19,-0.234,-0.111,-0.072,-0.001,0.076,-0.027,-0.246,-0.297,-0.166,-0.094,0.141,-0.2
Trial,5,2D Sim,False,Distance Weight,0.9,Random Seed,75,Min Iterations,1200,Lazy,True,Distance cost,0.5485772341309634,Manip Cost,8.809517077806152,Total cost,1.3746712184984822,Node cost function,True,Percent Manip Threshold,0,Update Path,False,Increasing weight,False,Parent finding radius R,0.9,Step Size,0.3,Goal Area Sample Probability,0.05,Goal Area Delta,0.6
Manipulability,0.032,0.084,0.055,0.047,0.067,0.108,0.116,0.103,0.127,0.136,0.154,0.161,0.168,0.173,0.207,0.227,0.174,0.101
Distance to Last Node,0.0,0.714,0.803,0.788,0.811,0.795,0.3,0.3,0.3,0.3,0.3,0.504,0.3,0.3,0.3,0.3,0.435,0.756
Joint 0: ,-1.7,-1.886,-1.305,-0.625,0.074,0.354,0.35,0.509,0.722,1.003,1.062,1.044,1.083,1.266,1.272,1.287,1.507,1.7
Joint 1: ,-1.0,-0.763,-0.424,-0.274,-0.49,-0.61,-0.669,-0.727,-0.805,-0.86,-0.949,-0.998,-1.116,-1.068,-1.182,-1.259,-1.047,-1.0
Joint 2: ,0.2,0.667,0.586,0.795,0.656,0.259,0.452,0.403,0.394,0.412,0.299,0.508,0.499,0.373,0.471,0.718,0.505,0.5
Joint 3: ,-0.1,-0.226,-0.309,-0.228,0.08,0.533,0.503,0.446,0.506,0.548,0.549,0.703,0.55,0.621,0.617,0.747,0.53,0.3
Joint 4: ,0.3,0.091,-0.3,-0.441,-0.409,-0.652,-0.734,-0.634,-0.52,-0.592,-0.782,-0.431,-0.212,-0.04,0.139,0.198,0.18,-0.2
Joint 5: ,0.2,0.574,0.548,0.497,0.477,0.415,0.475,0.329,0.413,0.391,0.494,0.292,0.337,0.385,0.571,0.552,0.496,0.2
Joint 6: ,0.1,0.137,0.298,0.047,-0.034,-0.368,-0.563,-0.719,-0.596,-0.571,-0.433,-0.573,-0.608,-0.645,-0.666,-0.713,-0.697,-0.2
Trial,1,2D Sim,False,Distance Weight,0.85,Random Seed,15,Min Iterations,1200,Lazy,True,Distance cost,0.8620090903163744,Manip Cost,10.560694598561122,Total cost,2.3168119165530867,Node cost function,True,Percent Manip Threshold,0,Update Path,False,Increasing weight,False,Parent finding radius R,0.9,Step Size,0.3,Goal Area Sample Probability,0.05,Goal Area Delta,0.6
Manipulability,0.032,0.068,0.041,0.043,0.084,0.023,0.039,0.08,0.087,0.09,0.082,0.07,0.141,0.147,0.155,0.146,0.153,0.164,0.166,0.171,0.16,0.154,0.199,0.196,0.198,0.206,0.166,0.153,0.176,0.109
Distance to Last Node,0.0,0.435,0.857,0.875,0.639,0.73,0.812,0.439,0.3,0.3,0.3,0.3,0.398,0.3,0.3,0.3,0.385,0.3,0.3,0.557,0.821,0.3,0.3,0.3,0.3,0.3,0.591,0.3,0.3,0.711
Joint 0: ,-1.7,-1.439,-0.82,-0.099,-0.119,0.063,0.438,0.688,0.797,1.011,1.216,1.325,1.258,1.35,1.573,1.722,1.751,1.735,1.581,1.822,1.828,1.977,1.887,1.966,2.018,1.965,2.059,2.003,2.076,1.703
Joint 1: ,-1.0,-1.077,-0.625,-0.627,-0.836,-0.488,-0.387,-0.639,-0.696,-0.832,-0.859,-0.887,-1.052,-0.979,-0.915,-0.989,-0.864,-0.632,-0.604,-0.647,-1.042,-1.168,-1.327,-1.323,-1.418,-1.503,-1.275,-1.368,-1.269,-0.998
Joint 2: ,0.2,0.135,0.362,0.203,0.225,0.256,0.571,0.593,0.754,0.639,0.64,0.878,0.649,0.47,0.47,0.367,0.336,0.287,0.11,0.378,0.314,0.361,0.249,0.187,0.133,0.119,0.352,0.27,0.171,0.479
Joint 3: ,-0.1,-0.265,-0.294,0.033,0.389,-0.063,0.306,0.479,0.615,0.516,0.384,0.249,0.472,0.6,0.651,0.427,0.749,0.856,0.849,0.835,0.495,0.355,0.538,0.645,0.765,0.938,0.574,0.349,0.348,0.32
Joint 4: ,0.3,0.133,0.173,0.492,0.588,0.363,-0.128,-0.303,-0.228,-0.217,-0.225,-0.234,-0.252,-0.242,-0.114,-0.078,-0.005,0.011,-0.112,0.027,0.013,-0.156,-0.251,-0.426,-0.601,-0.646,-0.509,-0.55,-0.372,-0.181
Joint 5: ,0.2,0.407,0.235,0.269,0.133,0.224,0.18,0.163,0.016,0.008,0.072,0.113,0.255,0.273,0.391,0.409,0.36,0.503,0.486,0.651,0.415,0.373,0.388,0.276,0.101,-0.102,0.173,0.282,0.454,0.233
Joint 6: ,0.1,-0.012,0.237,0.127,-0.331,0.009,-0.167,-0.097,-0.157,-0.111,-0.272,-0.243,-0.177,-0.342,-0.399,-0.383,-0.524,-0.494,-0.358,-0.721,-0.137,-0.124,-0.088,-0.247,-0.254,-0.333,-0.418,-0.502,-0.563,-0.229
Trial,2,2D Sim,False,Distance Weight,0.85,Random Seed,30,Min Iterations,1200,Lazy,True,Distance cost,0.7020331964845813,Manip Cost,8.464172490636543,Total cost,1.8663540906073757,Node cost function,True,Percent Manip Threshold,0,Update Path,False,Increasing weight,False,Parent finding radius R,0.9,Step Size,0.3,Goal Area Sample Probability,0.05,Goal Area Delta,0.6
Manipulability,0.032,0.066,0.12,0.123,0.111,0.041,0.041,0.092,0.141,0.152,0.141,0.186,0.203,0.147,0.147,0.17,0.159,0.167,0.165,0.17,0.204,0.213,0.101
Distance to Last Node,0.0,0.424,0.893,0.797,0.3,0.639,0.873,0.81,0.3,0.3,0.3,0.516,0.3,0.83,0.3,0.449,0.3,0.3,0.3,0.3,0.3,0.3,0.796
Joint 0: ,-1.7,-1.434,-0.891,-0.215,-0.259,0.193,0.744,1.09,1.195,1.305,1.536,1.17,1.197,1.587,1.75,1.745,1.833,1.939,1.865,1.812,1.922,1.901,1.7
Joint 1: ,-1.0,-1.081,-1.021,-0.845,-0.912,-0.651,-0.39,-0.593,-0.733,-0.778,-0.776,-0.993,-1.073,-0.824,-0.728,-0.981,-0.996,-1.152,-1.217,-1.393,-1.464,-1.449,-1.0
Joint 2: ,0.2,0.282,0.087,-0.17,-0.293,-0.19,0.098,0.644,0.651,0.769,0.715,0.755,0.918,0.568,0.434,0.537,0.732,0.803,0.681,0.573,0.48,0.288,0.5
Joint 3: ,-0.1,0.187,-0.308,-0.182,-0.058,-0.038,0.36,0.384,0.583,0.732,0.673,0.739,0.892,0.694,0.857,0.592,0.542,0.638,0.692,0.627,0.668,0.794,0.3
Joint 4: ,0.3,0.357,0.235,0.071,-0.135,0.125,0.228,0.007,0.022,0.215,0.077,0.237,0.374,-0.173,-0.198,-0.286,-0.407,-0.404,-0.467,-0.426,-0.248,-0.344,-0.2
Joint 5: ,0.2,0.111,-0.124,-0.323,-0.399,-0.175,0.141,0.435,0.572,0.52,0.426,0.534,0.467,0.396,0.319,0.495,0.389,0.19,0.068,0.066,0.196,0.148,0.2
Joint 6: ,0.1,0.053,0.436,0.439,0.51,0.421,0.225,-0.021,-0.001,-0.008,-0.054,0.15,0.053,-0.047,-0.103,0.033,0.157,0.135,-0.074,0.123,0.239,0.08,-0.2
Trial,3,2D Sim,False,Distance Weight,0.85,Random Seed,45,Min Iterations,1200,Lazy,True,Distance cost,0.8622517065714852,Manip Cost,8.95908514955296,Total cost,2.0767767230187064,Node cost function,True,Percent Manip Threshold,0,Update Path,False,Increasing weight,False,Parent finding radius R,0.9,Step Size,0.3,Goal Area Sample Probability,0.05,Goal Area Delta,0.6
Manipulability,0.032,0.06,0.079,0.072,0.074,0.068,0.119,0.139,0.042,0.055,0.103,0.166,0.139,0.216,0.104,0.119,0.148,0.18,0.187,0.197,0.186,0.188,0.218,0.225,0.16,0.117,0.101
Distance to Last Node,0.0,0.662,0.884,0.459,0.852,0.3,0.8,0.3,0.646,0.852,0.737,0.3,0.3,0.467,0.655,0.809,0.3,0.3,0.3,0.3,0.3,0.3,0.721,0.3,0.659,0.419,0.134
Joint 0: ,-1.7,-1.209,-0.647,-0.507,-0.064,0.079,0.653,0.827,0.933,1.236,1.542,1.601,1.769,1.696,1.708,1.371,1.45,1.431,1.54,1.65,1.665,1.75,1.555,1.598,1.66,1.676,1.7
Joint 1: ,-1.0,-0.664,-0.598,-0.446,-0.562,-0.417,-0.599,-0.653,-0.496,-0.465,-0.224,0.016,0.065,0.147,-0.41,-0.879,-1.107,-1.241,-1.173,-1.206,-1.114,-1.067,-1.313,-1.441,-1.347,-1.06,-1.0
Joint 2: ,0.2,0.322,0.516,0.79,1.139,1.104,0.874,1.053,0.977,0.533,0.436,0.471,0.57,0.403,0.393,0.349,0.435,0.541,0.406,0.278,0.172,0.327,0.61,0.802,0.562,0.453,0.5
Joint 3: ,-0.1,-0.098,-0.179,-0.319,-0.531,-0.519,-0.499,-0.608,-0.149,0.336,0.723,0.851,0.876,0.882,0.768,0.402,0.353,0.432,0.399,0.561,0.59,0.676,0.367,0.259,0.46,0.342,0.3
Joint 4: ,0.3,0.275,-0.333,-0.365,0.111,0.268,0.234,0.341,-0.047,0.199,-0.122,-0.031,0.066,-0.226,-0.128,0.122,0.194,0.384,0.359,0.485,0.728,0.871,0.379,0.285,0.101,-0.137,-0.2
Joint 5: ,0.2,0.436,0.63,0.663,0.315,0.229,-0.041,-0.029,-0.088,0.281,0.15,0.202,0.008,0.309,0.145,0.336,0.381,0.432,0.575,0.526,0.586,0.71,0.705,0.743,0.208,0.224,0.2
Joint 6: ,0.1,-0.014,-0.112,0.154,0.151,0.028,-0.36,-0.326,-0.428,-0.495,-0.828,-0.84,-0.883,-0.935,-0.673,-0.38,-0.259,-0.135,0.047,0.173,0.091,0.207,0.148,0.034,-0.029,-0.127,-0.2
Trial,4,2D Sim,False,Distance Weight,0.85,Random Seed,60,Min Iterations,1200,Lazy,True,Distance cost,0.7330822560513575,Manip Cost,9.995781363707547,Total cost,2.122487122199786,Node cost function,True,Percent Manip Threshold,0,Update Path,False,Increasing weight,False,Parent finding radius R,0.9,Step Size,0.3,Goal Area Sample Probability,0.05,Goal Area Delta,0.6
Manipulability,0.032,0.139,0.117,0.034,0.03,0.073,0.06,0.082,0.098,0.102,0.122,0.112,0.107,0.15,0.151,0.175,0.157,0.18,0.185,0.173,0.202,0.17,0.101
Distance to Last Node,0.0,0.668,0.542,0.612,0.7,0.778,0.685,0.89,0.3,0.568,0.3,0.3,0.3,0.654,0.3,0.487,0.646,0.3,0.3,0.463,0.3,0.355,0.65
Joint 0: ,-1.7,-1.481,-1.111,-0.762,-0.231,0.413,0.764,1.21,1.31,1.202,1.283,1.384,1.457,1.329,1.391,1.173,1.559,1.562,1.593,1.57,1.7,1.662,1.7
Joint 1: ,-1.0,-0.769,-0.562,-0.297,-0.374,-0.411,-0.452,-0.71,-0.847,-0.741,-0.712,-0.6,-0.558,-0.841,-0.88,-0.928,-1.012,-1.046,-0.986,-1.068,-1.261,-0.942,-1.0
Joint 2: ,0.2,0.545,0.658,0.801,0.864,0.949,0.789,0.711,0.733,0.688,0.583,0.743,0.808,0.402,0.189,0.396,0.139,-0.076,-0.245,0.048,0.146,0.14,0.5
Joint 3: ,-0.1,-0.388,-0.302,-0.21,-0.153,-0.454,-0.489,0.06,0.239,0.199,0.347,0.444,0.464,0.469,0.428,0.532,0.467,0.602,0.711,0.427,0.347,0.461,0.3
Joint 4: ,0.3,0.339,0.156,-0.165,-0.469,-0.657,-0.183,-0.374,-0.4,-0.156,0.007,0.118,0.311,0.153,0.105,0.344,0.056,-0.067,-0.251,-0.215,-0.226,-0.226,-0.2
Joint 5: ,0.2,-0.176,-0.274,-0.052,0.268,0.034,0.329,0.437,0.325,0.475,0.601,0.592,0.616,0.635,0.623,0.758,0.457,0.518,0.612,0.556,0.64,0.7,0.2
Joint 6: ,0.1,0.126,0.351,0.326,0.295,0.258,0.18,-0.234,-0.111,-0.573,-0.658,-0.799,-1.0,-0.625,-0.813,-0.572,-0.708,-0.635,-0.685,-0.495,-0.382,-0.307,-0.2
Trial,5,2D Sim,False,Distance Weight,0.85,Random Seed,75,Min Iterations,1200,Lazy,True,Distance cost,0.667940095678955,Manip Cost,8.488262660807969,Total cost,1.8409884804483072,Node cost function,True,Percent Manip Threshold,0,Update Path,False,Increasing weight,False,Parent finding radius R,0.9,Step Size,0.3,Goal Area Sample Probability,0.05,Goal Area Delta,0.6
Manipulability,0.032,0.084,0.055,0.047,0.067,0.081,0.108,0.116,0.127,0.103,0.127,0.136,0.154,0.161,0.168,0.173,0.207,0.227,0.244,0.262,0.174,0.101
Distance to Last Node,0.0,0.714,0.803,0.788,0.811,0.556,0.3,0.3,0.533,0.634,0.3,0.3,0.3,0.504,0.3,0.3,0.3,0.3,0.3,0.3,0.713,0.756
Joint 0: ,-1.7,-1.886,-1.305,-0.625,0.074,0.244,0.354,0.35,0.31,0.509,0.722,1.003,1.062,1.044,1.083,1.266,1.272,1.287,1.355,1.547,1.507,1.7
Joint 1: ,-1.0,-0.763,-0.424,-0.274,-0.49,-0.473,-0.61,-0.669,-0.455,-0.727,-0.805,-0.86,-0.949,-0.998,-1.116,-1.068,-1.182,-1.259,-1.366,-1.476,-1.047,-1.0
Joint 2: ,0.2,0.667,0.586,0.795,0.656,0.337,0.259,0.452,0.074,0.403,0.394,0.412,0.299,0.508,0.499,0.373,0.471,0.718,0.907,0.889,0.505,0.5
Joint 3: ,-0.1,-0.226,-0.309,-0.228,0.08,0.344,0.533,0.503,0.679,0.446,0.506,0.548,0.549,0.703,0.55,0.621,0.617,0.747,0.714,0.793,0.53,0.3
Joint 4: ,0.3,0.091,-0.3,-0.441,-0.409,-0.661,-0.652,-0.734,-0.562,-0.634,-0.52,-0.592,-0.782,-0.431,-0.212,-0.04,0.139,0.198,0.344,0.247,0.18,-0.2
Joint 5: ,0.2,0.574,0.548,0.497,0.477,0.462,0.415,0.475,0.426,0.329,0.413,0.391,0.494,0.292,0.337,0.385,0.571,0.552,0.603,0.747,0.496,0.2
Joint 6: ,0.1,0.137,0.298,0.047,-0.034,-0.245,-0.368,-0.563,-0.387,-0.719,-0.596,-0.571,-0.433,-0.573,-0.608,-0.645,-0.666,-0.713,-0.827,-0.895,-0.697,-0.2
Trial,5,2D Sim,False,Distance Weight,0.8,Random Seed,75,Min Iterations,1200,Lazy,True,Distance cost,0.712036210884762,Manip Cost,8.38820868098734,Total cost,2.247270704905277,Node cost function,True,Percent Manip Threshold,0,Update Path,False,Increasing weight,False,Parent finding radius R,0.9,Step Size,0.3,Goal Area Sample Probability,0.05,Goal Area Delta,0.6
Manipulability,0.032,0.084,0.055,0.047,0.067,0.081,0.108,0.116,0.127,0.103,0.127,0.136,0.154,0.161,0.168,0.162,0.173,0.207,0.227,0.244,0.262,0.174,0.101
Distance to Last Node,0.0,0.714,0.803,0.788,0.811,0.556,0.3,0.3,0.533,0.634,0.3,0.3,0.3,0.504,0.3,0.454,0.514,0.3,0.3,0.3,0.3,0.713,0.756
Joint 0: ,-1.7,-1.886,-1.305,-0.625,0.074,0.244,0.354,0.35,0.31,0.509,0.722,1.003,1.062,1.044,1.083,1.134,1.266,1.272,1.287,1.355,1.547,1.507,1.7
Joint 1: ,-1.0,-0.763,-0.424,-0.274,-0.49,-0.473,-0.61,-0.669,-0.455,-0.727,-0.805,-0.86,-0.949,-0.998,-1.116,-0.877,-1.068,-1.182,-1.259,-1.366,-1.476,-1.047,-1.0
Joint 2: ,0.2,0.667,0.586,0.795,0.656,0.337,0.259,0.452,0.074,0.403,0.394,0.412,0.299,0.508,0.499,0.342,0.373,0.471,0.718,0.907,0.889,0.505,0.5
Joint 3: ,-0.1,-0.226,-0.309,-0.228,0.08,0.344,0.533,0.503,0.679,0.446,0.506,0.548,0.549,0.703,0.55,0.599,0.621,0.617,0.747,0.714,0.793,0.53,0.3
Joint 4: ,0.3,0.091,-0.3,-0.441,-0.409,-0.661,-0.652,-0.734,-0.562,-0.634,-0.52,-0.592,-0.782,-0.431,-0.212,-0.438,-0.04,0.139,0.198,0.344,0.247,0.18,-0.2
Joint 5: ,0.2,0.574,0.548,0.497,0.477,0.462,0.415,0.475,0.426,0.329,0.413,0.391,0.494,0.292,0.337,0.594,0.385,0.571,0.552,0.603,0.747,0.496,0.2
Joint 6: ,0.1,0.137,0.298,0.047,-0.034,-0.245,-0.368,-0.563,-0.387,-0.719,-0.596,-0.571,-0.433,-0.573,-0.608,-0.566,-0.645,-0.666,-0.713,-0.827,-0.895,-0.697,-0.2
Trial,1,2D Sim,False,Distance Weight,0.8,Random Seed,15,Min Iterations,1200,Lazy,True,Distance cost,1.070936973705085,Manip Cost,10.29252125689549,Total cost,2.9152538303431657,Node cost function,True,Percent Manip Threshold,0,Update Path,False,Increasing weight,False,Parent finding radius R,0.9,Step Size,0.3,Goal Area Sample Probability,0.05,Goal Area Delta,0.6
Manipulability,0.032,0.068,0.041,0.043,0.084,0.023,0.039,0.08,0.087,0.09,0.082,0.07,0.141,0.147,0.104,0.155,0.146,0.153,0.184,0.128,0.164,0.166,0.171,0.16,0.154,0.199,0.196,0.198,0.206,0.166,0.153,0.176,0.109
Distance to Last Node,0.0,0.435,0.857,0.875,0.639,0.73,0.812,0.439,0.3,0.3,0.3,0.3,0.398,0.3,0.751,0.821,0.3,0.385,0.715,0.852,0.623,0.3,0.557,0.821,0.3,0.3,0.3,0.3,0.3,0.591,0.3,0.3,0.711
Joint 0: ,-1.7,-1.439,-0.82,-0.099,-0.119,0.063,0.438,0.688,0.797,1.011,1.216,1.325,1.258,1.35,1.385,1.573,1.722,1.751,1.25,1.889,1.735,1.581,1.822,1.828,1.977,1.887,1.966,2.018,1.965,2.059,2.003,2.076,1.703
Joint 1: ,-1.0,-1.077,-0.625,-0.627,-0.836,-0.488,-0.387,-0.639,-0.696,-0.832,-0.859,-0.887,-1.052,-0.979,-1.06,-0.915,-0.989,-0.864,-1.054,-0.821,-0.632,-0.604,-0.647,-1.042,-1.168,-1.327,-1.323,-1.418,-1.503,-1.275,-1.368,-1.269,-0.998
Joint 2: ,0.2,0.135,0.362,0.203,0.225,0.256,0.571,0.593,0.754,0.639,0.64,0.878,0.649,0.47,1.022,0.47,0.367,0.336,0.519,0.469,0.287,0.11,0.378,0.314,0.361,0.249,0.187,0.133,0.119,0.352,0.27,0.171,0.479
Joint 3: ,-0.1,-0.265,-0.294,0.033,0.389,-0.063,0.306,0.479,0.615,0.516,0.384,0.249,0.472,0.6,0.386,0.651,0.427,0.749,0.738,0.363,0.856,0.849,0.835,0.495,0.355,0.538,0.645,0.765,0.938,0.574,0.349,0.348,0.32
Joint 4: ,0.3,0.133,0.173,0.492,0.588,0.363,-0.128,-0.303,-0.228,-0.217,-0.225,-0.234,-0.252,-0.242,0.046,-0.114,-0.078,-0.005,-0.405,-0.075,0.011,-0.112,0.027,0.013,-0.156,-0.251,-0.426,-0.601,-0.646,-0.509,-0.55,-0.372,-0.181
Joint 5: ,0.2,0.407,0.235,0.269,0.133,0.224,0.18,0.163,0.016,0.008,0.072,0.113,0.255,0.273,0.085,0.391,0.409,0.36,0.433,0.504,0.503,0.486,0.651,0.415,0.373,0.388,0.276,0.101,-0.102,0.173,0.282,0.454,0.233
Joint 6: ,0.1,-0.012,0.237,0.127,-0.331,0.009,-0.167,-0.097,-0.157,-0.111,-0.272,-0.243,-0.177,-0.342,-0.048,-0.399,-0.383,-0.524,-0.364,-0.281,-0.494,-0.358,-0.721,-0.137,-0.124,-0.088,-0.247,-0.254,-0.333,-0.418,-0.502,-0.563,-0.229
Trial,2,2D Sim,False,Distance Weight,0.8,Random Seed,30,Min Iterations,1200,Lazy,True,Distance cost,0.7703763027252483,Manip Cost,8.171987499857226,Total cost,2.2506985421516434,Node cost function,True,Percent Manip Threshold,0,Update Path,False,Increasing weight,False,Parent finding radius R,0.9,Step Size,0.3,Goal Area Sample Probability,0.05,Goal Area Delta,0.6
Manipulability,0.032,0.066,0.12,0.123,0.111,0.041,0.041,0.092,0.141,0.152,0.141,0.186,0.203,0.147,0.147,0.17,0.159,0.167,0.165,0.17,0.204,0.213,0.239,0.184,0.101
Distance to Last Node,0.0,0.424,0.893,0.797,0.3,0.639,0.873,0.81,0.3,0.3,0.3,0.516,0.3,0.83,0.3,0.449,0.3,0.3,0.3,0.3,0.3,0.3,0.3,0.797,0.734
Joint 0: ,-1.7,-1.434,-0.891,-0.215,-0.259,0.193,0.744,1.09,1.195,1.305,1.536,1.17,1.197,1.587,1.75,1.745,1.833,1.939,1.865,1.812,1.922,1.901,2.01,1.986,1.7
Joint 1: ,-1.0,-1.081,-1.021,-0.845,-0.912,-0.651,-0.39,-0.593,-0.733,-0.778,-0.776,-0.993,-1.073,-0.824,-0.728,-0.981,-0.996,-1.152,-1.217,-1.393,-1.464,-1.449,-1.522,-1.294,-1.0
Joint 2: ,0.2,0.282,0.087,-0.17,-0.293,-0.19,0.098,0.644,0.651,0.769,0.715,0.755,0.918,0.568,0.434,0.537,0.732,0.803,0.681,0.573,0.48,0.288,0.144,0.643,0.5
Joint 3: ,-0.1,0.187,-0.308,-0.182,-0.058,-0.038,0.36,0.384,0.583,0.732,0.673,0.739,0.892,0.694,0.857,0.592,0.542,0.638,0.692,0.627,0.668,0.794,0.927,0.416,0.3
Joint 4: ,0.3,0.357,0.235,0.071,-0.135,0.125,0.228,0.007,0.022,0.215,0.077,0.237,0.374,-0.173,-0.198,-0.286,-0.407,-0.404,-0.467,-0.426,-0.248,-0.344,-0.514,-0.649,-0.2
Joint 5: ,0.2,0.111,-0.124,-0.323,-0.399,-0.175,0.141,0.435,0.572,0.52,0.426,0.534,0.467,0.396,0.319,0.495,0.389,0.19,0.068,0.066,0.196,0.148,0.222,0.454,0.2
Joint 6: ,0.1,0.053,0.436,0.439,0.51,0.421,0.225,-0.021,-0.001,-0.008,-0.054,0.15,0.053,-0.047,-0.103,0.033,0.157,0.135,-0.074,0.123,0.239,0.08,0.091,0.065,-0.2
Trial,3,2D Sim,False,Distance Weight,0.8,Random Seed,45,Min Iterations,1200,Lazy,True,Distance cost,0.8622517065714852,Manip Cost,8.95908514955296,Total cost,2.4816183951677795,Node cost function,True,Percent Manip Threshold,0,Update Path,False,Increasing weight,False,Parent finding radius R,0.9,Step Size,0.3,Goal Area Sample Probability,0.05,Goal Area Delta,0.6
Manipulability,0.032,0.06,0.079,0.072,0.074,0.068,0.119,0.139,0.042,0.055,0.103,0.166,0.139,0.216,0.104,0.119,0.148,0.18,0.187,0.197,0.186,0.188,0.218,0.225,0.16,0.117,0.101
Distance to Last Node,0.0,0.662,0.884,0.459,0.852,0.3,0.8,0.3,0.646,0.852,0.737,0.3,0.3,0.467,0.655,0.809,0.3,0.3,0.3,0.3,0.3,0.3,0.721,0.3,0.659,0.419,0.134
Joint 0: ,-1.7,-1.209,-0.647,-0.507,-0.064,0.079,0.653,0.827,0.933,1.236,1.542,1.601,1.769,1.696,1.708,1.371,1.45,1.431,1.54,1.65,1.665,1.75,1.555,1.598,1.66,1.676,1.7
Joint 1: ,-1.0,-0.664,-0.598,-0.446,-0.562,-0.417,-0.599,-0.653,-0.496,-0.465,-0.224,0.016,0.065,0.147,-0.41,-0.879,-1.107,-1.241,-1.173,-1.206,-1.114,-1.067,-1.313,-1.441,-1.347,-1.06,-1.0
Joint 2: ,0.2,0.322,0.516,0.79,1.139,1.104,0.874,1.053,0.977,0.533,0.436,0.471,0.57,0.403,0.393,0.349,0.435,0.541,0.406,0.278,0.172,0.327,0.61,0.802,0.562,0.453,0.5
Joint 3: ,-0.1,-0.098,-0.179,-0.319,-0.531,-0.519,-0.499,-0.608,-0.149,0.336,0.723,0.851,0.876,0.882,0.768,0.402,0.353,0.432,0.399,0.561,0.59,0.676,0.367,0.259,0.46,0.342,0.3
Joint 4: ,0.3,0.275,-0.333,-0.365,0.111,0.268,0.234,0.341,-0.047,0.199,-0.122,-0.031,0.066,-0.226,-0.128,0.122,0.194,0.384,0.359,0.485,0.728,0.871,0.379,0.285,0.101,-0.137,-0.2
Joint 5: ,0.2,0.436,0.63,0.663,0.315,0.229,-0.041,-0.029,-0.088,0.281,0.15,0.202,0.008,0.309,0.145,0.336,0.381,0.432,0.575,0.526,0.586,0.71,0.705,0.743,0.208,0.224,0.2
Joint 6: ,0.1,-0.014,-0.112,0.154,0.151,0.028,-0.36,-0.326,-0.428,-0.495,-0.828,-0.84,-0.883,-0.935,-0.673,-0.38,-0.259,-0.135,0.047,0.173,0.091,0.207,0.148,0.034,-0.029,-0.127,-0.2
Trial,4,2D Sim,False,Distance Weight,0.8,Random Seed,60,Min Iterations,1200,Lazy,True,Distance cost,0.811847811953825,Manip Cost,9.711836395352181,Total cost,2.591845528633496,Node cost function,True,Percent Manip Threshold,0,Update Path,False,Increasing weight,False,Parent finding radius R,0.9,Step Size,0.3,Goal Area Sample Probability,0.05,Goal Area Delta,0.6
Manipulability,0.032,0.139,0.117,0.034,0.03,0.073,0.06,0.082,0.098,0.102,0.122,0.112,0.107,0.15,0.151,0.175,0.157,0.18,0.185,0.173,0.15,0.138,0.202,0.17,0.115,0.101
Distance to Last Node,0.0,0.668,0.542,0.612,0.7,0.778,0.685,0.89,0.3,0.568,0.3,0.3,0.3,0.654,0.3,0.487,0.646,0.3,0.3,0.463,0.417,0.3,0.626,0.355,0.62,0.179
Joint 0: ,-1.7,-1.481,-1.111,-0.762,-0.231,0.413,0.764,1.21,1.31,1.202,1.283,1.384,1.457,1.329,1.391,1.173,1.559,1.562,1.593,1.57,1.738,1.873,1.7,1.662,1.765,1.7
Joint 1: ,-1.0,-0.769,-0.562,-0.297,-0.374,-0.411,-0.452,-0.71,-0.847,-0.741,-0.712,-0.6,-0.558,-0.841,-0.88,-0.928,-1.012,-1.046,-0.986,-1.068,-1.075,-1.115,-1.261,-0.942,-1.043,-1.0
Joint 2: ,0.2,0.545,0.658,0.801,0.864,0.949,0.789,0.711,0.733,0.688,0.583,0.743,0.808,0.402,0.189,0.396,0.139,-0.076,-0.245,0.048,0.241,0.308,0.146,0.14,0.428,0.5
Joint 3: ,-0.1,-0.388,-0.302,-0.21,-0.153,-0.454,-0.489,0.06,0.239,0.199,0.347,0.444,0.464,0.469,0.428,0.532,0.467,0.602,0.711,0.427,0.475,0.474,0.347,0.461,0.365,0.3
Joint 4: ,0.3,0.339,0.156,-0.165,-0.469,-0.657,-0.183,-0.374,-0.4,-0.156,0.007,0.118,0.311,0.153,0.105,0.344,0.056,-0.067,-0.251,-0.215,-0.02,0.094,-0.226,-0.226,-0.09,-0.2
Joint 5: ,0.2,-0.176,-0.274,-0.052,0.268,0.034,0.329,0.437,0.325,0.475,0.601,0.592,0.616,0.635,0.623,0.758,0.457,0.518,0.612,0.556,0.31,0.197,0.64,0.7,0.199,0.2
Joint 6: ,0.1,0.126,0.351,0.326,0.295,0.258,0.18,-0.234,-0.111,-0.573,-0.658,-0.799,-1.0,-0.625,-0.813,-0.572,-0.708,-0.635,-0.685,-0.495,-0.582,-0.382,-0.382,-0.307,-0.268,-0.2
Trial,5,2D Sim,False,Distance Weight,0.8,Random Seed,75,Min Iterations,1200,Lazy,True,Distance cost,0.712036210884762,Manip Cost,8.38820868098734,Total cost,2.247270704905277,Node cost function,True,Percent Manip Threshold,0,Update Path,False,Increasing weight,False,Parent finding radius R,0.9,Step Size,0.3,Goal Area Sample Probability,0.05,Goal Area Delta,0.6
Manipulability,0.032,0.084,0.055,0.047,0.067,0.081,0.108,0.116,0.127,0.103,0.127,0.136,0.154,0.161,0.168,0.162,0.173,0.207,0.227,0.244,0.262,0.174,0.101
Distance to Last Node,0.0,0.714,0.803,0.788,0.811,0.556,0.3,0.3,0.533,0.634,0.3,0.3,0.3,0.504,0.3,0.454,0.514,0.3,0.3,0.3,0.3,0.713,0.756
Joint 0: ,-1.7,-1.886,-1.305,-0.625,0.074,0.244,0.354,0.35,0.31,0.509,0.722,1.003,1.062,1.044,1.083,1.134,1.266,1.272,1.287,1.355,1.547,1.507,1.7
Joint 1: ,-1.0,-0.763,-0.424,-0.274,-0.49,-0.473,-0.61,-0.669,-0.455,-0.727,-0.805,-0.86,-0.949,-0.998,-1.116,-0.877,-1.068,-1.182,-1.259,-1.366,-1.476,-1.047,-1.0
Joint 2: ,0.2,0.667,0.586,0.795,0.656,0.337,0.259,0.452,0.074,0.403,0.394,0.412,0.299,0.508,0.499,0.342,0.373,0.471,0.718,0.907,0.889,0.505,0.5
Joint 3: ,-0.1,-0.226,-0.309,-0.228,0.08,0.344,0.533,0.503,0.679,0.446,0.506,0.548,0.549,0.703,0.55,0.599,0.621,0.617,0.747,0.714,0.793,0.53,0.3
Joint 4: ,0.3,0.091,-0.3,-0.441,-0.409,-0.661,-0.652,-0.734,-0.562,-0.634,-0.52,-0.592,-0.782,-0.431,-0.212,-0.438,-0.04,0.139,0.198,0.344,0.247,0.18,-0.2
Joint 5: ,0.2,0.574,0.548,0.497,0.477,0.462,0.415,0.475,0.426,0.329,0.413,0.391,0.494,0.292,0.337,0.594,0.385,0.571,0.552,0.603,0.747,0.496,0.2
Joint 6: ,0.1,0.137,0.298,0.047,-0.034,-0.245,-0.368,-0.563,-0.387,-0.719,-0.596,-0.571,-0.433,-0.573,-0.608,-0.566,-0.645,-0.666,-0.713,-0.827,-0.895,-0.697,-0.2
Trial,5,2D Sim,False,Distance Weight,0.7,Random Seed,75,Min Iterations,1200,Lazy,True,Distance cost,0.96808285126293,Manip Cost,8.055711177351426,Total cost,3.094371349089479,Node cost function,True,Percent Manip Threshold,0,Update Path,False,Increasing weight,False,Parent finding radius R,0.9,Step Size,0.3,Goal Area Sample Probability,0.05,Goal Area Delta,0.6
Manipulability,0.032,0.084,0.055,0.047,0.067,0.081,0.108,0.116,0.127,0.103,0.099,0.127,0.136,0.154,0.161,0.148,0.138,0.13,0.168,0.162,0.173,0.207,0.227,0.244,0.262,0.174,0.155,0.194,0.185,0.101
Distance to Last Node,0.0,0.714,0.803,0.788,0.811,0.556,0.3,0.3,0.533,0.634,0.3,0.482,0.3,0.3,0.504,0.673,0.478,0.42,0.786,0.454,0.514,0.3,0.3,0.3,0.3,0.713,0.899,0.3,0.3,0.595
Joint 0: ,-1.7,-1.886,-1.305,-0.625,0.074,0.244,0.354,0.35,0.31,0.509,0.506,0.722,1.003,1.062,1.044,1.166,1.242,1.397,1.083,1.134,1.266,1.272,1.287,1.355,1.547,1.507,1.951,1.967,1.98,1.7
Joint 1: ,-1.0,-0.763,-0.424,-0.274,-0.49,-0.473,-0.61,-0.669,-0.455,-0.727,-0.794,-0.805,-0.86,-0.949,-0.998,-0.851,-0.925,-0.872,-1.116,-0.877,-1.068,-1.182,-1.259,-1.366,-1.476,-1.047,-1.251,-1.326,-1.407,-1.0
Joint 2: ,0.2,0.667,0.586,0.795,0.656,0.337,0.259,0.452,0.074,0.403,0.646,0.394,0.412,0.299,0.508,0.159,0.254,0.333,0.499,0.342,0.373,0.471,0.718,0.907,0.889,0.505,0.348,0.375,0.381,0.5
Joint 3: ,-0.1,-0.226,-0.309,-0.228,0.08,0.344,0.533,0.503,0.679,0.446,0.374,0.506,0.548,0.549,0.703,0.686,0.42,0.477,0.55,0.599,0.621,0.617,0.747,0.714,0.793,0.53,0.611,0.543,0.433,0.3
Joint 4: ,0.3,0.091,-0.3,-0.441,-0.409,-0.661,-0.652,-0.734,-0.562,-0.634,-0.659,-0.52,-0.592,-0.782,-0.431,-0.931,-0.638,-0.44,-0.212,-0.438,-0.04,0.139,0.198,0.344,0.247,0.18,-0.139,-0.097,-0.268,-0.2
Joint 5: ,0.2,0.574,0.548,0.497,0.477,0.462,0.415,0.475,0.426,0.329,0.273,0.413,0.391,0.494,0.292,0.498,0.458,0.379,0.337,0.594,0.385,0.571,0.552,0.603,0.747,0.496,0.065,0.342,0.346,0.2
Joint 6: ,0.1,0.137,0.298,0.047,-0.034,-0.245,-0.368,-0.563,-0.387,-0.719,-0.852,-0.596,-0.571,-0.433,-0.573,-0.528,-0.305,0.002,-0.608,-0.566,-0.645,-0.666,-0.713,-0.827,-0.895,-0.697,-0.196,-0.177,0.028,-0.2
Trial,1,2D Sim,False,Distance Weight,0.7,Random Seed,15,Min Iterations,1200,Lazy,True,Distance cost,1.2671466984063038,Manip Cost,9.746249496616139,Total cost,3.8108775378692545,Node cost function,True,Percent Manip Threshold,0,Update Path,False,Increasing weight,False,Parent finding radius R,0.9,Step Size,0.3,Goal Area Sample Probability,0.05,Goal Area Delta,0.6
Manipulability,0.032,0.068,0.041,0.043,0.084,0.023,0.039,0.08,0.087,0.09,0.082,0.07,0.141,0.147,0.104,0.155,0.146,0.153,0.184,0.128,0.164,0.166,0.171,0.16,0.154,0.199,0.196,0.198,0.206,0.166,0.13,0.124,0.175,0.203,0.234,0.153,0.176,0.109
Distance to Last Node,0.0,0.435,0.857,0.875,0.639,0.73,0.812,0.439,0.3,0.3,0.3,0.3,0.398,0.3,0.751,0.821,0.3,0.385,0.715,0.852,0.623,0.3,0.557,0.821,0.3,0.3,0.3,0.3,0.3,0.591,0.3,0.3,0.869,0.3,0.798,0.704,0.3,0.711
Joint 0: ,-1.7,-1.439,-0.82,-0.099,-0.119,0.063,0.438,0.688,0.797,1.011,1.216,1.325,1.258,1.35,1.385,1.573,1.722,1.751,1.25,1.889,1.735,1.581,1.822,1.828,1.977,1.887,1.966,2.018,1.965,2.059,2.026,2.08,1.919,1.95,1.932,2.003,2.076,1.703
Joint 1: ,-1.0,-1.077,-0.625,-0.627,-0.836,-0.488,-0.387,-0.639,-0.696,-0.832,-0.859,-0.887,-1.052,-0.979,-1.06,-0.915,-0.989,-0.864,-1.054,-0.821,-0.632,-0.604,-0.647,-1.042,-1.168,-1.327,-1.323,-1.418,-1.503,-1.275,-1.425,-1.464,-1.036,-1.14,-1.34,-1.368,-1.269,-0.998
Joint 2: ,0.2,0.135,0.362,0.203,0.225,0.256,0.571,0.593,0.754,0.639,0.64,0.878,0.649,0.47,1.022,0.47,0.367,0.336,0.519,0.469,0.287,0.11,0.378,0.314,0.361,0.249,0.187,0.133,0.119,0.352,0.301,0.56,0.247,0.084,0.195,0.27,0.171,0.479
Joint 3: ,-0.1,-0.265,-0.294,0.033,0.389,-0.063,0.306,0.479,0.615,0.516,0.384,0.249,0.472,0.6,0.386,0.651,0.427,0.749,0.738,0.363,0.856,0.849,0.835,0.495,0.355,0.538,0.645,0.765,0.938,0.574,0.515,0.47,0.82,0.841,0.585,0.349,0.348,0.32
Joint 4: ,0.3,0.133,0.173,0.492,0.588,0.363,-0.128,-0.303,-0.228,-0.217,-0.225,-0.234,-0.252,-0.242,0.046,-0.114,-0.078,-0.005,-0.405,-0.075,0.011,-0.112,0.027,0.013,-0.156,-0.251,-0.426,-0.601,-0.646,-0.509,-0.443,-0.331,0.118,0.234,-0.258,-0.55,-0.372,-0.181
Joint 5: ,0.2,0.407,0.235,0.269,0.133,0.224,0.18,0.163,0.016,0.008,0.072,0.113,0.255,0.273,0.085,0.391,0.409,0.36,0.433,0.504,0.503,0.486,0.651,0.415,0.373,0.388,0.276,0.101,-0.102,0.173,-0.059,-0.037,0.298,0.486,0.675,0.282,0.454,0.233
Joint 6: ,0.1,-0.012,0.237,0.127,-0.331,0.009,-0.167,-0.097,-0.157,-0.111,-0.272,-0.243,-0.177,-0.342,-0.048,-0.399,-0.383,-0.524,-0.364,-0.281,-0.494,-0.358,-0.721,-0.137,-0.124,-0.088,-0.247,-0.254,-0.333,-0.418,-0.463,-0.405,-0.508,-0.558,-0.068,-0.502,-0.563,-0.229
Trial,2,2D Sim,False,Distance Weight,0.7,Random Seed,30,Min Iterations,1200,Lazy,True,Distance cost,0.9424563364709083,Manip Cost,7.902781102719747,Total cost,3.0305537663455606,Node cost function,True,Percent Manip Threshold,0,Update Path,False,Increasing weight,False,Parent finding radius R,0.9,Step Size,0.3,Goal Area Sample Probability,0.05,Goal Area Delta,0.6
Manipulability,0.032,0.066,0.12,0.123,0.111,0.041,0.041,0.092,0.141,0.152,0.141,0.186,0.203,0.147,0.147,0.164,0.17,0.159,0.167,0.165,0.182,0.186,0.17,0.204,0.213,0.239,0.184,0.101
Distance to Last Node,0.0,0.424,0.893,0.797,0.3,0.639,0.873,0.81,0.3,0.3,0.3,0.516,0.3,0.83,0.3,0.773,0.821,0.3,0.3,0.3,0.645,0.3,0.816,0.3,0.3,0.3,0.797,0.734
Joint 0: ,-1.7,-1.434,-0.891,-0.215,-0.259,0.193,0.744,1.09,1.195,1.305,1.536,1.17,1.197,1.587,1.75,1.449,1.745,1.833,1.939,1.865,1.821,1.769,1.812,1.922,1.901,2.01,1.986,1.7
Joint 1: ,-1.0,-1.081,-1.021,-0.845,-0.912,-0.651,-0.39,-0.593,-0.733,-0.778,-0.776,-0.993,-1.073,-0.824,-0.728,-0.771,-0.981,-0.996,-1.152,-1.217,-1.04,-0.996,-1.393,-1.464,-1.449,-1.522,-1.294,-1.0
Joint 2: ,0.2,0.282,0.087,-0.17,-0.293,-0.19,0.098,0.644,0.651,0.769,0.715,0.755,0.918,0.568,0.434,0.694,0.537,0.732,0.803,0.681,0.757,0.914,0.573,0.48,0.288,0.144,0.643,0.5
Joint 3: ,-0.1,0.187,-0.308,-0.182,-0.058,-0.038,0.36,0.384,0.583,0.732,0.673,0.739,0.892,0.694,0.857,0.849,0.592,0.542,0.638,0.692,0.668,0.843,0.627,0.668,0.794,0.927,0.416,0.3
Joint 4: ,0.3,0.357,0.235,0.071,-0.135,0.125,0.228,0.007,0.022,0.215,0.077,0.237,0.374,-0.173,-0.198,0.35,-0.286,-0.407,-0.404,-0.467,-0.514,-0.649,-0.426,-0.248,-0.344,-0.514,-0.649,-0.2
Joint 5: ,0.2,0.111,-0.124,-0.323,-0.399,-0.175,0.141,0.435,0.572,0.52,0.426,0.534,0.467,0.396,0.319,0.689,0.495,0.389,0.19,0.068,0.466,0.456,0.066,0.196,0.148,0.222,0.454,0.2
Joint 6: ,0.1,0.053,0.436,0.439,0.51,0.421,0.225,-0.021,-0.001,-0.008,-0.054,0.15,0.053,-0.047,-0.103,-0.064,0.033,0.157,0.135,-0.074,0.39,0.497,0.123,0.239,0.08,0.091,0.065,-0.2
Trial,3,2D Sim,False,Distance Weight,0.7,Random Seed,45,Min Iterations,1200,Lazy,True,Distance cost,0.9426255402878378,Manip Cost,8.755639563015055,Total cost,3.2865297471060035,Node cost function,True,Percent Manip Threshold,0,Update Path,False,Increasing weight,False,Parent finding radius R,0.9,Step Size,0.3,Goal Area Sample Probability,0.05,Goal Area Delta,0.6
Manipulability,0.032,0.06,0.079,0.072,0.074,0.068,0.119,0.139,0.042,0.055,0.103,0.166,0.139,0.216,0.104,0.119,0.148,0.18,0.187,0.197,0.186,0.188,0.149,0.218,0.225,0.154,0.16,0.136,0.101
Distance to Last Node,0.0,0.662,0.884,0.459,0.852,0.3,0.8,0.3,0.646,0.852,0.737,0.3,0.3,0.467,0.655,0.809,0.3,0.3,0.3,0.3,0.3,0.3,0.838,0.437,0.3,0.772,0.3,0.3,0.502
Joint 0: ,-1.7,-1.209,-0.647,-0.507,-0.064,0.079,0.653,0.827,0.933,1.236,1.542,1.601,1.769,1.696,1.708,1.371,1.45,1.431,1.54,1.65,1.665,1.75,1.384,1.555,1.598,1.622,1.66,1.701,1.7
Joint 1: ,-1.0,-0.664,-0.598,-0.446,-0.562,-0.417,-0.599,-0.653,-0.496,-0.465,-0.224,0.016,0.065,0.147,-0.41,-0.879,-1.107,-1.241,-1.173,-1.206,-1.114,-1.067,-1.085,-1.313,-1.441,-1.194,-1.347,-1.337,-1.0
Joint 2: ,0.2,0.322,0.516,0.79,1.139,1.104,0.874,1.053,0.977,0.533,0.436,0.471,0.57,0.403,0.393,0.349,0.435,0.541,0.406,0.278,0.172,0.327,0.385,0.61,0.802,0.348,0.562,0.681,0.5
Joint 3: ,-0.1,-0.098,-0.179,-0.319,-0.531,-0.519,-0.499,-0.608,-0.149,0.336,0.723,0.851,0.876,0.882,0.768,0.402,0.353,0.432,0.399,0.561,0.59,0.676,0.176,0.367,0.259,0.436,0.46,0.295,0.3
Joint 4: ,0.3,0.275,-0.333,-0.365,0.111,0.268,0.234,0.341,-0.047,0.199,-0.122,-0.031,0.066,-0.226,-0.128,0.122,0.194,0.384,0.359,0.485,0.728,0.871,0.336,0.379,0.285,0.003,0.101,-0.072,-0.2
Joint 5: ,0.2,0.436,0.63,0.663,0.315,0.229,-0.041,-0.029,-0.088,0.281,0.15,0.202,0.008,0.309,0.145,0.336,0.381,0.432,0.575,0.526,0.586,0.71,0.561,0.705,0.743,0.277,0.208,0.254,0.2
Joint 6: ,0.1,-0.014,-0.112,0.154,0.151,0.028,-0.36,-0.326,-0.428,-0.495,-0.828,-0.84,-0.883,-0.935,-0.673,-0.38,-0.259,-0.135,0.047,0.173,0.091,0.207,0.13,0.148,0.034,0.036,-0.029,0.094,-0.2
Trial,4,2D Sim,False,Distance Weight,0.7,Random Seed,60,Min Iterations,1200,Lazy,True,Distance cost,1.0567653693104637,Manip Cost,9.172940518084323,Total cost,3.4916179139426218,Node cost function,True,Percent Manip Threshold,0,Update Path,False,Increasing weight,False,Parent finding radius R,0.9,Step Size,0.3,Goal Area Sample Probability,0.05,Goal Area Delta,0.6
Manipulability,0.032,0.139,0.117,0.034,0.03,0.073,0.06,0.082,0.098,0.102,0.097,0.122,0.112,0.107,0.15,0.151,0.175,0.157,0.18,0.185,0.173,0.15,0.138,0.156,0.185,0.192,0.187,0.168,0.179,0.14,0.101
Distance to Last Node,0.0,0.668,0.542,0.612,0.7,0.778,0.685,0.89,0.3,0.568,0.678,0.851,0.3,0.3,0.654,0.3,0.487,0.646,0.3,0.3,0.463,0.417,0.3,0.849,0.3,0.3,0.537,0.3,0.482,0.768,0.723
Joint 0: ,-1.7,-1.481,-1.111,-0.762,-0.231,0.413,0.764,1.21,1.31,1.202,1.308,1.283,1.384,1.457,1.329,1.391,1.173,1.559,1.562,1.593,1.57,1.738,1.873,1.931,2.006,2.104,2.089,2.236,1.908,1.703,1.7
Joint 1: ,-1.0,-0.769,-0.562,-0.297,-0.374,-0.411,-0.452,-0.71,-0.847,-0.741,-0.986,-0.712,-0.6,-0.558,-0.841,-0.88,-0.928,-1.012,-1.046,-0.986,-1.068,-1.075,-1.115,-1.2,-1.299,-1.311,-1.34,-1.409,-1.4,-0.976,-1.0
Joint 2: ,0.2,0.545,0.658,0.801,0.864,0.949,0.789,0.711,0.733,0.688,0.805,0.583,0.743,0.808,0.402,0.189,0.396,0.139,-0.076,-0.245,0.048,0.241,0.308,0.31,0.1,0.016,0.015,-0.079,0.168,0.419,0.5
Joint 3: ,-0.1,-0.388,-0.302,-0.21,-0.153,-0.454,-0.489,0.06,0.239,0.199,0.321,0.347,0.444,0.464,0.469,0.428,0.532,0.467,0.602,0.711,0.427,0.475,0.474,0.554,0.624,0.503,0.777,0.66,0.819,0.553,0.3
Joint 4: ,0.3,0.339,0.156,-0.165,-0.469,-0.657,-0.183,-0.374,-0.4,-0.156,-0.23,0.007,0.118,0.311,0.153,0.105,0.344,0.056,-0.067,-0.251,-0.215,-0.02,0.094,-0.447,-0.333,-0.35,-0.374,-0.549,-0.389,-0.656,-0.2
Joint 5: ,0.2,-0.176,-0.274,-0.052,0.268,0.034,0.329,0.437,0.325,0.475,0.155,0.601,0.592,0.616,0.635,0.623,0.758,0.457,0.518,0.612,0.556,0.31,0.197,0.176,0.229,0.381,0.053,-0.01,-0.112,0.28,0.2
Joint 6: ,0.1,0.126,0.351,0.326,0.295,0.258,0.18,-0.234,-0.111,-0.573,-0.072,-0.658,-0.799,-1.0,-0.625,-0.813,-0.572,-0.708,-0.635,-0.685,-0.495,-0.582,-0.382,0.259,0.357,0.546,0.223,0.143,0.195,0.287,-0.2
Trial,5,2D Sim,False,Distance Weight,0.7,Random Seed,75,Min Iterations,1200,Lazy,True,Distance cost,0.96808285126293,Manip Cost,8.055711177351426,Total cost,3.094371349089479,Node cost function,True,Percent Manip Threshold,0,Update Path,False,Increasing weight,False,Parent finding radius R,0.9,Step Size,0.3,Goal Area Sample Probability,0.05,Goal Area Delta,0.6
Manipulability,0.032,0.084,0.055,0.047,0.067,0.081,0.108,0.116,0.127,0.103,0.099,0.127,0.136,0.154,0.161,0.148,0.138,0.13,0.168,0.162,0.173,0.207,0.227,0.244,0.262,0.174,0.155,0.194,0.185,0.101
Distance to Last Node,0.0,0.714,0.803,0.788,0.811,0.556,0.3,0.3,0.533,0.634,0.3,0.482,0.3,0.3,0.504,0.673,0.478,0.42,0.786,0.454,0.514,0.3,0.3,0.3,0.3,0.713,0.899,0.3,0.3,0.595
Joint 0: ,-1.7,-1.886,-1.305,-0.625,0.074,0.244,0.354,0.35,0.31,0.509,0.506,0.722,1.003,1.062,1.044,1.166,1.242,1.397,1.083,1.134,1.266,1.272,1.287,1.355,1.547,1.507,1.951,1.967,1.98,1.7
Joint 1: ,-1.0,-0.763,-0.424,-0.274,-0.49,-0.473,-0.61,-0.669,-0.455,-0.727,-0.794,-0.805,-0.86,-0.949,-0.998,-0.851,-0.925,-0.872,-1.116,-0.877,-1.068,-1.182,-1.259,-1.366,-1.476,-1.047,-1.251,-1.326,-1.407,-1.0
Joint 2: ,0.2,0.667,0.586,0.795,0.656,0.337,0.259,0.452,0.074,0.403,0.646,0.394,0.412,0.299,0.508,0.159,0.254,0.333,0.499,0.342,0.373,0.471,0.718,0.907,0.889,0.505,0.348,0.375,0.381,0.5
Joint 3: ,-0.1,-0.226,-0.309,-0.228,0.08,0.344,0.533,0.503,0.679,0.446,0.374,0.506,0.548,0.549,0.703,0.686,0.42,0.477,0.55,0.599,0.621,0.617,0.747,0.714,0.793,0.53,0.611,0.543,0.433,0.3
Joint 4: ,0.3,0.091,-0.3,-0.441,-0.409,-0.661,-0.652,-0.734,-0.562,-0.634,-0.659,-0.52,-0.592,-0.782,-0.431,-0.931,-0.638,-0.44,-0.212,-0.438,-0.04,0.139,0.198,0.344,0.247,0.18,-0.139,-0.097,-0.268,-0.2
Joint 5: ,0.2,0.574,0.548,0.497,0.477,0.462,0.415,0.475,0.426,0.329,0.273,0.413,0.391,0.494,0.292,0.498,0.458,0.379,0.337,0.594,0.385,0.571,0.552,0.603,0.747,0.496,0.065,0.342,0.346,0.2
Joint 6: ,0.1,0.137,0.298,0.047,-0.034,-0.245,-0.368,-0.563,-0.387,-0.719,-0.852,-0.596,-0.571,-0.433,-0.573,-0.528,-0.305,0.002,-0.608,-0.566,-0.645,-0.666,-0.713,-0.827,-0.895,-0.697,-0.196,-0.177,0.028,-0.2
Trial,5,2D Sim,False,Distance Weight,0.9,Random Seed,75,Min Iterations,1200,Lazy,True,Distance cost,0.5485772341309634,Manip Cost,8.809517077806152,Total cost,1.3746712184984822,Node cost function,True,Percent Manip Threshold,0,Update Path,False,Increasing weight,False,Parent finding radius R,0.9,Step Size,0.3,Goal Area Sample Probability,0.05,Goal Area Delta,0.6
Manipulability,0.032,0.084,0.055,0.047,0.067,0.108,0.116,0.103,0.127,0.136,0.154,0.161,0.168,0.173,0.207,0.227,0.174,0.101
Distance to Last Node,0.0,0.714,0.803,0.788,0.811,0.795,0.3,0.3,0.3,0.3,0.3,0.504,0.3,0.3,0.3,0.3,0.435,0.756
Joint 0: ,-1.7,-1.886,-1.305,-0.625,0.074,0.354,0.35,0.509,0.722,1.003,1.062,1.044,1.083,1.266,1.272,1.287,1.507,1.7
Joint 1: ,-1.0,-0.763,-0.424,-0.274,-0.49,-0.61,-0.669,-0.727,-0.805,-0.86,-0.949,-0.998,-1.116,-1.068,-1.182,-1.259,-1.047,-1.0
Joint 2: ,0.2,0.667,0.586,0.795,0.656,0.259,0.452,0.403,0.394,0.412,0.299,0.508,0.499,0.373,0.471,0.718,0.505,0.5
Joint 3: ,-0.1,-0.226,-0.309,-0.228,0.08,0.533,0.503,0.446,0.506,0.548,0.549,0.703,0.55,0.621,0.617,0.747,0.53,0.3
Joint 4: ,0.3,0.091,-0.3,-0.441,-0.409,-0.652,-0.734,-0.634,-0.52,-0.592,-0.782,-0.431,-0.212,-0.04,0.139,0.198,0.18,-0.2
Joint 5: ,0.2,0.574,0.548,0.497,0.477,0.415,0.475,0.329,0.413,0.391,0.494,0.292,0.337,0.385,0.571,0.552,0.496,0.2
Joint 6: ,0.1,0.137,0.298,0.047,-0.034,-0.368,-0.563,-0.719,-0.596,-0.571,-0.433,-0.573,-0.608,-0.645,-0.666,-0.713,-0.697,-0.2
