Trial,1,2D Sim,False,Distance Weight,0.9,Random Seed,15,Min Iterations,1200,Lazy,False,Distance cost,0.6616990591228494,Manip Cost,11.09041606629675,Total cost,1.7045707598402395,Node cost function,True,Percent Manip Threshold,20,Update Path,True,Increasing weight,False,Parent finding radius R,0.9,Step Size,0.3,Goal Area Sample Probability,0.05,Goal Area Delta,0.6
Manipulability,0.032,0.024,0.026,0.044,0.057,0.037,0.039,0.08,0.112,0.133,0.153,0.153,0.184,0.184,0.157,0.128,0.128,0.164,0.164,0.166,0.171,0.171,0.16,0.16,0.154,0.199,0.199,0.199,0.106
Distance to Last Node,0.0,0.442,0.441,0.348,0.348,0.445,0.646,0.439,0.406,0.449,0.449,0.0,0.715,0.0,0.426,0.426,0.0,0.623,0.0,0.3,0.557,0.0,0.821,0.0,0.3,0.3,0.63,0.0,0.507
Joint 0: ,-1.7,-1.281,-0.865,-0.549,-0.233,0.121,0.438,0.688,1.019,1.385,1.751,1.751,1.25,1.25,1.569,1.889,1.889,1.735,1.735,1.581,1.822,1.822,1.828,1.828,1.977,1.887,1.521,1.521,1.689
Joint 1: ,-1.0,-0.876,-0.87,-0.793,-0.716,-0.579,-0.387,-0.639,-0.809,-0.837,-0.864,-0.864,-1.054,-1.054,-0.937,-0.821,-0.821,-0.632,-0.632,-0.604,-0.647,-0.647,-1.042,-1.042,-1.168,-1.327,-1.182,-1.182,-0.997
Joint 2: ,0.2,0.237,0.267,0.289,0.311,0.31,0.571,0.593,0.532,0.434,0.336,0.336,0.519,0.519,0.494,0.469,0.469,0.287,0.287,0.11,0.378,0.378,0.314,0.314,0.361,0.249,0.577,0.577,0.504
Joint 3: ,-0.1,-0.113,-0.045,0.042,0.129,0.057,0.306,0.479,0.539,0.644,0.749,0.749,0.738,0.738,0.551,0.363,0.363,0.856,0.856,0.849,0.835,0.835,0.495,0.495,0.355,0.538,0.539,0.539,0.305
Joint 4: ,0.3,0.31,0.371,0.42,0.47,0.256,-0.128,-0.303,-0.273,-0.139,-0.005,-0.005,-0.405,-0.405,-0.24,-0.075,-0.075,0.011,0.011,-0.112,0.027,0.027,0.013,0.013,-0.156,-0.251,-0.14,-0.14,-0.2
Joint 5: ,0.2,0.165,0.162,0.205,0.248,0.223,0.18,0.163,0.218,0.289,0.36,0.36,0.433,0.433,0.469,0.504,0.504,0.503,0.503,0.486,0.651,0.651,0.415,0.415,0.373,0.388,0.525,0.525,0.229
Joint 6: ,0.1,0.137,0.027,-0.026,-0.079,-0.125,-0.167,-0.097,-0.22,-0.372,-0.524,-0.524,-0.364,-0.364,-0.323,-0.281,-0.281,-0.494,-0.494,-0.358,-0.721,-0.721,-0.137,-0.137,-0.124,-0.088,-0.41,-0.41,-0.201
Trial,2,2D Sim,False,Distance Weight,0.9,Random Seed,30,Min Iterations,1200,Lazy,False,Distance cost,0.41841131974418005,Manip Cost,11.543275063390276,Total cost,1.5308976941087893,Node cost function,True,Percent Manip Threshold,20,Update Path,True,Increasing weight,False,Parent finding radius R,0.9,Step Size,0.3,Goal Area Sample Probability,0.05,Goal Area Delta,0.6
Manipulability,0.032,0.066,0.12,0.122,0.079,0.041,0.023,0.092,0.131,0.157,0.204,0.204,0.117,0.117,0.101
Distance to Last Node,0.0,0.424,0.893,0.399,0.42,0.42,0.722,0.839,0.426,0.446,0.542,0.0,0.693,0.0,0.111
Joint 0: ,-1.7,-1.434,-0.891,-0.553,-0.18,0.193,0.604,1.09,1.417,1.615,1.922,1.922,1.677,1.677,1.7
Joint 1: ,-1.0,-1.081,-1.021,-0.933,-0.792,-0.651,-0.466,-0.593,-0.787,-1.09,-1.464,-1.464,-1.024,-1.024,-1.0
Joint 2: ,0.2,0.282,0.087,-0.042,-0.116,-0.19,0.215,0.644,0.59,0.582,0.48,0.48,0.522,0.522,0.5
Joint 3: ,-0.1,0.187,-0.308,-0.245,-0.141,-0.038,0.146,0.384,0.488,0.557,0.668,0.668,0.37,0.37,0.3
Joint 4: ,0.3,0.357,0.235,0.153,0.139,0.125,0.198,0.007,-0.139,-0.283,-0.248,-0.248,-0.222,-0.222,-0.2
Joint 5: ,0.2,0.111,-0.124,-0.224,-0.199,-0.175,0.082,0.435,0.465,0.266,0.196,0.196,0.218,0.218,0.2
Joint 6: ,0.1,0.053,0.436,0.437,0.429,0.421,0.202,-0.021,0.006,0.064,0.239,0.239,-0.128,-0.128,-0.2
Trial,3,2D Sim,False,Distance Weight,0.9,Random Seed,45,Min Iterations,1200,Lazy,False,Distance cost,0.4674941753481688,Manip Cost,10.466284898517953,Total cost,1.4673732476651469,Node cost function,True,Percent Manip Threshold,20,Update Path,True,Increasing weight,False,Parent finding radius R,0.9,Step Size,0.3,Goal Area Sample Probability,0.05,Goal Area Delta,0.6
Manipulability,0.032,0.06,0.07,0.059,0.068,0.119,0.119,0.152,0.152,0.184,0.134,0.06,0.065,0.103,0.103
Distance to Last Node,0.0,0.662,0.442,0.847,0.761,0.8,0.0,0.763,0.0,0.3,0.423,0.423,0.875,0.781,0.0
Joint 0: ,-1.7,-1.209,-0.928,-0.372,0.079,0.653,0.653,1.049,1.049,1.23,1.217,1.205,1.31,1.665,1.665
Joint 1: ,-1.0,-0.664,-0.631,-0.444,-0.417,-0.599,-0.599,-0.575,-0.575,-0.654,-0.579,-0.504,-0.717,-1.01,-1.01
Joint 2: ,0.2,0.322,0.419,0.944,1.104,0.874,0.874,1.26,1.26,1.136,1.009,0.882,0.315,0.479,0.479
Joint 3: ,-0.1,-0.098,-0.138,-0.341,-0.519,-0.499,-0.499,-0.799,-0.799,-0.895,-0.567,-0.239,0.193,0.317,0.317
Joint 4: ,0.3,0.275,-0.029,-0.206,0.268,0.234,0.234,0.553,0.553,0.608,0.441,0.274,0.334,-0.199,-0.199
Joint 5: ,0.2,0.436,0.533,0.526,0.229,-0.041,-0.041,-0.155,-0.155,-0.132,-0.112,-0.092,0.253,0.188,0.188
Joint 6: ,0.1,-0.014,-0.063,0.097,0.028,-0.36,-0.36,-0.094,-0.094,0.057,-0.09,-0.237,0.043,-0.215,-0.215
Trial,4,2D Sim,False,Distance Weight,0.9,Random Seed,60,Min Iterations,1200,Lazy,False,Distance cost,0.7003381659376529,Manip Cost,9.929340652822463,Total cost,1.6232384146261336,Node cost function,True,Percent Manip Threshold,20,Update Path,True,Increasing weight,False,Parent finding radius R,0.9,Step Size,0.3,Goal Area Sample Probability,0.05,Goal Area Delta,0.6
Manipulability,0.032,0.108,0.034,0.03,0.031,0.059,0.102,0.102,0.121,0.121,0.108,0.106,0.101,0.101,0.182,0.182,0.199,0.224,0.246,0.132,0.132,0.191,0.191,0.218,0.218,0.177,0.114,0.114,0.101
Distance to Last Node,0.0,0.839,0.831,0.7,0.438,0.781,0.716,0.0,0.791,0.0,0.3,0.394,0.394,0.0,0.524,0.0,0.3,0.3,0.3,0.641,0.0,0.787,0.0,0.531,0.0,0.406,0.521,0.0,0.11
Joint 0: ,-1.7,-1.269,-0.762,-0.231,0.198,0.779,1.202,1.202,1.368,1.368,1.502,1.358,1.214,1.214,1.212,1.212,1.294,1.318,1.341,1.346,1.346,1.175,1.175,1.434,1.434,1.481,1.754,1.754,1.7
Joint 1: ,-1.0,-0.709,-0.297,-0.374,-0.421,-0.426,-0.741,-0.741,-0.961,-0.961,-1.099,-1.059,-1.02,-1.02,-1.392,-1.392,-1.432,-1.393,-1.447,-1.5,-1.5,-1.34,-1.34,-1.317,-1.317,-1.251,-1.042,-1.042,-1.0
Joint 2: ,0.2,0.679,0.801,0.864,0.864,0.743,0.688,0.688,0.839,0.839,0.739,0.691,0.644,0.644,0.808,0.808,0.902,1.103,1.244,0.936,0.936,0.726,0.726,0.834,0.834,0.781,0.449,0.449,0.5
Joint 3: ,-0.1,-0.275,-0.21,-0.153,-0.143,0.054,0.199,0.199,0.358,0.358,0.325,0.29,0.255,0.255,0.204,0.204,0.325,0.472,0.57,0.192,0.192,0.183,0.183,0.553,0.553,0.53,0.357,0.357,0.3
Joint 4: ,0.3,0.294,-0.165,-0.469,-0.495,-0.405,-0.156,-0.156,-0.613,-0.613,-0.716,-0.37,-0.024,-0.024,-0.005,-0.005,0.091,0.239,0.421,0.219,0.219,-0.22,-0.22,-0.005,-0.005,-0.114,-0.194,-0.194,-0.2
Joint 5: ,0.2,-0.199,-0.052,0.268,0.259,0.451,0.475,0.475,0.302,0.302,0.187,0.208,0.23,0.23,0.542,0.542,0.511,0.546,0.628,0.319,0.319,0.635,0.635,0.495,0.495,0.276,0.196,0.196,0.2
Joint 6: ,0.1,0.217,0.326,0.295,0.228,-0.19,-0.573,-0.573,-0.06,-0.06,0.074,-0.022,-0.117,-0.117,-0.027,-0.027,-0.246,-0.297,-0.166,-0.349,-0.349,0.129,0.129,0.141,0.141,-0.167,-0.163,-0.163,-0.2
Trial,5,2D Sim,False,Distance Weight,0.9,Random Seed,75,Min Iterations,1200,Lazy,False,Distance cost,0.42314534957876254,Manip Cost,10.167030038776373,Total cost,1.3975338184985233,Node cost function,True,Percent Manip Threshold,20,Update Path,True,Increasing weight,False,Parent finding radius R,0.9,Step Size,0.3,Goal Area Sample Probability,0.05,Goal Area Delta,0.6
Manipulability,0.032,0.055,0.058,0.052,0.061,0.066,0.127,0.173,0.185,0.194,0.194,0.142,0.101,0.101
Distance to Last Node,0.0,0.892,0.59,0.411,0.642,0.518,0.832,0.782,0.444,0.444,0.0,0.378,0.471,0.0
Joint 0: ,-1.7,-1.486,-1.108,-0.732,-0.175,0.224,0.722,1.266,1.616,1.967,1.967,2.022,1.7,1.7
Joint 1: ,-1.0,-0.576,-0.308,-0.315,-0.366,-0.427,-0.805,-1.068,-1.197,-1.326,-1.326,-1.225,-1.0,-1.0
Joint 2: ,0.2,0.48,0.723,0.756,0.639,0.549,0.394,0.373,0.374,0.375,0.375,0.356,0.5,0.5
Joint 3: ,-0.1,-0.369,-0.344,-0.235,0.009,0.236,0.506,0.621,0.582,0.543,0.543,0.218,0.3,0.3
Joint 4: ,0.3,-0.243,-0.354,-0.367,-0.402,-0.523,-0.52,-0.04,-0.068,-0.097,-0.097,-0.243,-0.2,-0.2
Joint 5: ,0.2,0.439,0.634,0.551,0.563,0.424,0.413,0.385,0.363,0.342,0.342,0.394,0.2,0.2
Joint 6: ,0.1,0.362,0.215,0.127,-0.033,-0.143,-0.596,-0.645,-0.411,-0.177,-0.177,-0.186,-0.2,-0.2
