Trial,1,2D Sim,False,Distance Weight,0.9,Random Seed,15,Min Iterations,1200,Lazy,False,Distance cost,0.6451141215565842,Manip Cost,12.052197862350821,Total cost,1.7858224956360078,Node cost function,True,Percent Manip Threshold,10,Update Path,True,Increasing weight,False,Parent finding radius R,0.9,Step Size,0.3,Goal Area Sample Probability,0.05,Goal Area Delta,0.6
Manipulability,0.032,0.024,0.026,0.044,0.057,0.037,0.049,0.087,0.087,0.09,0.082,0.07,0.141,0.147,0.104,0.104,0.155,0.155,0.146,0.153,0.153,0.184,0.184,0.157,0.128,0.128,0.16,0.181,0.198,0.198,0.196,0.199,0.154,0.109
Distance to Last Node,0.0,0.442,0.441,0.348,0.348,0.445,0.799,0.473,0.0,0.3,0.3,0.3,0.398,0.3,0.751,0.0,0.821,0.0,0.3,0.385,0.0,0.715,0.0,0.426,0.426,0.0,0.361,0.439,0.439,0.0,0.3,0.3,0.3,0.388
Joint 0: ,-1.7,-1.281,-0.865,-0.549,-0.233,0.121,0.638,0.797,0.797,1.011,1.216,1.325,1.258,1.35,1.385,1.385,1.573,1.573,1.722,1.751,1.751,1.25,1.25,1.569,1.889,1.889,1.828,1.923,2.018,2.018,1.966,1.887,1.977,1.703
Joint 1: ,-1.0,-0.876,-0.87,-0.793,-0.716,-0.579,-0.448,-0.696,-0.696,-0.832,-0.859,-0.887,-1.052,-0.979,-1.06,-1.06,-0.915,-0.915,-0.989,-0.864,-0.864,-1.054,-1.054,-0.937,-0.821,-0.821,-1.042,-1.23,-1.418,-1.418,-1.323,-1.327,-1.168,-0.998
Joint 2: ,0.2,0.237,0.267,0.289,0.311,0.31,0.448,0.754,0.754,0.639,0.64,0.878,0.649,0.47,1.022,1.022,0.47,0.47,0.367,0.336,0.336,0.519,0.519,0.494,0.469,0.469,0.314,0.224,0.133,0.133,0.187,0.249,0.361,0.479
Joint 3: ,-0.1,-0.113,-0.045,0.042,0.129,0.057,0.444,0.615,0.615,0.516,0.384,0.249,0.472,0.6,0.386,0.386,0.651,0.651,0.427,0.749,0.749,0.738,0.738,0.551,0.363,0.363,0.495,0.63,0.765,0.765,0.645,0.538,0.355,0.32
Joint 4: ,0.3,0.31,0.371,0.42,0.47,0.256,-0.153,-0.228,-0.228,-0.217,-0.225,-0.234,-0.252,-0.242,0.046,0.046,-0.114,-0.114,-0.078,-0.005,-0.005,-0.405,-0.405,-0.24,-0.075,-0.075,0.013,-0.294,-0.601,-0.601,-0.426,-0.251,-0.156,-0.181
Joint 5: ,0.2,0.165,0.162,0.205,0.248,0.223,0.089,0.016,0.016,0.008,0.072,0.113,0.255,0.273,0.085,0.085,0.391,0.391,0.409,0.36,0.36,0.433,0.433,0.469,0.504,0.504,0.415,0.258,0.101,0.101,0.276,0.388,0.373,0.233
Joint 6: ,0.1,0.137,0.027,-0.026,-0.079,-0.125,-0.11,-0.157,-0.157,-0.111,-0.272,-0.243,-0.177,-0.342,-0.048,-0.048,-0.399,-0.399,-0.383,-0.524,-0.524,-0.364,-0.364,-0.323,-0.281,-0.281,-0.137,-0.195,-0.254,-0.254,-0.247,-0.088,-0.124,-0.229
Trial,2,2D Sim,False,Distance Weight,0.9,Random Seed,30,Min Iterations,1200,Lazy,False,Distance cost,0.5153941437040233,Manip Cost,9.339067180281042,Total cost,1.397761447361725,Node cost function,True,Percent Manip Threshold,10,Update Path,True,Increasing weight,False,Parent finding radius R,0.9,Step Size,0.3,Goal Area Sample Probability,0.05,Goal Area Delta,0.6
Manipulability,0.032,0.066,0.12,0.122,0.079,0.041,0.041,0.092,0.186,0.186,0.203,0.147,0.147,0.17,0.159,0.167,0.165,0.101,0.101
Distance to Last Node,0.0,0.424,0.893,0.399,0.42,0.42,0.873,0.81,0.63,0.0,0.3,0.83,0.0,0.3,0.3,0.3,0.3,0.605,0.0
Joint 0: ,-1.7,-1.434,-0.891,-0.553,-0.18,0.193,0.744,1.09,1.17,1.17,1.197,1.587,1.587,1.745,1.833,1.939,1.865,1.7,1.7
Joint 1: ,-1.0,-1.081,-1.021,-0.933,-0.792,-0.651,-0.39,-0.593,-0.993,-0.993,-1.073,-0.824,-0.824,-0.981,-0.996,-1.152,-1.217,-1.0,-1.0
Joint 2: ,0.2,0.282,0.087,-0.042,-0.116,-0.19,0.098,0.644,0.755,0.755,0.918,0.568,0.568,0.537,0.732,0.803,0.681,0.5,0.5
Joint 3: ,-0.1,0.187,-0.308,-0.245,-0.141,-0.038,0.36,0.384,0.739,0.739,0.892,0.694,0.694,0.592,0.542,0.638,0.692,0.3,0.3
Joint 4: ,0.3,0.357,0.235,0.153,0.139,0.125,0.228,0.007,0.237,0.237,0.374,-0.173,-0.173,-0.286,-0.407,-0.404,-0.467,-0.2,-0.2
Joint 5: ,0.2,0.111,-0.124,-0.224,-0.199,-0.175,0.141,0.435,0.534,0.534,0.467,0.396,0.396,0.495,0.389,0.19,0.068,0.2,0.2
Joint 6: ,0.1,0.053,0.436,0.437,0.429,0.421,0.225,-0.021,0.15,0.15,0.053,-0.047,-0.047,0.033,0.157,0.135,-0.074,-0.2,-0.2
Trial,3,2D Sim,False,Distance Weight,0.9,Random Seed,45,Min Iterations,1200,Lazy,False,Distance cost,0.5708723829583102,Manip Cost,9.378672454028857,Total cost,1.4516523900653646,Node cost function,True,Percent Manip Threshold,10,Update Path,True,Increasing weight,False,Parent finding radius R,0.9,Step Size,0.3,Goal Area Sample Probability,0.05,Goal Area Delta,0.6
Manipulability,0.032,0.06,0.07,0.059,0.068,0.119,0.119,0.139,0.142,0.045,0.055,0.119,0.119,0.148,0.18,0.187,0.197,0.218,0.218,0.154,0.154,0.096
Distance to Last Node,0.0,0.662,0.442,0.847,0.761,0.8,0.0,0.3,0.405,0.434,0.771,0.5,0.0,0.3,0.3,0.3,0.3,0.461,0.0,0.655,0.0,0.405
Joint 0: ,-1.7,-1.209,-0.928,-0.372,0.079,0.653,0.653,0.827,0.909,1.038,1.236,1.371,1.371,1.45,1.431,1.54,1.65,1.555,1.555,1.622,1.622,1.726
Joint 1: ,-1.0,-0.664,-0.631,-0.444,-0.417,-0.599,-0.599,-0.653,-0.659,-0.429,-0.465,-0.879,-0.879,-1.107,-1.241,-1.173,-1.206,-1.313,-1.313,-1.194,-1.194,-1.033
Joint 2: ,0.2,0.322,0.419,0.944,1.104,0.874,0.874,1.053,0.834,0.856,0.533,0.349,0.349,0.435,0.541,0.406,0.278,0.61,0.61,0.348,0.348,0.488
Joint 3: ,-0.1,-0.098,-0.138,-0.341,-0.519,-0.499,-0.499,-0.608,-0.571,-0.264,0.336,0.402,0.402,0.353,0.432,0.399,0.561,0.367,0.367,0.436,0.436,0.3
Joint 4: ,0.3,0.275,-0.029,-0.206,0.268,0.234,0.234,0.341,0.014,0.149,0.199,0.122,0.122,0.194,0.384,0.359,0.485,0.379,0.379,0.003,0.003,-0.14
Joint 5: ,0.2,0.436,0.533,0.526,0.229,-0.041,-0.041,-0.029,-0.03,0.009,0.281,0.336,0.336,0.381,0.432,0.575,0.526,0.705,0.705,0.277,0.277,0.153
Joint 6: ,0.1,-0.014,-0.063,0.097,0.028,-0.36,-0.36,-0.326,-0.307,-0.371,-0.495,-0.38,-0.38,-0.259,-0.135,0.047,0.173,0.148,0.148,0.036,0.036,-0.195
Trial,4,2D Sim,False,Distance Weight,0.9,Random Seed,60,Min Iterations,1200,Lazy,False,Distance cost,0.5891026453456649,Manip Cost,10.097434014769437,Total cost,1.539935782288042,Node cost function,True,Percent Manip Threshold,10,Update Path,True,Increasing weight,False,Parent finding radius R,0.9,Step Size,0.3,Goal Area Sample Probability,0.05,Goal Area Delta,0.6
Manipulability,0.032,0.139,0.117,0.117,0.034,0.03,0.05,0.075,0.075,0.069,0.104,0.171,0.171,0.141,0.141,0.12,0.12,0.164,0.167,0.17,0.17,0.222,0.222,0.101,0.101
Distance to Last Node,0.0,0.668,0.542,0.0,0.612,0.7,0.447,0.447,0.0,0.389,0.84,0.479,0.0,0.687,0.0,0.523,0.0,0.3,0.386,0.386,0.0,0.702,0.0,0.81,0.0
Joint 0: ,-1.7,-1.481,-1.111,-1.111,-0.762,-0.231,0.115,0.461,0.461,0.813,1.291,1.289,1.289,1.402,1.402,1.724,1.724,1.792,1.485,1.178,1.178,1.43,1.43,1.7,1.7
Joint 1: ,-1.0,-0.769,-0.562,-0.562,-0.297,-0.374,-0.439,-0.504,-0.504,-0.566,-1.071,-1.388,-1.388,-1.011,-1.011,-1.158,-1.158,-1.31,-1.311,-1.312,-1.312,-1.408,-1.408,-1.0,-1.0
Joint 2: ,0.2,0.545,0.658,0.658,0.801,0.864,0.844,0.824,0.824,0.776,0.616,0.826,0.826,0.323,0.323,0.544,0.544,0.453,0.566,0.678,0.678,0.808,0.808,0.5,0.5
Joint 3: ,-0.1,-0.388,-0.302,-0.302,-0.21,-0.153,-0.018,0.118,0.118,0.048,0.241,0.243,0.243,0.28,0.28,0.358,0.358,0.307,0.216,0.126,0.126,0.607,0.607,0.3,0.3
Joint 4: ,0.3,0.339,0.156,0.156,-0.165,-0.469,-0.369,-0.27,-0.27,-0.369,-0.019,0.126,0.126,-0.121,-0.121,-0.143,-0.143,-0.18,-0.174,-0.168,-0.168,0.189,0.189,-0.2,-0.2
Joint 5: ,0.2,-0.176,-0.274,-0.274,-0.052,0.268,0.386,0.504,0.504,0.434,0.242,0.457,0.457,0.475,0.475,0.171,0.171,0.395,0.489,0.583,0.583,0.419,0.419,0.2,0.2
Joint 6: ,0.1,0.126,0.351,0.351,0.326,0.295,0.112,-0.071,-0.071,-0.098,-0.115,-0.248,-0.248,-0.22,-0.22,-0.225,-0.225,-0.217,-0.057,0.102,0.102,-0.031,-0.031,-0.2,-0.2
Trial,5,2D Sim,False,Distance Weight,0.9,Random Seed,75,Min Iterations,1200,Lazy,False,Distance cost,0.511561046734358,Manip Cost,9.125093532827261,Total cost,1.372914295343648,Node cost function,True,Percent Manip Threshold,10,Update Path,True,Increasing weight,False,Parent finding radius R,0.9,Step Size,0.3,Goal Area Sample Probability,0.05,Goal Area Delta,0.6
Manipulability,0.032,0.055,0.058,0.052,0.061,0.081,0.127,0.127,0.103,0.103,0.127,0.136,0.154,0.161,0.161,0.168,0.157,0.176,0.194,0.194,0.101,0.101
Distance to Last Node,0.0,0.892,0.59,0.411,0.642,0.716,0.466,0.0,0.634,0.0,0.3,0.3,0.3,0.504,0.0,0.3,0.395,0.381,0.381,0.0,0.532,0.0
Joint 0: ,-1.7,-1.486,-1.108,-0.732,-0.175,0.244,0.31,0.31,0.509,0.509,0.722,1.003,1.062,1.044,1.044,1.083,1.282,1.625,1.967,1.967,1.7,1.7
Joint 1: ,-1.0,-0.576,-0.308,-0.315,-0.366,-0.473,-0.455,-0.455,-0.727,-0.727,-0.805,-0.86,-0.949,-0.998,-0.998,-1.116,-1.082,-1.204,-1.326,-1.326,-1.0,-1.0
Joint 2: ,0.2,0.48,0.723,0.756,0.639,0.337,0.074,0.074,0.403,0.403,0.394,0.412,0.299,0.508,0.508,0.499,0.462,0.419,0.375,0.375,0.5,0.5
Joint 3: ,-0.1,-0.369,-0.344,-0.235,0.009,0.344,0.679,0.679,0.446,0.446,0.506,0.548,0.549,0.703,0.703,0.55,0.553,0.548,0.543,0.543,0.3,0.3
Joint 4: ,0.3,-0.243,-0.354,-0.367,-0.402,-0.661,-0.562,-0.562,-0.634,-0.634,-0.52,-0.592,-0.782,-0.431,-0.431,-0.212,-0.269,-0.183,-0.097,-0.097,-0.2,-0.2
Joint 5: ,0.2,0.439,0.634,0.551,0.563,0.462,0.426,0.426,0.329,0.329,0.413,0.391,0.494,0.292,0.292,0.337,0.284,0.313,0.342,0.342,0.2,0.2
Joint 6: ,0.1,0.362,0.215,0.127,-0.033,-0.245,-0.387,-0.387,-0.719,-0.719,-0.596,-0.571,-0.433,-0.573,-0.573,-0.608,-0.28,-0.228,-0.177,-0.177,-0.2,-0.2
Trial,1,2D Sim,False,Distance Weight,0.85,Random Seed,15,Min Iterations,1200,Lazy,False,Distance cost,0.9004841146469348,Manip Cost,10.164026459982473,Total cost,2.2900154664472656,Node cost function,True,Percent Manip Threshold,10,Update Path,True,Increasing weight,False,Parent finding radius R,0.9,Step Size,0.3,Goal Area Sample Probability,0.05,Goal Area Delta,0.6
Manipulability,0.032,0.024,0.026,0.044,0.057,0.037,0.049,0.087,0.087,0.09,0.082,0.07,0.141,0.147,0.104,0.104,0.155,0.155,0.146,0.153,0.153,0.184,0.184,0.157,0.128,0.128,0.149,0.167,0.167,0.16,0.16,0.154,0.199,0.196,0.199,0.199,0.208,0.208,0.154,0.154,0.106,0.106
Distance to Last Node,0.0,0.442,0.441,0.348,0.348,0.445,0.799,0.473,0.0,0.3,0.3,0.3,0.398,0.3,0.751,0.0,0.821,0.0,0.3,0.385,0.0,0.715,0.0,0.426,0.426,0.0,0.372,0.372,0.0,0.73,0.0,0.3,0.3,0.3,0.743,0.0,0.524,0.0,0.663,0.0,0.613,0.0
Joint 0: ,-1.7,-1.281,-0.865,-0.549,-0.233,0.121,0.638,0.797,0.797,1.011,1.216,1.325,1.258,1.35,1.385,1.385,1.573,1.573,1.722,1.751,1.751,1.25,1.25,1.569,1.889,1.889,1.588,1.287,1.287,1.828,1.828,1.977,1.887,1.966,1.521,1.521,1.198,1.198,1.297,1.297,1.689,1.689
Joint 1: ,-1.0,-0.876,-0.87,-0.793,-0.716,-0.579,-0.448,-0.696,-0.696,-0.832,-0.859,-0.887,-1.052,-0.979,-1.06,-1.06,-0.915,-0.915,-0.989,-0.864,-0.864,-1.054,-1.054,-0.937,-0.821,-0.821,-0.971,-1.121,-1.121,-1.042,-1.042,-1.168,-1.327,-1.323,-1.182,-1.182,-1.2,-1.2,-1.2,-1.2,-0.997,-0.997
Joint 2: ,0.2,0.237,0.267,0.289,0.311,0.31,0.448,0.754,0.754,0.639,0.64,0.878,0.649,0.47,1.022,1.022,0.47,0.47,0.367,0.336,0.336,0.519,0.519,0.494,0.469,0.469,0.544,0.619,0.619,0.314,0.314,0.361,0.249,0.187,0.577,0.577,0.307,0.307,0.77,0.77,0.504,0.504
Joint 3: ,-0.1,-0.113,-0.045,0.042,0.129,0.057,0.444,0.615,0.615,0.516,0.384,0.249,0.472,0.6,0.386,0.386,0.651,0.651,0.427,0.749,0.749,0.738,0.738,0.551,0.363,0.363,0.352,0.341,0.341,0.495,0.495,0.355,0.538,0.645,0.539,0.539,0.663,0.663,0.578,0.578,0.305,0.305
Joint 4: ,0.3,0.31,0.371,0.42,0.47,0.256,-0.153,-0.228,-0.228,-0.217,-0.225,-0.234,-0.252,-0.242,0.046,0.046,-0.114,-0.114,-0.078,-0.005,-0.005,-0.405,-0.405,-0.24,-0.075,-0.075,-0.196,-0.318,-0.318,0.013,0.013,-0.156,-0.251,-0.426,-0.14,-0.14,-0.417,-0.417,-0.298,-0.298,-0.2,-0.2
Joint 5: ,0.2,0.165,0.162,0.205,0.248,0.223,0.089,0.016,0.016,0.008,0.072,0.113,0.255,0.273,0.085,0.085,0.391,0.391,0.409,0.36,0.36,0.433,0.433,0.469,0.504,0.504,0.503,0.502,0.502,0.415,0.415,0.373,0.388,0.276,0.525,0.525,0.556,0.556,0.117,0.117,0.229,0.229
Joint 6: ,0.1,0.137,0.027,-0.026,-0.079,-0.125,-0.11,-0.157,-0.157,-0.111,-0.272,-0.243,-0.177,-0.342,-0.048,-0.048,-0.399,-0.399,-0.383,-0.524,-0.524,-0.364,-0.364,-0.323,-0.281,-0.281,-0.215,-0.148,-0.148,-0.137,-0.137,-0.124,-0.088,-0.247,-0.41,-0.41,-0.348,-0.348,-0.316,-0.316,-0.201,-0.201
Trial,2,2D Sim,False,Distance Weight,0.85,Random Seed,30,Min Iterations,1200,Lazy,False,Distance cost,0.6309024611582634,Manip Cost,8.536392265961346,Total cost,1.816725931878726,Node cost function,True,Percent Manip Threshold,10,Update Path,True,Increasing weight,False,Parent finding radius R,0.9,Step Size,0.3,Goal Area Sample Probability,0.05,Goal Area Delta,0.6
Manipulability,0.032,0.066,0.12,0.122,0.079,0.041,0.041,0.092,0.186,0.186,0.203,0.147,0.147,0.147,0.17,0.159,0.167,0.15,0.15,0.182,0.182,0.184,0.184,0.101,0.101
Distance to Last Node,0.0,0.424,0.893,0.399,0.42,0.42,0.873,0.81,0.63,0.0,0.3,0.83,0.0,0.3,0.449,0.3,0.3,0.453,0.0,0.477,0.0,0.54,0.0,0.734,0.0
Joint 0: ,-1.7,-1.434,-0.891,-0.553,-0.18,0.193,0.744,1.09,1.17,1.17,1.197,1.587,1.587,1.75,1.745,1.833,1.939,1.809,1.809,1.821,1.821,1.986,1.986,1.7,1.7
Joint 1: ,-1.0,-1.081,-1.021,-0.933,-0.792,-0.651,-0.39,-0.593,-0.993,-0.993,-1.073,-0.824,-0.824,-0.728,-0.981,-0.996,-1.152,-1.129,-1.129,-1.04,-1.04,-1.294,-1.294,-1.0,-1.0
Joint 2: ,0.2,0.282,0.087,-0.042,-0.116,-0.19,0.098,0.644,0.755,0.755,0.918,0.568,0.568,0.434,0.537,0.732,0.803,0.627,0.627,0.757,0.757,0.643,0.643,0.5,0.5
Joint 3: ,-0.1,0.187,-0.308,-0.245,-0.141,-0.038,0.36,0.384,0.739,0.739,0.892,0.694,0.694,0.857,0.592,0.542,0.638,0.325,0.325,0.668,0.668,0.416,0.416,0.3,0.3
Joint 4: ,0.3,0.357,0.235,0.153,0.139,0.125,0.228,0.007,0.237,0.237,0.374,-0.173,-0.173,-0.198,-0.286,-0.407,-0.404,-0.51,-0.51,-0.514,-0.514,-0.649,-0.649,-0.2,-0.2
Joint 5: ,0.2,0.111,-0.124,-0.224,-0.199,-0.175,0.141,0.435,0.534,0.534,0.467,0.396,0.396,0.319,0.495,0.389,0.19,0.406,0.406,0.466,0.466,0.454,0.454,0.2,0.2
Joint 6: ,0.1,0.053,0.436,0.437,0.429,0.421,0.225,-0.021,0.15,0.15,0.053,-0.047,-0.047,-0.103,0.033,0.157,0.135,0.104,0.104,0.39,0.39,0.065,0.065,-0.2,-0.2
Trial,3,2D Sim,False,Distance Weight,0.85,Random Seed,45,Min Iterations,1200,Lazy,False,Distance cost,0.7127887630815998,Manip Cost,8.719397883872878,Total cost,1.9137801312002916,Node cost function,True,Percent Manip Threshold,10,Update Path,True,Increasing weight,False,Parent finding radius R,0.9,Step Size,0.3,Goal Area Sample Probability,0.05,Goal Area Delta,0.6
Manipulability,0.032,0.06,0.07,0.059,0.068,0.119,0.119,0.139,0.142,0.045,0.055,0.119,0.119,0.148,0.18,0.187,0.197,0.149,0.149,0.142,0.131,0.131,0.154,0.174,0.174,0.187,0.187,0.154,0.154,0.096
Distance to Last Node,0.0,0.662,0.442,0.847,0.761,0.8,0.0,0.3,0.405,0.434,0.771,0.5,0.0,0.3,0.3,0.3,0.3,0.519,0.0,0.395,0.395,0.0,0.439,0.439,0.0,0.465,0.0,0.611,0.0,0.405
Joint 0: ,-1.7,-1.209,-0.928,-0.372,0.079,0.653,0.653,0.827,0.909,1.038,1.236,1.371,1.371,1.45,1.431,1.54,1.65,1.384,1.384,1.457,1.529,1.529,1.736,1.942,1.942,1.726,1.726,1.622,1.622,1.726
Joint 1: ,-1.0,-0.664,-0.631,-0.444,-0.417,-0.599,-0.599,-0.653,-0.659,-0.429,-0.465,-0.879,-0.879,-1.107,-1.241,-1.173,-1.206,-1.085,-1.085,-0.971,-0.858,-0.858,-0.932,-1.007,-1.007,-1.066,-1.066,-1.194,-1.194,-1.033
Joint 2: ,0.2,0.322,0.419,0.944,1.104,0.874,0.874,1.053,0.834,0.856,0.533,0.349,0.349,0.435,0.541,0.406,0.278,0.385,0.385,0.378,0.371,0.371,0.495,0.62,0.62,0.303,0.303,0.348,0.348,0.488
Joint 3: ,-0.1,-0.098,-0.138,-0.341,-0.519,-0.499,-0.499,-0.608,-0.571,-0.264,0.336,0.402,0.402,0.353,0.432,0.399,0.561,0.176,0.176,0.262,0.348,0.348,0.483,0.619,0.619,0.627,0.627,0.436,0.436,0.3
Joint 4: ,0.3,0.275,-0.029,-0.206,0.268,0.234,0.234,0.341,0.014,0.149,0.199,0.122,0.122,0.194,0.384,0.359,0.485,0.336,0.336,0.159,-0.017,-0.017,-0.319,-0.62,-0.62,-0.373,-0.373,0.003,0.003,-0.14
Joint 5: ,0.2,0.436,0.533,0.526,0.229,-0.041,-0.041,-0.029,-0.03,0.009,0.281,0.336,0.336,0.381,0.432,0.575,0.526,0.561,0.561,0.532,0.503,0.503,0.506,0.508,0.508,0.557,0.557,0.277,0.277,0.153
Joint 6: ,0.1,-0.014,-0.063,0.097,0.028,-0.36,-0.36,-0.326,-0.307,-0.371,-0.495,-0.38,-0.38,-0.259,-0.135,0.047,0.173,0.13,0.13,-0.185,-0.499,-0.499,-0.358,-0.218,-0.218,-0.262,-0.262,0.036,0.036,-0.195
Trial,4,2D Sim,False,Distance Weight,0.85,Random Seed,60,Min Iterations,1200,Lazy,False,Distance cost,0.7523294471276414,Manip Cost,9.476492054782122,Total cost,2.0609538382758137,Node cost function,True,Percent Manip Threshold,10,Update Path,True,Increasing weight,False,Parent finding radius R,0.9,Step Size,0.3,Goal Area Sample Probability,0.05,Goal Area Delta,0.6
Manipulability,0.032,0.139,0.117,0.117,0.034,0.03,0.05,0.075,0.075,0.04,0.065,0.171,0.171,0.12,0.12,0.19,0.19,0.16,0.219,0.219,0.241,0.223,0.226,0.222,0.222,0.153,0.153,0.175,0.175,0.101,0.101
Distance to Last Node,0.0,0.668,0.542,0.0,0.612,0.7,0.447,0.447,0.0,0.639,0.443,0.853,0.0,0.692,0.0,0.772,0.0,0.416,0.657,0.0,0.3,0.3,0.42,0.42,0.0,0.675,0.0,0.81,0.0,0.576,0.0
Joint 0: ,-1.7,-1.481,-1.111,-1.111,-0.762,-0.231,0.115,0.461,0.461,0.946,1.168,1.289,1.289,1.104,1.104,1.361,1.361,1.157,1.371,1.371,1.39,1.41,1.42,1.43,1.43,1.372,1.372,1.663,1.663,1.7,1.7
Joint 1: ,-1.0,-0.769,-0.562,-0.562,-0.297,-0.374,-0.439,-0.504,-0.504,-0.493,-0.797,-1.388,-1.388,-1.09,-1.09,-1.402,-1.402,-1.314,-1.367,-1.367,-1.424,-1.496,-1.452,-1.408,-1.408,-1.322,-1.322,-1.005,-1.005,-1.0,-1.0
Joint 2: ,0.2,0.545,0.658,0.658,0.801,0.864,0.844,0.824,0.824,0.745,0.812,0.826,0.826,0.28,0.28,0.877,0.877,0.566,1.103,1.103,1.248,1.273,1.041,0.808,0.808,0.708,0.708,0.237,0.237,0.5,0.5
Joint 3: ,-0.1,-0.388,-0.302,-0.302,-0.21,-0.153,-0.018,0.118,0.118,0.01,0.086,0.243,0.243,0.329,0.329,0.444,0.444,0.419,0.575,0.575,0.668,0.647,0.627,0.607,0.607,0.135,0.135,0.394,0.394,0.3,0.3
Joint 4: ,0.3,0.339,0.156,0.156,-0.165,-0.469,-0.369,-0.27,-0.27,-0.577,-0.384,0.126,0.126,0.1,0.1,0.311,0.311,0.222,0.417,0.417,0.59,0.85,0.519,0.189,0.189,0.058,0.058,-0.206,-0.206,-0.2,-0.2
Joint 5: ,0.2,-0.176,-0.274,-0.274,-0.052,0.268,0.386,0.504,0.504,0.264,0.265,0.457,0.457,0.241,0.241,0.374,0.374,0.266,0.446,0.446,0.539,0.446,0.432,0.419,0.419,0.487,0.487,0.703,0.703,0.2,0.2
Joint 6: ,0.1,0.126,0.351,0.351,0.326,0.295,0.112,-0.071,-0.071,-0.124,-0.042,-0.248,-0.248,-0.194,-0.194,-0.223,-0.223,-0.303,-0.284,-0.284,-0.15,-0.236,-0.134,-0.031,-0.031,-0.466,-0.466,-0.209,-0.209,-0.2,-0.2
Trial,4,2D Sim,False,Distance Weight,0.85,Random Seed,60,Min Iterations,1200,Lazy,False,Distance cost,0.7523294471276414,Manip Cost,9.476492054782122,Total cost,2.0609538382758137,Node cost function,True,Percent Manip Threshold,10,Update Path,True,Increasing weight,False,Parent finding radius R,0.9,Step Size,0.3,Goal Area Sample Probability,0.05,Goal Area Delta,0.6
Manipulability,0.032,0.139,0.117,0.117,0.034,0.03,0.05,0.075,0.075,0.04,0.065,0.171,0.171,0.12,0.12,0.19,0.19,0.16,0.219,0.219,0.241,0.223,0.226,0.222,0.222,0.153,0.153,0.175,0.175,0.101,0.101
Distance to Last Node,0.0,0.668,0.542,0.0,0.612,0.7,0.447,0.447,0.0,0.639,0.443,0.853,0.0,0.692,0.0,0.772,0.0,0.416,0.657,0.0,0.3,0.3,0.42,0.42,0.0,0.675,0.0,0.81,0.0,0.576,0.0
Joint 0: ,-1.7,-1.481,-1.111,-1.111,-0.762,-0.231,0.115,0.461,0.461,0.946,1.168,1.289,1.289,1.104,1.104,1.361,1.361,1.157,1.371,1.371,1.39,1.41,1.42,1.43,1.43,1.372,1.372,1.663,1.663,1.7,1.7
Joint 1: ,-1.0,-0.769,-0.562,-0.562,-0.297,-0.374,-0.439,-0.504,-0.504,-0.493,-0.797,-1.388,-1.388,-1.09,-1.09,-1.402,-1.402,-1.314,-1.367,-1.367,-1.424,-1.496,-1.452,-1.408,-1.408,-1.322,-1.322,-1.005,-1.005,-1.0,-1.0
Joint 2: ,0.2,0.545,0.658,0.658,0.801,0.864,0.844,0.824,0.824,0.745,0.812,0.826,0.826,0.28,0.28,0.877,0.877,0.566,1.103,1.103,1.248,1.273,1.041,0.808,0.808,0.708,0.708,0.237,0.237,0.5,0.5
Joint 3: ,-0.1,-0.388,-0.302,-0.302,-0.21,-0.153,-0.018,0.118,0.118,0.01,0.086,0.243,0.243,0.329,0.329,0.444,0.444,0.419,0.575,0.575,0.668,0.647,0.627,0.607,0.607,0.135,0.135,0.394,0.394,0.3,0.3
Joint 4: ,0.3,0.339,0.156,0.156,-0.165,-0.469,-0.369,-0.27,-0.27,-0.577,-0.384,0.126,0.126,0.1,0.1,0.311,0.311,0.222,0.417,0.417,0.59,0.85,0.519,0.189,0.189,0.058,0.058,-0.206,-0.206,-0.2,-0.2
Joint 5: ,0.2,-0.176,-0.274,-0.274,-0.052,0.268,0.386,0.504,0.504,0.264,0.265,0.457,0.457,0.241,0.241,0.374,0.374,0.266,0.446,0.446,0.539,0.446,0.432,0.419,0.419,0.487,0.487,0.703,0.703,0.2,0.2
Joint 6: ,0.1,0.126,0.351,0.351,0.326,0.295,0.112,-0.071,-0.071,-0.124,-0.042,-0.248,-0.248,-0.194,-0.194,-0.223,-0.223,-0.303,-0.284,-0.284,-0.15,-0.236,-0.134,-0.031,-0.031,-0.466,-0.466,-0.209,-0.209,-0.2,-0.2
