Trial,1,2D Sim,False,Distance Weight,0.9,Random Seed,15,Min Iterations,1200,Lazy,False,Distance cost,0.6170233103840588,Manip Cost,12.313830533248877,Total cost,1.7867040326705403,Node cost function,True,Percent Manip Threshold,0,Update Path,False,Increasing weight,False,Parent finding radius R,0.9,Step Size,0.3,Goal Area Sample Probability,0.05,Goal Area Delta,0.6
Manipulability,0.032,0.045,0.028,0.024,0.032,0.046,0.062,0.05,0.077,0.086,0.121,0.109,0.141,0.125,0.104,0.108,0.115,0.121,0.126,0.134,0.136,0.105,0.123,0.123,0.096,0.114,0.127,0.142,0.15,0.147,0.145,0.101
Distance to Last Node,0.0,0.3,0.265,0.232,0.272,0.272,0.272,0.3,0.3,0.3,0.3,0.3,0.461,0.35,0.35,0.3,0.3,0.241,0.241,0.302,0.302,0.442,0.3,0.3,0.3,0.3,0.3,0.3,0.3,0.3,0.3,0.239
Joint 0: ,-1.7,-1.503,-1.295,-1.081,-0.877,-0.673,-0.469,-0.245,-0.125,0.03,-0.009,0.128,-0.14,0.007,0.154,0.283,0.201,0.276,0.351,0.34,0.33,0.338,0.49,0.486,0.72,0.948,1.148,1.198,1.417,1.643,1.665,1.7
Joint 1: ,-1.0,-0.987,-0.945,-0.951,-0.979,-1.007,-1.035,-0.93,-1.045,-1.068,-1.09,-1.165,-1.038,-1.124,-1.209,-1.082,-0.954,-1.027,-1.099,-1.01,-0.922,-0.992,-0.966,-0.926,-0.882,-0.96,-0.924,-1.0,-1.023,-1.124,-1.097,-1.0
Joint 2: ,0.2,0.036,0.1,0.132,0.131,0.13,0.13,0.117,0.266,0.434,0.542,0.764,0.639,0.751,0.864,0.912,0.94,1.006,1.072,0.996,0.921,1.112,1.099,1.198,1.108,1.056,0.963,0.848,0.669,0.607,0.392,0.5
Joint 3: ,-0.1,-0.074,-0.068,-0.047,0.059,0.165,0.27,0.223,0.271,0.409,0.546,0.464,0.621,0.573,0.525,0.63,0.758,0.722,0.686,0.831,0.975,0.68,0.776,0.737,0.601,0.623,0.65,0.527,0.529,0.413,0.472,0.3
Joint 4: ,0.3,0.165,0.292,0.359,0.441,0.523,0.605,0.475,0.295,0.322,0.439,0.511,0.518,0.51,0.502,0.482,0.291,0.493,0.696,0.467,0.238,0.135,-0.037,-0.239,-0.286,-0.141,-0.079,-0.167,-0.093,-0.192,-0.154,-0.2
Joint 5: ,0.2,0.242,0.173,0.144,0.096,0.049,0.001,0.018,0.084,-0.043,0.022,-0.003,0.147,-0.011,-0.168,-0.249,-0.24,-0.223,-0.206,-0.219,-0.233,-0.3,-0.231,-0.163,-0.165,-0.087,0.042,0.235,0.293,0.295,0.254,0.2
Joint 6: ,0.1,0.043,0.062,0.028,-0.079,-0.186,-0.292,-0.389,-0.354,-0.39,-0.589,-0.522,-0.771,-0.539,-0.307,-0.115,0.0,-0.011,-0.023,-0.086,-0.148,0.077,0.228,0.406,0.339,0.3,0.163,0.07,0.049,0.008,-0.182,-0.2
Trial,2,2D Sim,False,Distance Weight,0.9,Random Seed,30,Min Iterations,1200,Lazy,False,Distance cost,0.3827855517361284,Manip Cost,11.757200205036646,Total cost,1.52022701706618,Node cost function,True,Percent Manip Threshold,0,Update Path,False,Increasing weight,False,Parent finding radius R,0.9,Step Size,0.3,Goal Area Sample Probability,0.05,Goal Area Delta,0.6
Manipulability,0.032,0.063,0.087,0.076,0.092,0.107,0.116,0.115,0.082,0.062,0.055,0.055,0.062,0.054,0.103,0.154,0.127,0.099
Distance to Last Node,0.0,0.525,0.532,0.401,0.354,0.354,0.3,0.3,0.288,0.288,0.291,0.291,0.291,0.244,0.428,0.428,0.241,0.241
Joint 0: ,-1.7,-1.451,-1.236,-1.089,-0.874,-0.658,-0.381,-0.176,-0.014,0.148,0.385,0.622,0.86,1.074,1.263,1.453,1.572,1.691
Joint 1: ,-1.0,-0.903,-0.77,-0.835,-0.928,-1.02,-1.098,-0.976,-0.838,-0.7,-0.743,-0.787,-0.831,-0.857,-0.951,-1.044,-1.025,-1.005
Joint 2: ,0.2,0.144,-0.11,-0.329,-0.479,-0.629,-0.568,-0.485,-0.361,-0.237,-0.165,-0.093,-0.021,0.062,0.331,0.599,0.549,0.499
Joint 3: ,-0.1,-0.271,-0.234,-0.105,-0.096,-0.087,-0.11,-0.151,-0.226,-0.301,-0.22,-0.14,-0.059,-0.056,0.105,0.267,0.279,0.292
Joint 4: ,0.3,0.019,-0.262,-0.453,-0.657,-0.86,-0.837,-0.793,-0.762,-0.731,-0.657,-0.582,-0.508,-0.445,-0.289,-0.134,-0.173,-0.212
Joint 5: ,0.2,0.416,0.594,0.418,0.438,0.458,0.491,0.544,0.432,0.321,0.321,0.322,0.322,0.28,0.407,0.534,0.362,0.19
Joint 6: ,0.1,-0.116,-0.32,-0.265,-0.338,-0.412,-0.449,-0.59,-0.645,-0.7,-0.605,-0.51,-0.415,-0.43,-0.416,-0.401,-0.302,-0.203
Trial,3,2D Sim,False,Distance Weight,0.9,Random Seed,45,Min Iterations,1200,Lazy,False,Distance cost,0.44647511358964787,Manip Cost,9.791880944574828,Total cost,1.3810156966881657,Node cost function,True,Percent Manip Threshold,0,Update Path,False,Increasing weight,False,Parent finding radius R,0.9,Step Size,0.3,Goal Area Sample Probability,0.05,Goal Area Delta,0.6
Manipulability,0.032,0.04,0.05,0.056,0.079,0.108,0.127,0.159,0.148,0.153,0.195,0.139,0.142,0.148,0.123,0.158,0.153,0.056,0.113,0.106,0.101
Distance to Last Node,0.0,0.402,0.402,0.288,0.288,0.288,0.3,0.3,0.3,0.3,0.3,0.352,0.22,0.22,0.275,0.478,0.3,0.446,0.446,0.449,0.405
Joint 0: ,-1.7,-1.444,-1.188,-0.974,-0.759,-0.545,-0.405,-0.229,-0.016,0.191,0.255,0.368,0.355,0.342,0.466,0.739,0.874,1.019,1.165,1.432,1.7
Joint 1: ,-1.0,-0.853,-0.707,-0.681,-0.655,-0.628,-0.61,-0.662,-0.571,-0.709,-0.82,-0.822,-0.814,-0.806,-0.849,-0.825,-0.837,-0.895,-0.953,-0.998,-1.0
Joint 2: ,0.2,0.204,0.208,0.125,0.043,-0.04,0.188,0.383,0.503,0.419,0.371,0.494,0.477,0.459,0.454,0.335,0.205,0.16,0.116,0.31,0.5
Joint 3: ,-0.1,-0.214,-0.328,-0.372,-0.416,-0.459,-0.47,-0.566,-0.489,-0.446,-0.609,-0.415,-0.331,-0.247,-0.291,-0.495,-0.57,-0.302,-0.034,0.144,0.3
Joint 4: ,0.3,0.126,-0.049,0.076,0.201,0.327,0.429,0.522,0.487,0.376,0.501,0.276,0.234,0.193,0.048,-0.212,-0.345,-0.369,-0.394,-0.249,-0.2
Joint 5: ,0.2,0.274,0.349,0.24,0.131,0.022,-0.061,-0.076,-0.197,-0.187,-0.141,-0.116,-0.237,-0.359,-0.188,-0.097,0.026,0.29,0.554,0.368,0.2
Joint 6: ,0.1,-0.06,-0.22,-0.218,-0.216,-0.213,-0.24,-0.224,-0.243,-0.327,-0.491,-0.409,-0.253,-0.097,-0.176,-0.321,-0.451,-0.276,-0.1,-0.157,-0.2
Trial,4,2D Sim,False,Distance Weight,0.9,Random Seed,60,Min Iterations,1200,Lazy,False,Distance cost,0.4249635764787666,Manip Cost,9.149532421856222,Total cost,1.2974204610165119,Node cost function,True,Percent Manip Threshold,0,Update Path,False,Increasing weight,False,Parent finding radius R,0.9,Step Size,0.3,Goal Area Sample Probability,0.05,Goal Area Delta,0.6
Manipulability,0.032,0.106,0.088,0.086,0.081,0.078,0.087,0.096,0.105,0.082,0.065,0.057,0.1,0.168,0.212,0.228,0.184,0.176,0.168,0.168,0.103
Distance to Last Node,0.0,0.454,0.444,0.375,0.262,0.283,0.249,0.249,0.249,0.239,0.239,0.291,0.432,0.432,0.3,0.3,0.417,0.254,0.254,0.339,0.372
Joint 0: ,-1.7,-1.55,-1.285,-1.103,-0.891,-0.621,-0.402,-0.184,0.034,0.242,0.449,0.689,0.953,1.216,1.182,1.241,1.384,1.616,1.848,1.763,1.698
Joint 1: ,-1.0,-0.909,-0.881,-0.888,-0.912,-0.902,-0.873,-0.844,-0.816,-0.842,-0.868,-0.97,-1.069,-1.167,-1.247,-1.33,-1.225,-1.228,-1.23,-1.236,-1.011
Joint 2: ,0.2,0.386,0.639,0.772,0.88,0.869,0.846,0.823,0.799,0.81,0.821,0.843,0.785,0.727,0.808,0.594,0.608,0.522,0.436,0.436,0.504
Joint 3: ,-0.1,-0.302,-0.169,0.036,0.026,0.016,0.035,0.055,0.074,0.177,0.28,0.35,0.544,0.737,0.789,0.873,0.679,0.652,0.624,0.4,0.321
Joint 4: ,0.3,0.279,0.199,0.129,0.031,-0.042,-0.132,-0.221,-0.311,-0.27,-0.23,-0.17,-0.045,0.081,0.155,0.294,0.136,0.101,0.067,-0.041,-0.18
Joint 5: ,0.2,-0.091,-0.177,-0.361,-0.327,-0.308,-0.369,-0.43,-0.491,-0.461,-0.431,-0.366,-0.141,0.083,0.339,0.4,0.222,0.191,0.16,0.366,0.185
Joint 6: ,0.1,-0.022,0.153,0.249,0.274,0.302,0.329,0.356,0.383,0.37,0.357,0.299,0.272,0.246,0.296,0.236,0.018,-0.0,-0.018,-0.076,-0.22
Trial,5,2D Sim,False,Distance Weight,0.9,Random Seed,75,Min Iterations,1200,Lazy,False,Distance cost,0.5332995659266218,Manip Cost,11.221529006664857,Total cost,1.602122510000445,Node cost function,True,Percent Manip Threshold,0,Update Path,False,Increasing weight,False,Parent finding radius R,0.9,Step Size,0.3,Goal Area Sample Probability,0.05,Goal Area Delta,0.6
Manipulability,0.032,0.046,0.048,0.056,0.069,0.083,0.082,0.08,0.047,0.053,0.086,0.079,0.1,0.135,0.156,0.108,0.146,0.161,0.111,0.081,0.096,0.129,0.127,0.133,0.112,0.146,0.103
Distance to Last Node,0.0,0.408,0.263,0.292,0.292,0.292,0.331,0.331,0.3,0.396,0.396,0.3,0.3,0.3,0.3,0.37,0.463,0.3,0.273,0.236,0.236,0.236,0.3,0.3,0.208,0.285,0.363
Joint 0: ,-1.7,-1.511,-1.268,-1.028,-0.788,-0.548,-0.286,-0.025,0.098,0.353,0.608,0.693,0.863,0.867,0.801,0.889,0.869,0.996,1.013,1.042,1.072,1.101,1.356,1.432,1.59,1.78,1.709
Joint 1: ,-1.0,-0.879,-0.852,-0.869,-0.886,-0.904,-0.947,-0.99,-0.85,-0.888,-0.926,-0.815,-0.894,-0.841,-0.665,-0.792,-1.021,-1.021,-1.045,-1.044,-1.042,-1.041,-0.958,-1.08,-1.004,-1.119,-0.995
Joint 2: ,0.2,0.198,0.235,0.291,0.348,0.405,0.477,0.55,0.454,0.439,0.424,0.238,0.271,0.425,0.439,0.332,0.124,-0.104,0.033,0.123,0.212,0.301,0.231,0.326,0.388,0.436,0.505
Joint 3: ,-0.1,-0.222,-0.216,-0.143,-0.071,0.001,0.037,0.073,-0.013,-0.255,-0.498,-0.458,-0.575,-0.732,-0.845,-0.602,-0.737,-0.821,-0.612,-0.4,-0.189,0.023,0.063,0.209,0.143,0.195,0.295
Joint 4: ,0.3,0.132,0.053,-0.047,-0.147,-0.247,-0.242,-0.238,-0.344,-0.209,-0.073,0.088,0.283,0.424,0.621,0.494,0.218,0.102,0.192,0.194,0.196,0.199,0.171,0.139,0.084,-0.053,-0.197
Joint 5: ,0.2,0.309,0.329,0.35,0.371,0.392,0.343,0.294,0.223,0.336,0.449,0.535,0.495,0.498,0.523,0.524,0.402,0.419,0.447,0.49,0.532,0.574,0.594,0.432,0.404,0.492,0.216
Joint 6: ,0.1,0.347,0.384,0.29,0.196,0.102,-0.072,-0.245,-0.395,-0.411,-0.428,-0.4,-0.423,-0.561,-0.61,-0.446,-0.538,-0.568,-0.52,-0.499,-0.479,-0.459,-0.358,-0.249,-0.226,-0.205,-0.207
Trial,1,2D Sim,False,Distance Weight,0.85,Random Seed,15,Min Iterations,1200,Lazy,False,Distance cost,0.7902005530906164,Manip Cost,11.18687720876709,Total cost,2.3497020514420877,Node cost function,True,Percent Manip Threshold,0,Update Path,False,Increasing weight,False,Parent finding radius R,0.9,Step Size,0.3,Goal Area Sample Probability,0.05,Goal Area Delta,0.6
Manipulability,0.032,0.045,0.028,0.024,0.032,0.046,0.062,0.05,0.077,0.086,0.121,0.109,0.141,0.125,0.104,0.108,0.082,0.115,0.121,0.126,0.134,0.136,0.105,0.123,0.123,0.096,0.114,0.127,0.142,0.15,0.147,0.145,0.147,0.193,0.174,0.181,0.188,0.165,0.152,0.101
Distance to Last Node,0.0,0.3,0.265,0.232,0.272,0.272,0.272,0.3,0.3,0.3,0.3,0.3,0.461,0.35,0.35,0.3,0.3,0.479,0.241,0.241,0.302,0.302,0.442,0.3,0.3,0.3,0.3,0.3,0.3,0.3,0.3,0.3,0.3,0.392,0.371,0.216,0.216,0.283,0.256,0.349
Joint 0: ,-1.7,-1.503,-1.295,-1.081,-0.877,-0.673,-0.469,-0.245,-0.125,0.03,-0.009,0.128,-0.14,0.007,0.154,0.283,0.376,0.201,0.276,0.351,0.34,0.33,0.338,0.49,0.486,0.72,0.948,1.148,1.198,1.417,1.643,1.665,1.756,1.735,1.546,1.562,1.578,1.799,1.803,1.7
Joint 1: ,-1.0,-0.987,-0.945,-0.951,-0.979,-1.007,-1.035,-0.93,-1.045,-1.068,-1.09,-1.165,-1.038,-1.124,-1.209,-1.082,-0.963,-0.954,-1.027,-1.099,-1.01,-0.922,-0.992,-0.966,-0.926,-0.882,-0.96,-0.924,-1.0,-1.023,-1.124,-1.097,-1.217,-1.288,-1.251,-1.249,-1.246,-1.29,-1.235,-1.0
Joint 2: ,0.2,0.036,0.1,0.132,0.131,0.13,0.13,0.117,0.266,0.434,0.542,0.764,0.639,0.751,0.864,0.912,0.999,0.94,1.006,1.072,0.996,0.921,1.112,1.099,1.198,1.108,1.056,0.963,0.848,0.669,0.607,0.392,0.478,0.267,0.503,0.508,0.513,0.569,0.664,0.5
Joint 3: ,-0.1,-0.074,-0.068,-0.047,0.059,0.165,0.27,0.223,0.271,0.409,0.546,0.464,0.621,0.573,0.525,0.63,0.528,0.758,0.722,0.686,0.831,0.975,0.68,0.776,0.737,0.601,0.623,0.65,0.527,0.529,0.413,0.472,0.547,0.592,0.48,0.489,0.497,0.362,0.381,0.3
Joint 4: ,0.3,0.165,0.292,0.359,0.441,0.523,0.605,0.475,0.295,0.322,0.439,0.511,0.518,0.51,0.502,0.482,0.478,0.291,0.493,0.696,0.467,0.238,0.135,-0.037,-0.239,-0.286,-0.141,-0.079,-0.167,-0.093,-0.192,-0.154,-0.233,-0.248,-0.278,-0.19,-0.102,-0.142,-0.08,-0.2
Joint 5: ,0.2,0.242,0.173,0.144,0.096,0.049,0.001,0.018,0.084,-0.043,0.022,-0.003,0.147,-0.011,-0.168,-0.249,-0.372,-0.24,-0.223,-0.206,-0.219,-0.233,-0.3,-0.231,-0.163,-0.165,-0.087,0.042,0.235,0.293,0.295,0.254,0.099,0.329,0.326,0.364,0.403,0.351,0.286,0.2
Joint 6: ,0.1,0.043,0.062,0.028,-0.079,-0.186,-0.292,-0.389,-0.354,-0.39,-0.589,-0.522,-0.771,-0.539,-0.307,-0.115,-0.3,0.0,-0.011,-0.023,-0.086,-0.148,0.077,0.228,0.406,0.339,0.3,0.163,0.07,0.049,0.008,-0.182,-0.337,-0.118,0.06,-0.132,-0.325,-0.385,-0.172,-0.2
Trial,2,2D Sim,False,Distance Weight,0.85,Random Seed,30,Min Iterations,1200,Lazy,False,Distance cost,0.6239865926697993,Manip Cost,9.989686836957635,Total cost,2.028841629312975,Node cost function,True,Percent Manip Threshold,0,Update Path,False,Increasing weight,False,Parent finding radius R,0.9,Step Size,0.3,Goal Area Sample Probability,0.05,Goal Area Delta,0.6
Manipulability,0.032,0.063,0.087,0.076,0.092,0.107,0.116,0.115,0.082,0.062,0.055,0.055,0.062,0.054,0.072,0.091,0.089,0.133,0.185,0.205,0.194,0.184,0.207,0.226,0.166,0.184,0.143,0.099
Distance to Last Node,0.0,0.525,0.532,0.401,0.354,0.354,0.3,0.3,0.288,0.288,0.291,0.291,0.291,0.244,0.415,0.415,0.364,0.446,0.446,0.3,0.263,0.263,0.331,0.331,0.409,0.3,0.354,0.354
Joint 0: ,-1.7,-1.451,-1.236,-1.089,-0.874,-0.658,-0.381,-0.176,-0.014,0.148,0.385,0.622,0.86,1.074,1.368,1.663,1.759,1.819,1.879,1.884,1.868,1.852,1.866,1.879,1.923,2.007,1.849,1.691
Joint 1: ,-1.0,-0.903,-0.77,-0.835,-0.928,-1.02,-1.098,-0.976,-0.838,-0.7,-0.743,-0.787,-0.831,-0.857,-0.982,-1.106,-1.011,-1.244,-1.478,-1.457,-1.392,-1.326,-1.346,-1.366,-1.306,-1.352,-1.179,-1.005
Joint 2: ,0.2,0.144,-0.11,-0.329,-0.479,-0.629,-0.568,-0.485,-0.361,-0.237,-0.165,-0.093,-0.021,0.062,0.219,0.376,0.513,0.525,0.537,0.343,0.477,0.611,0.399,0.186,0.291,0.455,0.477,0.499
Joint 3: ,-0.1,-0.271,-0.234,-0.105,-0.096,-0.087,-0.11,-0.151,-0.226,-0.301,-0.22,-0.14,-0.059,-0.056,-0.108,-0.161,0.012,0.312,0.611,0.75,0.766,0.782,0.813,0.844,0.633,0.564,0.428,0.292
Joint 4: ,0.3,0.019,-0.262,-0.453,-0.657,-0.86,-0.837,-0.793,-0.762,-0.731,-0.657,-0.582,-0.508,-0.445,-0.442,-0.439,-0.197,-0.232,-0.268,-0.339,-0.36,-0.381,-0.352,-0.324,-0.47,-0.595,-0.403,-0.212
Joint 5: ,0.2,0.416,0.594,0.418,0.438,0.458,0.491,0.544,0.432,0.321,0.321,0.322,0.322,0.28,0.366,0.452,0.376,0.253,0.13,0.125,0.077,0.029,0.186,0.342,0.086,0.268,0.229,0.19
Joint 6: ,0.1,-0.116,-0.32,-0.265,-0.338,-0.412,-0.449,-0.59,-0.645,-0.7,-0.605,-0.51,-0.415,-0.43,-0.244,-0.057,-0.075,0.111,0.297,0.131,0.339,0.547,0.353,0.159,0.018,0.027,-0.088,-0.203
Trial,3,2D Sim,False,Distance Weight,0.85,Random Seed,45,Min Iterations,1200,Lazy,False,Distance cost,0.5686782277705302,Manip Cost,9.031566791121953,Total cost,1.8381115122732439,Node cost function,True,Percent Manip Threshold,0,Update Path,False,Increasing weight,False,Parent finding radius R,0.9,Step Size,0.3,Goal Area Sample Probability,0.05,Goal Area Delta,0.6
Manipulability,0.032,0.04,0.05,0.056,0.079,0.108,0.127,0.159,0.148,0.153,0.195,0.139,0.124,0.148,0.123,0.158,0.153,0.167,0.189,0.132,0.066,0.101,0.122,0.153,0.152,0.126,0.1
Distance to Last Node,0.0,0.402,0.402,0.288,0.288,0.288,0.3,0.3,0.3,0.3,0.3,0.352,0.226,0.466,0.275,0.478,0.3,0.3,0.3,0.295,0.284,0.437,0.432,0.432,0.416,0.225,0.225
Joint 0: ,-1.7,-1.444,-1.188,-0.974,-0.759,-0.545,-0.405,-0.229,-0.016,0.191,0.255,0.368,0.508,0.342,0.466,0.739,0.874,0.802,0.856,0.946,0.901,0.908,1.089,1.27,1.48,1.597,1.713
Joint 1: ,-1.0,-0.853,-0.707,-0.681,-0.655,-0.628,-0.61,-0.662,-0.571,-0.709,-0.82,-0.822,-0.834,-0.806,-0.849,-0.825,-0.837,-0.759,-0.725,-0.749,-0.82,-0.935,-1.129,-1.322,-1.35,-1.175,-1.001
Joint 2: ,0.2,0.204,0.208,0.125,0.043,-0.04,0.188,0.383,0.503,0.419,0.371,0.494,0.647,0.459,0.454,0.335,0.205,0.041,0.014,0.073,0.113,0.051,0.144,0.238,0.45,0.486,0.521
Joint 3: ,-0.1,-0.214,-0.328,-0.372,-0.416,-0.459,-0.47,-0.566,-0.489,-0.446,-0.609,-0.415,-0.379,-0.247,-0.291,-0.495,-0.57,-0.714,-0.853,-0.614,-0.39,-0.096,0.158,0.412,0.433,0.37,0.308
Joint 4: ,0.3,0.126,-0.049,0.076,0.201,0.327,0.429,0.522,0.487,0.376,0.501,0.276,0.219,0.193,0.048,-0.212,-0.345,-0.435,-0.498,-0.374,-0.273,-0.166,-0.274,-0.383,-0.108,-0.13,-0.153
Joint 5: ,0.2,0.274,0.349,0.24,0.131,0.022,-0.061,-0.076,-0.197,-0.187,-0.141,-0.116,-0.096,-0.359,-0.188,-0.097,0.026,0.145,0.226,0.183,0.291,0.539,0.382,0.225,0.189,0.185,0.182
Joint 6: ,0.1,-0.06,-0.22,-0.218,-0.216,-0.213,-0.24,-0.224,-0.243,-0.327,-0.491,-0.409,-0.355,-0.097,-0.176,-0.321,-0.451,-0.543,-0.307,-0.325,-0.328,-0.449,-0.365,-0.281,-0.201,-0.228,-0.256
Trial,4,2D Sim,False,Distance Weight,0.85,Random Seed,60,Min Iterations,1200,Lazy,False,Distance cost,0.6234028507115195,Manip Cost,8.034310841586612,Total cost,1.7350390493427836,Node cost function,True,Percent Manip Threshold,0,Update Path,False,Increasing weight,False,Parent finding radius R,0.9,Step Size,0.3,Goal Area Sample Probability,0.05,Goal Area Delta,0.6
Manipulability,0.032,0.106,0.088,0.086,0.081,0.078,0.087,0.096,0.105,0.082,0.065,0.057,0.1,0.168,0.147,0.212,0.228,0.184,0.146,0.166,0.186,0.206,0.194,0.179,0.188,0.194,0.187,0.179,0.169,0.152,0.128,0.101
Distance to Last Node,0.0,0.454,0.444,0.375,0.262,0.283,0.249,0.249,0.249,0.239,0.239,0.291,0.432,0.432,0.307,0.431,0.3,0.417,0.242,0.295,0.295,0.295,0.264,0.264,0.208,0.208,0.286,0.286,0.286,0.392,0.232,0.232
Joint 0: ,-1.7,-1.55,-1.285,-1.103,-0.891,-0.621,-0.402,-0.184,0.034,0.242,0.449,0.689,0.953,1.216,1.334,1.182,1.241,1.384,1.312,1.372,1.432,1.491,1.559,1.626,1.558,1.489,1.435,1.381,1.327,1.373,1.537,1.7
Joint 1: ,-1.0,-0.909,-0.881,-0.888,-0.912,-0.902,-0.873,-0.844,-0.816,-0.842,-0.868,-0.97,-1.069,-1.167,-1.174,-1.247,-1.33,-1.225,-1.13,-1.16,-1.19,-1.22,-1.123,-1.026,-1.032,-1.038,-1.026,-1.013,-1.001,-1.022,-1.011,-1.0
Joint 2: ,0.2,0.386,0.639,0.772,0.88,0.869,0.846,0.823,0.799,0.81,0.821,0.843,0.785,0.727,0.814,0.808,0.594,0.608,0.639,0.795,0.951,1.107,1.045,0.983,0.973,0.963,0.967,0.971,0.976,0.687,0.593,0.5
Joint 3: ,-0.1,-0.302,-0.169,0.036,0.026,0.016,0.035,0.055,0.074,0.177,0.28,0.35,0.544,0.737,0.517,0.789,0.873,0.679,0.491,0.536,0.58,0.625,0.667,0.708,0.745,0.783,0.761,0.74,0.719,0.49,0.395,0.3
Joint 4: ,0.3,0.279,0.199,0.129,0.031,-0.042,-0.132,-0.221,-0.311,-0.27,-0.23,-0.17,-0.045,0.081,0.048,0.155,0.294,0.136,0.083,0.087,0.091,0.095,-0.001,-0.097,-0.275,-0.452,-0.396,-0.339,-0.282,-0.284,-0.242,-0.2
Joint 5: ,0.2,-0.091,-0.177,-0.361,-0.327,-0.308,-0.369,-0.43,-0.491,-0.461,-0.431,-0.366,-0.141,0.083,0.147,0.339,0.4,0.222,0.205,0.263,0.321,0.379,0.355,0.331,0.405,0.479,0.409,0.339,0.269,0.348,0.274,0.2
Joint 6: ,0.1,-0.022,0.153,0.249,0.274,0.302,0.329,0.356,0.383,0.37,0.357,0.299,0.272,0.246,0.108,0.296,0.236,0.018,-0.054,-0.284,-0.514,-0.745,-0.946,-1.147,-1.16,-1.174,-0.91,-0.645,-0.38,-0.285,-0.243,-0.2
Trial,5,2D Sim,False,Distance Weight,0.85,Random Seed,75,Min Iterations,1200,Lazy,False,Distance cost,0.7257758386100795,Manip Cost,9.902107452445124,Total cost,2.1022255806853365,Node cost function,True,Percent Manip Threshold,0,Update Path,False,Increasing weight,False,Parent finding radius R,0.9,Step Size,0.3,Goal Area Sample Probability,0.05,Goal Area Delta,0.6
Manipulability,0.032,0.046,0.048,0.056,0.069,0.083,0.082,0.08,0.047,0.053,0.086,0.079,0.1,0.135,0.156,0.108,0.146,0.16,0.161,0.161,0.111,0.081,0.096,0.129,0.162,0.126,0.127,0.133,0.118,0.149,0.18,0.178,0.217,0.184,0.159,0.103
Distance to Last Node,0.0,0.408,0.263,0.292,0.292,0.292,0.331,0.331,0.3,0.396,0.396,0.3,0.3,0.3,0.3,0.37,0.463,0.419,0.303,0.303,0.273,0.236,0.236,0.236,0.3,0.263,0.368,0.3,0.26,0.304,0.304,0.3,0.3,0.291,0.331,0.325
Joint 0: ,-1.7,-1.511,-1.268,-1.028,-0.788,-0.548,-0.286,-0.025,0.098,0.353,0.608,0.693,0.863,0.867,0.801,0.889,0.869,0.879,0.937,0.996,1.013,1.042,1.072,1.101,1.169,1.153,1.356,1.432,1.597,1.784,1.97,1.981,2.06,1.869,1.767,1.709
Joint 1: ,-1.0,-0.879,-0.852,-0.869,-0.886,-0.904,-0.947,-0.99,-0.85,-0.888,-0.926,-0.815,-0.894,-0.841,-0.665,-0.792,-1.021,-0.771,-0.896,-1.021,-1.045,-1.044,-1.042,-1.041,-1.034,-1.09,-0.958,-1.08,-1.083,-1.159,-1.235,-1.361,-1.317,-1.295,-1.127,-0.995
Joint 2: ,0.2,0.198,0.235,0.291,0.348,0.405,0.477,0.55,0.454,0.439,0.424,0.238,0.271,0.425,0.439,0.332,0.124,0.259,0.077,-0.104,0.033,0.123,0.212,0.301,0.451,0.348,0.231,0.326,0.318,0.401,0.484,0.433,0.499,0.49,0.588,0.505
Joint 3: ,-0.1,-0.222,-0.216,-0.143,-0.071,0.001,0.037,0.073,-0.013,-0.255,-0.498,-0.458,-0.575,-0.732,-0.845,-0.602,-0.737,-0.818,-0.819,-0.821,-0.612,-0.4,-0.189,0.023,0.169,0.01,0.063,0.209,0.292,0.27,0.247,0.294,0.493,0.474,0.4,0.295
Joint 4: ,0.3,0.132,0.053,-0.047,-0.147,-0.247,-0.242,-0.238,-0.344,-0.209,-0.073,0.088,0.283,0.424,0.621,0.494,0.218,0.49,0.296,0.102,0.192,0.194,0.196,0.199,0.115,0.044,0.171,0.139,0.073,-0.058,-0.189,-0.308,-0.34,-0.349,-0.347,-0.197
Joint 5: ,0.2,0.309,0.329,0.35,0.371,0.392,0.343,0.294,0.223,0.336,0.449,0.535,0.495,0.498,0.523,0.524,0.402,0.413,0.416,0.419,0.447,0.49,0.532,0.574,0.691,0.539,0.594,0.432,0.265,0.423,0.58,0.461,0.589,0.372,0.393,0.216
Joint 6: ,0.1,0.347,0.384,0.29,0.196,0.102,-0.072,-0.245,-0.395,-0.411,-0.428,-0.4,-0.423,-0.561,-0.61,-0.446,-0.538,-0.656,-0.612,-0.568,-0.52,-0.499,-0.479,-0.459,-0.604,-0.562,-0.358,-0.249,-0.281,-0.233,-0.184,0.018,0.161,0.142,-0.094,-0.207
Trial,1,2D Sim,False,Distance Weight,0.8,Random Seed,15,Min Iterations,1200,Lazy,False,Distance cost,1.0889409706331818,Manip Cost,9.831205019653604,Total cost,2.837393780437266,Node cost function,True,Percent Manip Threshold,0,Update Path,False,Increasing weight,False,Parent finding radius R,0.9,Step Size,0.3,Goal Area Sample Probability,0.05,Goal Area Delta,0.6
Manipulability,0.032,0.045,0.028,0.024,0.032,0.046,0.062,0.05,0.077,0.086,0.121,0.109,0.141,0.125,0.104,0.108,0.082,0.115,0.121,0.126,0.134,0.136,0.105,0.123,0.123,0.096,0.114,0.127,0.108,0.115,0.122,0.142,0.15,0.147,0.145,0.147,0.193,0.158,0.164,0.187,0.196,0.169,0.135,0.16,0.188,0.165,0.174,0.179,0.168,0.203,0.227,0.236,0.199,0.15,0.101
Distance to Last Node,0.0,0.3,0.265,0.232,0.272,0.272,0.272,0.3,0.3,0.3,0.3,0.3,0.461,0.35,0.35,0.3,0.3,0.479,0.241,0.241,0.302,0.302,0.442,0.3,0.3,0.3,0.3,0.3,0.249,0.218,0.218,0.468,0.3,0.3,0.3,0.3,0.392,0.276,0.349,0.3,0.3,0.29,0.29,0.304,0.304,0.283,0.227,0.227,0.363,0.269,0.269,0.3,0.424,0.293,0.293
Joint 0: ,-1.7,-1.503,-1.295,-1.081,-0.877,-0.673,-0.469,-0.245,-0.125,0.03,-0.009,0.128,-0.14,0.007,0.154,0.283,0.376,0.201,0.276,0.351,0.34,0.33,0.338,0.49,0.486,0.72,0.948,1.148,1.071,1.179,1.287,1.198,1.417,1.643,1.665,1.756,1.735,1.824,1.882,1.964,1.894,1.877,1.859,1.718,1.578,1.799,1.832,1.864,1.668,1.736,1.804,1.554,1.765,1.733,1.7
Joint 1: ,-1.0,-0.987,-0.945,-0.951,-0.979,-1.007,-1.035,-0.93,-1.045,-1.068,-1.09,-1.165,-1.038,-1.124,-1.209,-1.082,-0.963,-0.954,-1.027,-1.099,-1.01,-0.922,-0.992,-0.966,-0.926,-0.882,-0.96,-0.924,-1.001,-0.972,-0.942,-1.0,-1.023,-1.124,-1.097,-1.217,-1.288,-1.261,-1.251,-1.218,-1.337,-1.263,-1.189,-1.218,-1.246,-1.29,-1.249,-1.207,-1.276,-1.292,-1.308,-1.359,-1.384,-1.192,-1.0
Joint 2: ,0.2,0.036,0.1,0.132,0.131,0.13,0.13,0.117,0.266,0.434,0.542,0.764,0.639,0.751,0.864,0.912,0.999,0.94,1.006,1.072,0.996,0.921,1.112,1.099,1.198,1.108,1.056,0.963,1.0,1.066,1.133,0.848,0.669,0.607,0.392,0.478,0.267,0.432,0.336,0.402,0.441,0.456,0.47,0.492,0.513,0.569,0.463,0.358,0.408,0.31,0.213,0.116,0.277,0.389,0.5
Joint 3: ,-0.1,-0.074,-0.068,-0.047,0.059,0.165,0.27,0.223,0.271,0.409,0.546,0.464,0.621,0.573,0.525,0.63,0.528,0.758,0.722,0.686,0.831,0.975,0.68,0.776,0.737,0.601,0.623,0.65,0.564,0.614,0.664,0.527,0.529,0.413,0.472,0.547,0.592,0.466,0.654,0.825,0.888,0.759,0.631,0.564,0.497,0.362,0.529,0.696,0.578,0.603,0.627,0.593,0.358,0.329,0.3
Joint 4: ,0.3,0.165,0.292,0.359,0.441,0.523,0.605,0.475,0.295,0.322,0.439,0.511,0.518,0.51,0.502,0.482,0.478,0.291,0.493,0.696,0.467,0.238,0.135,-0.037,-0.239,-0.286,-0.141,-0.079,-0.078,-0.066,-0.055,-0.167,-0.093,-0.192,-0.154,-0.233,-0.248,-0.281,-0.42,-0.508,-0.739,-0.518,-0.297,-0.2,-0.102,-0.142,-0.083,-0.024,-0.087,-0.171,-0.255,-0.321,-0.333,-0.267,-0.2
Joint 5: ,0.2,0.242,0.173,0.144,0.096,0.049,0.001,0.018,0.084,-0.043,0.022,-0.003,0.147,-0.011,-0.168,-0.249,-0.372,-0.24,-0.223,-0.206,-0.219,-0.233,-0.3,-0.231,-0.163,-0.165,-0.087,0.042,-0.082,-0.073,-0.064,0.235,0.293,0.295,0.254,0.099,0.329,0.23,0.083,0.152,0.051,-0.004,-0.059,0.172,0.403,0.351,0.276,0.201,0.171,0.392,0.612,0.667,0.516,0.358,0.2
Joint 6: ,0.1,0.043,0.062,0.028,-0.079,-0.186,-0.292,-0.389,-0.354,-0.39,-0.589,-0.522,-0.771,-0.539,-0.307,-0.115,-0.3,0.0,-0.011,-0.023,-0.086,-0.148,0.077,0.228,0.406,0.339,0.3,0.163,0.325,0.158,-0.009,0.07,0.049,0.008,-0.182,-0.337,-0.118,-0.233,-0.415,-0.605,-0.652,-0.554,-0.456,-0.39,-0.325,-0.385,-0.409,-0.433,-0.172,-0.133,-0.094,-0.176,-0.349,-0.274,-0.2
Trial,2,2D Sim,False,Distance Weight,0.8,Random Seed,30,Min Iterations,1200,Lazy,False,Distance cost,0.36376014580987215,Manip Cost,11.593611569248273,Total cost,2.6097304304975517,Node cost function,True,Percent Manip Threshold,0,Update Path,False,Increasing weight,False,Parent finding radius R,0.9,Step Size,0.3,Goal Area Sample Probability,0.05,Goal Area Delta,0.6
Manipulability,0.032,0.063,0.087,0.076,0.092,0.107,0.116,0.115,0.082,0.062,0.055,0.055,0.062,0.092,0.125,0.111,0.099
Distance to Last Node,0.0,0.525,0.532,0.401,0.354,0.354,0.3,0.3,0.288,0.288,0.291,0.291,0.291,0.347,0.347,0.3,0.3
Joint 0: ,-1.7,-1.451,-1.236,-1.089,-0.874,-0.658,-0.381,-0.176,-0.014,0.148,0.385,0.622,0.86,1.097,1.334,1.512,1.691
Joint 1: ,-1.0,-0.903,-0.77,-0.835,-0.928,-1.02,-1.098,-0.976,-0.838,-0.7,-0.743,-0.787,-0.831,-0.924,-1.017,-1.011,-1.005
Joint 2: ,0.2,0.144,-0.11,-0.329,-0.479,-0.629,-0.568,-0.485,-0.361,-0.237,-0.165,-0.093,-0.021,0.169,0.359,0.429,0.499
Joint 3: ,-0.1,-0.271,-0.234,-0.105,-0.096,-0.087,-0.11,-0.151,-0.226,-0.301,-0.22,-0.14,-0.059,0.005,0.068,0.18,0.292
Joint 4: ,0.3,0.019,-0.262,-0.453,-0.657,-0.86,-0.837,-0.793,-0.762,-0.731,-0.657,-0.582,-0.508,-0.449,-0.39,-0.301,-0.212
Joint 5: ,0.2,0.416,0.594,0.418,0.438,0.458,0.491,0.544,0.432,0.321,0.321,0.322,0.322,0.425,0.527,0.359,0.19
Joint 6: ,0.1,-0.116,-0.32,-0.265,-0.338,-0.412,-0.449,-0.59,-0.645,-0.7,-0.605,-0.51,-0.415,-0.375,-0.334,-0.268,-0.203
Trial,3,2D Sim,False,Distance Weight,0.8,Random Seed,45,Min Iterations,1200,Lazy,False,Distance cost,0.705378611018513,Manip Cost,8.397619064642786,Total cost,2.2438267017433673,Node cost function,True,Percent Manip Threshold,0,Update Path,False,Increasing weight,False,Parent finding radius R,0.9,Step Size,0.3,Goal Area Sample Probability,0.05,Goal Area Delta,0.6
Manipulability,0.032,0.04,0.05,0.056,0.079,0.108,0.127,0.159,0.148,0.153,0.195,0.139,0.124,0.148,0.123,0.153,0.177,0.171,0.158,0.153,0.167,0.189,0.132,0.066,0.101,0.122,0.153,0.159,0.199,0.199,0.159,0.134,0.103
Distance to Last Node,0.0,0.402,0.402,0.288,0.288,0.288,0.3,0.3,0.3,0.3,0.3,0.352,0.226,0.466,0.275,0.307,0.307,0.372,0.372,0.3,0.3,0.3,0.295,0.284,0.437,0.432,0.432,0.378,0.425,0.3,0.383,0.284,0.284
Joint 0: ,-1.7,-1.444,-1.188,-0.974,-0.759,-0.545,-0.405,-0.229,-0.016,0.191,0.255,0.368,0.508,0.342,0.466,0.627,0.789,0.764,0.739,0.874,0.802,0.856,0.946,0.901,0.908,1.089,1.27,1.449,1.558,1.627,1.746,1.72,1.694
Joint 1: ,-1.0,-0.853,-0.707,-0.681,-0.655,-0.628,-0.61,-0.662,-0.571,-0.709,-0.82,-0.822,-0.834,-0.806,-0.849,-0.873,-0.897,-0.861,-0.825,-0.837,-0.759,-0.725,-0.749,-0.82,-0.935,-1.129,-1.322,-1.197,-1.163,-1.104,-1.087,-1.051,-1.015
Joint 2: ,0.2,0.204,0.208,0.125,0.043,-0.04,0.188,0.383,0.503,0.419,0.371,0.494,0.647,0.459,0.454,0.678,0.901,0.618,0.335,0.205,0.041,0.014,0.073,0.113,0.051,0.144,0.238,0.327,0.074,0.165,0.145,0.331,0.517
Joint 3: ,-0.1,-0.214,-0.328,-0.372,-0.416,-0.459,-0.47,-0.566,-0.489,-0.446,-0.609,-0.415,-0.379,-0.247,-0.291,-0.385,-0.479,-0.487,-0.495,-0.57,-0.714,-0.853,-0.614,-0.39,-0.096,0.158,0.412,0.526,0.718,0.763,0.514,0.407,0.3
Joint 4: ,0.3,0.126,-0.049,0.076,0.201,0.327,0.429,0.522,0.487,0.376,0.501,0.276,0.219,0.193,0.048,0.137,0.226,0.007,-0.212,-0.345,-0.435,-0.498,-0.374,-0.273,-0.166,-0.274,-0.383,-0.479,-0.41,-0.295,-0.472,-0.321,-0.17
Joint 5: ,0.2,0.274,0.349,0.24,0.131,0.022,-0.061,-0.076,-0.197,-0.187,-0.141,-0.116,-0.096,-0.359,-0.188,-0.21,-0.232,-0.164,-0.097,0.026,0.145,0.226,0.183,0.291,0.539,0.382,0.225,0.236,0.466,0.552,0.355,0.279,0.203
Joint 6: ,0.1,-0.06,-0.22,-0.218,-0.216,-0.213,-0.24,-0.224,-0.243,-0.327,-0.491,-0.409,-0.355,-0.097,-0.176,-0.187,-0.197,-0.259,-0.321,-0.451,-0.543,-0.307,-0.325,-0.328,-0.449,-0.365,-0.281,-0.025,-0.119,-0.345,-0.347,-0.285,-0.222
Trial,4,2D Sim,False,Distance Weight,0.8,Random Seed,60,Min Iterations,1200,Lazy,False,Distance cost,0.6680669586193273,Manip Cost,8.448774637536628,Total cost,2.224208494402787,Node cost function,True,Percent Manip Threshold,0,Update Path,False,Increasing weight,False,Parent finding radius R,0.9,Step Size,0.3,Goal Area Sample Probability,0.05,Goal Area Delta,0.6
Manipulability,0.032,0.106,0.088,0.086,0.081,0.078,0.087,0.096,0.105,0.082,0.065,0.055,0.087,0.13,0.123,0.116,0.141,0.159,0.162,0.169,0.165,0.173,0.18,0.18,0.18,0.173,0.166,0.174,0.183,0.169,0.155,0.101
Distance to Last Node,0.0,0.454,0.444,0.375,0.262,0.283,0.249,0.249,0.249,0.239,0.239,0.287,0.287,0.287,0.4,0.4,0.3,0.3,0.3,0.3,0.442,0.419,0.419,0.4,0.4,0.287,0.287,0.301,0.301,0.258,0.258,0.439
Joint 0: ,-1.7,-1.55,-1.285,-1.103,-0.891,-0.621,-0.402,-0.184,0.034,0.242,0.449,0.657,0.865,1.074,1.249,1.424,1.475,1.56,1.577,1.652,1.593,1.487,1.381,1.497,1.613,1.401,1.189,1.274,1.358,1.437,1.516,1.7
Joint 1: ,-1.0,-0.909,-0.881,-0.888,-0.912,-0.902,-0.873,-0.844,-0.816,-0.842,-0.868,-0.942,-1.017,-1.091,-1.139,-1.187,-1.278,-1.242,-1.077,-0.921,-1.121,-1.161,-1.201,-1.26,-1.319,-1.309,-1.3,-1.276,-1.251,-1.205,-1.158,-1.0
Joint 2: ,0.2,0.386,0.639,0.772,0.88,0.869,0.846,0.823,0.799,0.81,0.821,0.796,0.771,0.747,0.84,0.932,1.027,1.175,1.168,1.15,1.298,1.103,0.908,0.684,0.46,0.571,0.682,0.737,0.792,0.763,0.735,0.5
Joint 3: ,-0.1,-0.302,-0.169,0.036,0.026,0.016,0.035,0.055,0.074,0.177,0.28,0.387,0.494,0.6,0.438,0.275,0.397,0.497,0.644,0.791,0.581,0.582,0.584,0.396,0.208,0.166,0.124,0.357,0.591,0.578,0.566,0.3
Joint 4: ,0.3,0.279,0.199,0.129,0.031,-0.042,-0.132,-0.221,-0.311,-0.27,-0.23,-0.229,-0.229,-0.229,-0.289,-0.349,-0.577,-0.756,-0.917,-0.966,-1.068,-0.849,-0.63,-0.426,-0.223,-0.192,-0.16,-0.158,-0.156,-0.166,-0.176,-0.2
Joint 5: ,0.2,-0.091,-0.177,-0.361,-0.327,-0.308,-0.369,-0.43,-0.491,-0.461,-0.431,-0.288,-0.146,-0.003,0.11,0.223,0.207,0.227,0.232,0.41,0.315,0.315,0.314,0.439,0.564,0.564,0.564,0.411,0.258,0.212,0.165,0.2
Joint 6: ,0.1,-0.022,0.153,0.249,0.274,0.302,0.329,0.356,0.383,0.37,0.357,0.388,0.419,0.45,0.175,-0.099,-0.047,0.084,0.207,0.141,0.399,0.122,-0.156,-0.181,-0.206,-0.056,0.094,0.142,0.19,-0.044,-0.278,-0.2
Trial,5,2D Sim,False,Distance Weight,0.8,Random Seed,75,Min Iterations,1200,Lazy,False,Distance cost,0.8590309842156925,Manip Cost,9.157059363878584,Total cost,2.5186366601482706,Node cost function,True,Percent Manip Threshold,0,Update Path,False,Increasing weight,False,Parent finding radius R,0.9,Step Size,0.3,Goal Area Sample Probability,0.05,Goal Area Delta,0.6
Manipulability,0.032,0.046,0.048,0.056,0.069,0.083,0.082,0.08,0.047,0.053,0.086,0.079,0.1,0.135,0.156,0.108,0.146,0.16,0.161,0.161,0.111,0.084,0.11,0.139,0.126,0.118,0.112,0.153,0.184,0.224,0.189,0.151,0.151,0.18,0.204,0.2,0.212,0.209,0.206,0.183,0.149,0.101
Distance to Last Node,0.0,0.408,0.263,0.292,0.292,0.292,0.331,0.331,0.3,0.396,0.396,0.3,0.3,0.3,0.3,0.37,0.463,0.419,0.303,0.303,0.273,0.395,0.395,0.3,0.273,0.296,0.296,0.3,0.3,0.3,0.242,0.242,0.269,0.283,0.283,0.3,0.3,0.217,0.217,0.447,0.359,0.359
Joint 0: ,-1.7,-1.511,-1.268,-1.028,-0.788,-0.548,-0.286,-0.025,0.098,0.353,0.608,0.693,0.863,0.867,0.801,0.889,0.869,0.879,0.937,0.996,1.013,1.03,1.046,1.12,1.18,1.412,1.644,1.684,1.645,1.798,1.718,1.638,1.663,1.786,1.91,2.003,2.045,2.064,2.083,1.786,1.743,1.7
Joint 1: ,-1.0,-0.879,-0.852,-0.869,-0.886,-0.904,-0.947,-0.99,-0.85,-0.888,-0.926,-0.815,-0.894,-0.841,-0.665,-0.792,-1.021,-0.771,-0.896,-1.021,-1.045,-0.953,-0.861,-0.877,-1.008,-1.007,-1.007,-1.034,-1.122,-1.252,-1.104,-0.955,-1.039,-1.074,-1.11,-1.071,-1.107,-1.083,-1.059,-1.019,-1.01,-1.0
Joint 2: ,0.2,0.198,0.235,0.291,0.348,0.405,0.477,0.55,0.454,0.439,0.424,0.238,0.271,0.425,0.439,0.332,0.124,0.259,0.077,-0.104,0.033,0.184,0.336,0.479,0.436,0.463,0.491,0.644,0.847,0.836,0.872,0.909,0.681,0.776,0.872,0.933,1.029,0.985,0.942,0.862,0.681,0.5
Joint 3: ,-0.1,-0.222,-0.216,-0.143,-0.071,0.001,0.037,0.073,-0.013,-0.255,-0.498,-0.458,-0.575,-0.732,-0.845,-0.602,-0.737,-0.818,-0.819,-0.821,-0.612,-0.353,-0.094,0.064,0.072,0.184,0.297,0.45,0.589,0.677,0.676,0.675,0.642,0.652,0.662,0.823,0.887,0.928,0.968,0.682,0.491,0.3
Joint 4: ,0.3,0.132,0.053,-0.047,-0.147,-0.247,-0.242,-0.238,-0.344,-0.209,-0.073,0.088,0.283,0.424,0.621,0.494,0.218,0.49,0.296,0.102,0.192,-0.002,-0.197,-0.23,-0.224,-0.26,-0.296,-0.198,-0.102,-0.149,-0.156,-0.163,-0.22,-0.294,-0.367,-0.572,-0.696,-0.635,-0.575,-0.56,-0.38,-0.2
Joint 5: ,0.2,0.309,0.329,0.35,0.371,0.392,0.343,0.294,0.223,0.336,0.449,0.535,0.495,0.498,0.523,0.524,0.402,0.413,0.416,0.419,0.447,0.542,0.637,0.744,0.533,0.4,0.267,0.378,0.385,0.545,0.375,0.204,0.171,0.374,0.578,0.498,0.658,0.643,0.628,0.485,0.342,0.2
Joint 6: ,0.1,0.347,0.384,0.29,0.196,0.102,-0.072,-0.245,-0.395,-0.411,-0.428,-0.4,-0.423,-0.561,-0.61,-0.446,-0.538,-0.656,-0.612,-0.568,-0.52,-0.417,-0.315,-0.475,-0.39,-0.351,-0.313,-0.176,-0.281,-0.402,-0.401,-0.401,-0.315,-0.399,-0.484,-0.529,-0.71,-0.513,-0.316,-0.34,-0.27,-0.2
Trial,1,2D Sim,False,Distance Weight,0.7,Random Seed,15,Min Iterations,1200,Lazy,False,Distance cost,1.2764021763369942,Manip Cost,9.361055237110406,Total cost,3.701798094569018,Node cost function,True,Percent Manip Threshold,0,Update Path,False,Increasing weight,False,Parent finding radius R,0.9,Step Size,0.3,Goal Area Sample Probability,0.05,Goal Area Delta,0.6
Manipulability,0.032,0.045,0.028,0.024,0.032,0.046,0.062,0.05,0.077,0.086,0.121,0.109,0.141,0.125,0.104,0.108,0.082,0.115,0.121,0.126,0.134,0.136,0.105,0.123,0.123,0.131,0.126,0.114,0.127,0.108,0.115,0.122,0.142,0.15,0.147,0.145,0.147,0.193,0.158,0.114,0.141,0.164,0.187,0.196,0.169,0.135,0.16,0.188,0.165,0.151,0.131,0.136,0.146,0.155,0.153,0.196,0.227,0.223,0.218,0.184,0.177,0.169,0.186,0.145,0.101
Distance to Last Node,0.0,0.3,0.265,0.232,0.272,0.272,0.272,0.3,0.3,0.3,0.3,0.3,0.461,0.35,0.35,0.3,0.3,0.479,0.241,0.241,0.302,0.302,0.442,0.3,0.3,0.3,0.359,0.359,0.3,0.249,0.218,0.218,0.468,0.3,0.3,0.3,0.3,0.392,0.276,0.276,0.216,0.216,0.3,0.3,0.29,0.29,0.304,0.304,0.413,0.213,0.213,0.31,0.302,0.302,0.32,0.357,0.357,0.209,0.209,0.413,0.22,0.22,0.352,0.299,0.299
Joint 0: ,-1.7,-1.503,-1.295,-1.081,-0.877,-0.673,-0.469,-0.245,-0.125,0.03,-0.009,0.128,-0.14,0.007,0.154,0.283,0.376,0.201,0.276,0.351,0.34,0.33,0.338,0.49,0.486,0.393,0.671,0.948,1.148,1.071,1.179,1.287,1.198,1.417,1.643,1.665,1.756,1.735,1.824,1.914,1.898,1.882,1.964,1.894,1.877,1.859,1.718,1.578,1.831,1.926,2.02,1.914,1.649,1.385,1.376,1.59,1.804,1.61,1.415,1.696,1.878,2.06,1.983,1.842,1.7
Joint 1: ,-1.0,-0.987,-0.945,-0.951,-0.979,-1.007,-1.035,-0.93,-1.045,-1.068,-1.09,-1.165,-1.038,-1.124,-1.209,-1.082,-0.963,-0.954,-1.027,-1.099,-1.01,-0.922,-0.992,-0.966,-0.926,-0.796,-0.878,-0.96,-0.924,-1.001,-0.972,-0.942,-1.0,-1.023,-1.124,-1.097,-1.217,-1.288,-1.261,-1.233,-1.242,-1.251,-1.218,-1.337,-1.263,-1.189,-1.218,-1.246,-1.24,-1.287,-1.333,-1.257,-1.23,-1.204,-1.207,-1.257,-1.308,-1.318,-1.327,-1.368,-1.33,-1.293,-1.201,-1.101,-1.0
Joint 2: ,0.2,0.036,0.1,0.132,0.131,0.13,0.13,0.117,0.266,0.434,0.542,0.764,0.639,0.751,0.864,0.912,0.999,0.94,1.006,1.072,0.996,0.921,1.112,1.099,1.198,1.144,1.1,1.056,0.963,1.0,1.066,1.133,0.848,0.669,0.607,0.392,0.478,0.267,0.432,0.598,0.467,0.336,0.402,0.441,0.456,0.47,0.492,0.513,0.511,0.568,0.624,0.692,0.637,0.582,0.547,0.38,0.213,0.217,0.222,0.33,0.29,0.25,0.189,0.345,0.5
Joint 3: ,-0.1,-0.074,-0.068,-0.047,0.059,0.165,0.27,0.223,0.271,0.409,0.546,0.464,0.621,0.573,0.525,0.63,0.528,0.758,0.722,0.686,0.831,0.975,0.68,0.776,0.737,0.959,0.791,0.623,0.65,0.564,0.614,0.664,0.527,0.529,0.413,0.472,0.547,0.592,0.466,0.34,0.497,0.654,0.825,0.888,0.759,0.631,0.564,0.497,0.533,0.38,0.227,0.314,0.313,0.313,0.421,0.524,0.627,0.577,0.527,0.325,0.288,0.252,0.369,0.335,0.3
Joint 4: ,0.3,0.165,0.292,0.359,0.441,0.523,0.605,0.475,0.295,0.322,0.439,0.511,0.518,0.51,0.502,0.482,0.478,0.291,0.493,0.696,0.467,0.238,0.135,-0.037,-0.239,-0.333,-0.237,-0.141,-0.079,-0.078,-0.066,-0.055,-0.167,-0.093,-0.192,-0.154,-0.233,-0.248,-0.281,-0.314,-0.367,-0.42,-0.508,-0.739,-0.518,-0.297,-0.2,-0.102,-0.34,-0.261,-0.182,-0.1,-0.088,-0.075,-0.052,-0.154,-0.255,-0.256,-0.257,-0.301,-0.298,-0.296,-0.254,-0.227,-0.2
Joint 5: ,0.2,0.242,0.173,0.144,0.096,0.049,0.001,0.018,0.084,-0.043,0.022,-0.003,0.147,-0.011,-0.168,-0.249,-0.372,-0.24,-0.223,-0.206,-0.219,-0.233,-0.3,-0.231,-0.163,-0.121,-0.104,-0.087,0.042,-0.082,-0.073,-0.064,0.235,0.293,0.295,0.254,0.099,0.329,0.23,0.131,0.107,0.083,0.152,0.051,-0.004,-0.059,0.172,0.403,0.224,0.262,0.299,0.26,0.325,0.389,0.272,0.442,0.612,0.586,0.559,0.462,0.47,0.478,0.557,0.378,0.2
Joint 6: ,0.1,0.043,0.062,0.028,-0.079,-0.186,-0.292,-0.389,-0.354,-0.39,-0.589,-0.522,-0.771,-0.539,-0.307,-0.115,-0.3,0.0,-0.011,-0.023,-0.086,-0.148,0.077,0.228,0.406,0.452,0.376,0.3,0.163,0.325,0.158,-0.009,0.07,0.049,0.008,-0.182,-0.337,-0.118,-0.233,-0.348,-0.381,-0.415,-0.605,-0.652,-0.554,-0.456,-0.39,-0.325,-0.457,-0.45,-0.444,-0.202,-0.316,-0.431,-0.157,-0.125,-0.094,-0.145,-0.197,-0.359,-0.463,-0.568,-0.278,-0.239,-0.2
Trial,2,2D Sim,False,Distance Weight,0.7,Random Seed,30,Min Iterations,1200,Lazy,False,Distance cost,0.9320621099673079,Manip Cost,9.446209517351248,Total cost,3.4863063321824903,Node cost function,True,Percent Manip Threshold,0,Update Path,False,Increasing weight,False,Parent finding radius R,0.9,Step Size,0.3,Goal Area Sample Probability,0.05,Goal Area Delta,0.6
Manipulability,0.032,0.063,0.087,0.076,0.092,0.107,0.116,0.115,0.082,0.062,0.055,0.055,0.062,0.054,0.052,0.046,0.058,0.09,0.123,0.115,0.107,0.146,0.143,0.138,0.143,0.142,0.134,0.149,0.162,0.133,0.157,0.185,0.205,0.15,0.161,0.169,0.201,0.226,0.243,0.223,0.179,0.223,0.164,0.099
Distance to Last Node,0.0,0.525,0.532,0.401,0.354,0.354,0.3,0.3,0.288,0.288,0.291,0.291,0.291,0.244,0.403,0.403,0.262,0.262,0.262,0.294,0.294,0.3,0.242,0.242,0.373,0.373,0.3,0.321,0.321,0.312,0.404,0.404,0.3,0.273,0.264,0.264,0.351,0.351,0.3,0.349,0.349,0.224,0.428,0.428
Joint 0: ,-1.7,-1.451,-1.236,-1.089,-0.874,-0.658,-0.381,-0.176,-0.014,0.148,0.385,0.622,0.86,1.074,1.345,1.616,1.666,1.716,1.766,1.76,1.754,1.711,1.733,1.756,1.749,1.742,1.791,1.759,1.727,1.689,1.784,1.879,1.884,1.85,1.846,1.841,1.86,1.879,1.994,1.982,1.969,2.039,1.865,1.691
Joint 1: ,-1.0,-0.903,-0.77,-0.835,-0.928,-1.02,-1.098,-0.976,-0.838,-0.7,-0.743,-0.787,-0.831,-0.857,-1.032,-1.206,-1.227,-1.247,-1.267,-1.273,-1.279,-1.216,-1.325,-1.433,-1.222,-1.011,-0.825,-0.991,-1.157,-1.054,-1.266,-1.478,-1.457,-1.43,-1.374,-1.317,-1.342,-1.366,-1.452,-1.436,-1.42,-1.466,-1.236,-1.005
Joint 2: ,0.2,0.144,-0.11,-0.329,-0.479,-0.629,-0.568,-0.485,-0.361,-0.237,-0.165,-0.093,-0.021,0.062,0.25,0.437,0.485,0.533,0.58,0.728,0.875,1.014,0.836,0.658,0.902,1.145,1.15,0.962,0.774,0.98,0.758,0.537,0.343,0.426,0.532,0.638,0.412,0.186,0.051,0.291,0.53,0.483,0.491,0.499
Joint 3: ,-0.1,-0.271,-0.234,-0.105,-0.096,-0.087,-0.11,-0.151,-0.226,-0.301,-0.22,-0.14,-0.059,-0.056,-0.07,-0.084,0.135,0.354,0.573,0.536,0.499,0.678,0.604,0.531,0.667,0.803,0.874,0.799,0.723,0.692,0.651,0.611,0.75,0.503,0.601,0.7,0.772,0.844,0.974,0.733,0.492,0.644,0.468,0.292
Joint 4: ,0.3,0.019,-0.262,-0.453,-0.657,-0.86,-0.837,-0.793,-0.762,-0.731,-0.657,-0.582,-0.508,-0.445,-0.459,-0.473,-0.478,-0.483,-0.488,-0.479,-0.47,-0.6,-0.513,-0.425,-0.513,-0.602,-0.768,-0.624,-0.48,-0.614,-0.441,-0.268,-0.339,-0.385,-0.391,-0.396,-0.36,-0.324,-0.502,-0.526,-0.55,-0.58,-0.396,-0.212
Joint 5: ,0.2,0.416,0.594,0.418,0.438,0.458,0.491,0.544,0.432,0.321,0.321,0.322,0.322,0.28,0.243,0.206,0.097,-0.012,-0.121,-0.126,-0.131,-0.09,-0.059,-0.028,-0.088,-0.149,-0.028,0.016,0.059,-0.095,0.018,0.13,0.125,0.074,0.043,0.012,0.177,0.342,0.394,0.329,0.263,0.391,0.29,0.19
Joint 6: ,0.1,-0.116,-0.32,-0.265,-0.338,-0.412,-0.449,-0.59,-0.645,-0.7,-0.605,-0.51,-0.415,-0.43,-0.284,-0.138,-0.199,-0.26,-0.321,-0.07,0.181,0.299,0.277,0.255,0.329,0.402,0.326,0.431,0.535,0.547,0.422,0.297,0.131,0.122,0.333,0.544,0.352,0.159,0.16,0.121,0.083,0.113,-0.045,-0.203
Trial,3,2D Sim,False,Distance Weight,0.7,Random Seed,45,Min Iterations,1200,Lazy,False,Distance cost,0.7934512324350413,Manip Cost,8.258547360355436,Total cost,3.03298007081116,Node cost function,True,Percent Manip Threshold,0,Update Path,False,Increasing weight,False,Parent finding radius R,0.9,Step Size,0.3,Goal Area Sample Probability,0.05,Goal Area Delta,0.6
Manipulability,0.032,0.04,0.05,0.056,0.079,0.108,0.127,0.159,0.148,0.153,0.104,0.15,0.195,0.139,0.124,0.148,0.123,0.153,0.177,0.171,0.158,0.153,0.167,0.152,0.172,0.189,0.132,0.073,0.07,0.156,0.124,0.142,0.157,0.199,0.199,0.179,0.148,0.125,0.101
Distance to Last Node,0.0,0.402,0.402,0.288,0.288,0.288,0.3,0.3,0.3,0.3,0.3,0.27,0.27,0.352,0.226,0.466,0.275,0.307,0.307,0.372,0.372,0.3,0.3,0.3,0.23,0.23,0.295,0.295,0.429,0.429,0.358,0.411,0.411,0.3,0.3,0.267,0.267,0.254,0.254
Joint 0: ,-1.7,-1.444,-1.188,-0.974,-0.759,-0.545,-0.405,-0.229,-0.016,0.191,0.299,0.277,0.255,0.368,0.508,0.342,0.466,0.627,0.789,0.764,0.739,0.874,0.802,0.9,0.878,0.856,0.946,1.037,0.901,0.766,0.921,1.159,1.396,1.558,1.627,1.622,1.617,1.658,1.7
Joint 1: ,-1.0,-0.853,-0.707,-0.681,-0.655,-0.628,-0.61,-0.662,-0.571,-0.709,-0.714,-0.767,-0.82,-0.822,-0.834,-0.806,-0.849,-0.873,-0.897,-0.861,-0.825,-0.837,-0.759,-0.56,-0.642,-0.725,-0.749,-0.774,-0.911,-1.048,-1.07,-1.063,-1.056,-1.163,-1.104,-1.123,-1.143,-1.071,-1.0
Joint 2: ,0.2,0.204,0.208,0.125,0.043,-0.04,0.188,0.383,0.503,0.419,0.571,0.471,0.371,0.494,0.647,0.459,0.454,0.678,0.901,0.618,0.335,0.205,0.041,-0.094,-0.04,0.014,0.073,0.131,0.133,0.135,0.205,0.17,0.134,0.074,0.165,0.226,0.287,0.394,0.5
Joint 3: ,-0.1,-0.214,-0.328,-0.372,-0.416,-0.459,-0.47,-0.566,-0.489,-0.446,-0.285,-0.447,-0.609,-0.415,-0.379,-0.247,-0.291,-0.385,-0.479,-0.487,-0.495,-0.57,-0.714,-0.711,-0.782,-0.853,-0.614,-0.375,-0.091,0.193,0.254,0.421,0.589,0.718,0.763,0.668,0.573,0.436,0.3
Joint 4: ,0.3,0.126,-0.049,0.076,0.201,0.327,0.429,0.522,0.487,0.376,0.221,0.361,0.501,0.276,0.219,0.193,0.048,0.137,0.226,0.007,-0.212,-0.345,-0.435,-0.484,-0.491,-0.498,-0.374,-0.249,-0.215,-0.181,-0.081,-0.223,-0.364,-0.41,-0.295,-0.411,-0.528,-0.364,-0.2
Joint 5: ,0.2,0.274,0.349,0.24,0.131,0.022,-0.061,-0.076,-0.197,-0.187,-0.161,-0.151,-0.141,-0.116,-0.096,-0.359,-0.188,-0.21,-0.232,-0.164,-0.097,0.026,0.145,0.134,0.18,0.226,0.183,0.14,0.378,0.617,0.343,0.318,0.293,0.466,0.552,0.35,0.149,0.175,0.2
Joint 6: ,0.1,-0.06,-0.22,-0.218,-0.216,-0.213,-0.24,-0.224,-0.243,-0.327,-0.258,-0.374,-0.491,-0.409,-0.355,-0.097,-0.176,-0.187,-0.197,-0.259,-0.321,-0.451,-0.543,-0.684,-0.496,-0.307,-0.325,-0.342,-0.432,-0.521,-0.621,-0.371,-0.121,-0.119,-0.345,-0.281,-0.216,-0.208,-0.2
Trial,4,2D Sim,False,Distance Weight,0.7,Random Seed,60,Min Iterations,1200,Lazy,False,Distance cost,0.6864014519677961,Manip Cost,8.44497066648948,Total cost,3.013972216324302,Node cost function,True,Percent Manip Threshold,0,Update Path,False,Increasing weight,False,Parent finding radius R,0.9,Step Size,0.3,Goal Area Sample Probability,0.05,Goal Area Delta,0.6
Manipulability,0.032,0.106,0.088,0.086,0.081,0.078,0.087,0.096,0.105,0.082,0.065,0.055,0.087,0.13,0.123,0.116,0.141,0.159,0.162,0.169,0.165,0.173,0.18,0.169,0.17,0.166,0.174,0.159,0.144,0.165,0.174,0.16,0.101
Distance to Last Node,0.0,0.454,0.444,0.375,0.262,0.283,0.249,0.249,0.249,0.239,0.239,0.287,0.287,0.287,0.4,0.4,0.3,0.3,0.3,0.3,0.442,0.419,0.419,0.3,0.39,0.39,0.299,0.25,0.25,0.306,0.306,0.417,0.303
Joint 0: ,-1.7,-1.55,-1.285,-1.103,-0.891,-0.621,-0.402,-0.184,0.034,0.242,0.449,0.657,0.865,1.074,1.249,1.424,1.475,1.56,1.577,1.652,1.593,1.487,1.381,1.312,1.251,1.189,1.273,1.334,1.394,1.55,1.707,1.649,1.7
Joint 1: ,-1.0,-0.909,-0.881,-0.888,-0.912,-0.902,-0.873,-0.844,-0.816,-0.842,-0.868,-0.942,-1.017,-1.091,-1.139,-1.187,-1.278,-1.242,-1.077,-0.921,-1.121,-1.161,-1.201,-1.148,-1.224,-1.301,-1.276,-1.255,-1.234,-1.143,-1.051,-1.083,-1.0
Joint 2: ,0.2,0.386,0.639,0.772,0.88,0.869,0.846,0.823,0.799,0.81,0.821,0.796,0.771,0.747,0.84,0.932,1.027,1.175,1.168,1.15,1.298,1.103,0.908,0.637,0.661,0.685,0.738,0.699,0.659,0.471,0.282,0.495,0.5
Joint 3: ,-0.1,-0.302,-0.169,0.036,0.026,0.016,0.035,0.055,0.074,0.177,0.28,0.387,0.494,0.6,0.438,0.275,0.397,0.497,0.644,0.791,0.581,0.582,0.584,0.549,0.339,0.129,0.36,0.259,0.159,0.232,0.306,0.442,0.3
Joint 4: ,0.3,0.279,0.199,0.129,0.031,-0.042,-0.132,-0.221,-0.311,-0.27,-0.23,-0.229,-0.229,-0.229,-0.289,-0.349,-0.577,-0.756,-0.917,-0.966,-1.068,-0.849,-0.63,-0.645,-0.408,-0.17,-0.163,-0.121,-0.079,-0.144,-0.209,-0.194,-0.2
Joint 5: ,0.2,-0.091,-0.177,-0.361,-0.327,-0.308,-0.369,-0.43,-0.491,-0.461,-0.431,-0.288,-0.146,-0.003,0.11,0.223,0.207,0.227,0.232,0.41,0.315,0.315,0.314,0.34,0.452,0.563,0.41,0.429,0.448,0.564,0.68,0.398,0.2
Joint 6: ,0.1,-0.022,0.153,0.249,0.274,0.302,0.329,0.356,0.383,0.37,0.357,0.388,0.419,0.45,0.175,-0.099,-0.047,0.084,0.207,0.141,0.399,0.122,-0.156,-0.239,-0.069,0.101,0.145,-0.065,-0.276,-0.233,-0.189,-0.35,-0.2
Trial,5,2D Sim,False,Distance Weight,0.7,Random Seed,75,Min Iterations,1200,Lazy,False,Distance cost,1.0645066032594657,Manip Cost,8.911983174939971,Total cost,3.418749574763617,Node cost function,True,Percent Manip Threshold,0,Update Path,False,Increasing weight,False,Parent finding radius R,0.9,Step Size,0.3,Goal Area Sample Probability,0.05,Goal Area Delta,0.6
Manipulability,0.032,0.046,0.048,0.056,0.069,0.083,0.082,0.08,0.047,0.053,0.086,0.079,0.1,0.135,0.156,0.108,0.096,0.117,0.146,0.16,0.101,0.128,0.161,0.111,0.084,0.11,0.139,0.126,0.118,0.112,0.114,0.143,0.147,0.153,0.184,0.224,0.189,0.151,0.151,0.151,0.181,0.204,0.2,0.212,0.215,0.21,0.206,0.183,0.185,0.146,0.101
Distance to Last Node,0.0,0.408,0.263,0.292,0.292,0.292,0.331,0.331,0.3,0.396,0.396,0.3,0.3,0.3,0.3,0.37,0.3,0.356,0.356,0.419,0.406,0.302,0.302,0.273,0.395,0.395,0.3,0.273,0.296,0.296,0.3,0.3,0.242,0.242,0.3,0.3,0.242,0.242,0.269,0.269,0.352,0.352,0.3,0.3,0.3,0.332,0.332,0.447,0.435,0.358,0.358
Joint 0: ,-1.7,-1.511,-1.268,-1.028,-0.788,-0.548,-0.286,-0.025,0.098,0.353,0.608,0.693,0.863,0.867,0.801,0.889,1.051,0.96,0.869,0.879,0.997,0.997,0.996,1.013,1.03,1.046,1.12,1.18,1.412,1.644,1.791,1.744,1.714,1.684,1.645,1.798,1.718,1.638,1.663,1.687,1.799,1.91,2.003,2.045,2.096,2.089,2.083,1.786,1.566,1.633,1.7
Joint 1: ,-1.0,-0.879,-0.852,-0.869,-0.886,-0.904,-0.947,-0.99,-0.85,-0.888,-0.926,-0.815,-0.894,-0.841,-0.665,-0.792,-0.675,-0.848,-1.021,-0.771,-0.854,-0.938,-1.021,-1.045,-0.953,-0.861,-0.877,-1.008,-1.007,-1.007,-1.109,-1.066,-1.05,-1.034,-1.122,-1.252,-1.104,-0.955,-1.039,-1.123,-1.116,-1.11,-1.071,-1.107,-1.122,-1.091,-1.059,-1.019,-1.186,-1.093,-1.0
Joint 2: ,0.2,0.198,0.235,0.291,0.348,0.405,0.477,0.55,0.454,0.439,0.424,0.238,0.271,0.425,0.439,0.332,0.423,0.274,0.124,0.259,0.171,0.033,-0.104,0.033,0.184,0.336,0.479,0.436,0.463,0.491,0.371,0.292,0.468,0.644,0.847,0.836,0.872,0.909,0.681,0.453,0.662,0.872,0.933,1.029,1.203,1.073,0.942,0.862,0.882,0.691,0.5
Joint 3: ,-0.1,-0.222,-0.216,-0.143,-0.071,0.001,0.037,0.073,-0.013,-0.255,-0.498,-0.458,-0.575,-0.732,-0.845,-0.602,-0.527,-0.632,-0.737,-0.818,-0.553,-0.687,-0.821,-0.612,-0.353,-0.094,0.064,0.072,0.184,0.297,0.418,0.526,0.488,0.45,0.589,0.677,0.676,0.675,0.642,0.609,0.636,0.662,0.823,0.887,1.025,0.997,0.968,0.682,0.665,0.482,0.3
Joint 4: ,0.3,0.132,0.053,-0.047,-0.147,-0.247,-0.242,-0.238,-0.344,-0.209,-0.073,0.088,0.283,0.424,0.621,0.494,0.66,0.439,0.218,0.49,0.505,0.303,0.102,0.192,-0.002,-0.197,-0.23,-0.224,-0.26,-0.296,-0.308,-0.116,-0.157,-0.198,-0.102,-0.149,-0.156,-0.163,-0.22,-0.276,-0.322,-0.367,-0.572,-0.696,-0.775,-0.675,-0.575,-0.56,-0.595,-0.398,-0.2
Joint 5: ,0.2,0.309,0.329,0.35,0.371,0.392,0.343,0.294,0.223,0.336,0.449,0.535,0.495,0.498,0.523,0.524,0.45,0.426,0.402,0.413,0.442,0.43,0.419,0.447,0.542,0.637,0.744,0.533,0.4,0.267,0.098,0.217,0.297,0.378,0.385,0.545,0.375,0.204,0.171,0.137,0.358,0.578,0.498,0.658,0.647,0.637,0.628,0.485,0.293,0.246,0.2
Joint 6: ,0.1,0.347,0.384,0.29,0.196,0.102,-0.072,-0.245,-0.395,-0.411,-0.428,-0.4,-0.423,-0.561,-0.61,-0.446,-0.389,-0.464,-0.538,-0.656,-0.401,-0.484,-0.568,-0.52,-0.417,-0.315,-0.475,-0.39,-0.351,-0.313,-0.307,-0.435,-0.306,-0.176,-0.281,-0.402,-0.401,-0.401,-0.315,-0.229,-0.356,-0.484,-0.529,-0.71,-0.887,-0.602,-0.316,-0.34,-0.068,-0.134,-0.2
Trial,1,2D Sim,False,Distance Weight,1,Random Seed,15,Min Iterations,1200,Lazy,False,Distance cost,0.30047284649528805,Manip Cost,18.237523860743828,Total cost,0.30047284649528805,Node cost function,True,Percent Manip Threshold,0,Update Path,False,Increasing weight,False,Parent finding radius R,0.9,Step Size,0.3,Goal Area Sample Probability,0.05,Goal Area Delta,0.6
Manipulability,0.032,0.022,0.019,0.027,0.035,0.052,0.069,0.087,0.095,0.109,0.115,0.127,0.133,0.117,0.101
Distance to Last Node,0.0,0.295,0.267,0.294,0.264,0.298,0.298,0.444,0.38,0.308,0.294,0.378,0.294,0.367,0.367
Joint 0: ,-1.7,-1.427,-1.169,-0.936,-0.706,-0.46,-0.215,0.034,0.186,0.338,0.608,0.903,1.15,1.425,1.7
Joint 1: ,-1.0,-0.953,-0.957,-0.983,-0.965,-0.999,-1.034,-1.058,-1.025,-0.995,-0.972,-0.986,-1.032,-1.016,-1.0
Joint 2: ,0.2,0.209,0.204,0.179,0.159,0.251,0.342,0.627,0.87,0.985,0.977,0.913,0.811,0.655,0.5
Joint 3: ,-0.1,-0.085,-0.058,0.051,0.108,0.209,0.309,0.469,0.574,0.675,0.667,0.597,0.536,0.418,0.3
Joint 4: ,0.3,0.382,0.419,0.481,0.479,0.427,0.374,0.428,0.281,0.122,0.055,-0.056,-0.101,-0.151,-0.2
Joint 5: ,0.2,0.145,0.125,0.084,0.062,0.027,-0.008,-0.128,-0.214,-0.223,-0.134,0.05,0.132,0.166,0.2
Joint 6: ,0.1,0.1,0.054,-0.062,-0.171,-0.244,-0.317,-0.216,-0.069,0.079,0.107,0.089,0.062,-0.069,-0.2
Trial,2,2D Sim,False,Distance Weight,1,Random Seed,30,Min Iterations,1200,Lazy,False,Distance cost,0.31359047890340597,Manip Cost,16.399577747244432,Total cost,0.31359047890340597,Node cost function,True,Percent Manip Threshold,0,Update Path,False,Increasing weight,False,Parent finding radius R,0.9,Step Size,0.3,Goal Area Sample Probability,0.05,Goal Area Delta,0.6
Manipulability,0.032,0.052,0.062,0.063,0.085,0.094,0.088,0.07,0.055,0.054,0.047,0.038,0.037,0.037,0.066,0.102
Distance to Last Node,0.0,0.371,0.402,0.278,0.449,0.279,0.245,0.362,0.259,0.296,0.275,0.258,0.26,0.26,0.377,0.377
Joint 0: ,-1.7,-1.493,-1.277,-1.157,-0.907,-0.664,-0.45,-0.151,0.083,0.342,0.559,0.795,1.031,1.266,1.483,1.701
Joint 1: ,-1.0,-0.902,-0.823,-0.818,-0.919,-0.938,-0.888,-0.794,-0.767,-0.788,-0.821,-0.823,-0.852,-0.881,-0.943,-1.005
Joint 2: ,0.2,0.088,-0.092,-0.236,-0.432,-0.45,-0.435,-0.336,-0.292,-0.201,-0.09,-0.021,0.062,0.146,0.322,0.498
Joint 3: ,-0.1,-0.141,-0.179,-0.138,-0.112,-0.125,-0.145,-0.223,-0.215,-0.163,-0.147,-0.124,-0.099,-0.074,0.115,0.304
Joint 4: ,0.3,0.099,-0.139,-0.338,-0.599,-0.664,-0.693,-0.712,-0.687,-0.627,-0.548,-0.498,-0.438,-0.378,-0.293,-0.208
Joint 5: ,0.2,0.321,0.402,0.376,0.417,0.459,0.449,0.385,0.307,0.312,0.269,0.219,0.211,0.202,0.2,0.198
Joint 6: ,0.1,-0.027,-0.133,-0.126,-0.269,-0.376,-0.475,-0.588,-0.641,-0.566,-0.485,-0.457,-0.458,-0.459,-0.328,-0.197
Trial,3,2D Sim,False,Distance Weight,1,Random Seed,45,Min Iterations,1200,Lazy,False,Distance cost,0.29027323775977776,Manip Cost,18.810435737726863,Total cost,0.29027323775977776,Node cost function,True,Percent Manip Threshold,0,Update Path,False,Increasing weight,False,Parent finding radius R,0.9,Step Size,0.3,Goal Area Sample Probability,0.05,Goal Area Delta,0.6
Manipulability,0.032,0.038,0.042,0.043,0.056,0.089,0.111,0.131,0.148,0.153,0.087,0.011,0.041,0.061,0.08,0.098
Distance to Last Node,0.0,0.211,0.211,0.275,0.392,0.271,0.262,0.262,0.262,0.3,0.412,0.433,0.262,0.28,0.28,0.28
Joint 0: ,-1.7,-1.546,-1.392,-1.131,-0.838,-0.635,-0.429,-0.222,-0.016,0.191,0.468,0.747,0.972,1.213,1.455,1.696
Joint 1: ,-1.0,-0.882,-0.765,-0.768,-0.698,-0.686,-0.648,-0.61,-0.571,-0.709,-0.785,-0.918,-0.957,-0.969,-0.981,-0.994
Joint 2: ,0.2,0.199,0.199,0.174,0.067,0.172,0.282,0.393,0.503,0.419,0.391,0.352,0.35,0.408,0.466,0.524
Joint 3: ,-0.1,-0.143,-0.185,-0.215,-0.337,-0.414,-0.439,-0.464,-0.489,-0.446,-0.294,-0.039,0.081,0.153,0.226,0.298
Joint 4: ,0.3,0.296,0.292,0.215,0.271,0.354,0.399,0.443,0.487,0.376,0.168,0.098,0.098,0.008,-0.081,-0.171
Joint 5: ,0.2,0.256,0.312,0.319,0.171,0.089,-0.007,-0.102,-0.197,-0.187,-0.047,0.073,0.116,0.139,0.163,0.186
Joint 6: ,0.1,0.055,0.01,-0.002,-0.108,-0.146,-0.179,-0.211,-0.243,-0.327,-0.326,-0.402,-0.391,-0.336,-0.281,-0.227
Trial,4,2D Sim,False,Distance Weight,1,Random Seed,60,Min Iterations,1200,Lazy,False,Distance cost,0.28446834257592857,Manip Cost,14.87438375981307,Total cost,0.28446834257592857,Node cost function,True,Percent Manip Threshold,0,Update Path,False,Increasing weight,False,Parent finding radius R,0.9,Step Size,0.3,Goal Area Sample Probability,0.05,Goal Area Delta,0.6
Manipulability,0.032,0.052,0.061,0.054,0.065,0.079,0.075,0.068,0.06,0.057,0.044,0.052,0.068,0.085,0.101
Distance to Last Node,0.0,0.419,0.378,0.37,0.269,0.296,0.281,0.265,0.228,0.228,0.297,0.396,0.293,0.293,0.293
Joint 0: ,-1.7,-1.484,-1.252,-0.97,-0.729,-0.474,-0.218,0.031,0.239,0.448,0.706,0.96,1.206,1.453,1.7
Joint 1: ,-1.0,-0.855,-0.854,-0.883,-0.857,-0.843,-0.846,-0.864,-0.874,-0.884,-0.912,-0.962,-0.975,-0.987,-1.0
Joint 2: ,0.2,0.439,0.666,0.825,0.897,0.864,0.847,0.827,0.829,0.83,0.84,0.787,0.691,0.596,0.5
Joint 3: ,-0.1,-0.188,-0.112,-0.01,-0.03,0.005,0.069,0.12,0.208,0.295,0.304,0.272,0.281,0.291,0.3
Joint 4: ,0.3,0.297,0.208,0.078,-0.004,-0.106,-0.179,-0.247,-0.228,-0.209,-0.243,-0.169,-0.18,-0.19,-0.2
Joint 5: ,0.2,0.001,-0.131,-0.193,-0.227,-0.315,-0.354,-0.357,-0.372,-0.386,-0.272,-0.049,0.034,0.117,0.2
Joint 6: ,0.1,0.159,0.243,0.241,0.24,0.288,0.332,0.31,0.321,0.332,0.253,0.078,-0.015,-0.107,-0.2
Trial,5,2D Sim,False,Distance Weight,1,Random Seed,75,Min Iterations,1200,Lazy,False,Distance cost,0.26809216405677816,Manip Cost,19.525242115751844,Total cost,0.26809216405677816,Node cost function,True,Percent Manip Threshold,0,Update Path,False,Increasing weight,False,Parent finding radius R,0.9,Step Size,0.3,Goal Area Sample Probability,0.05,Goal Area Delta,0.6
Manipulability,0.032,0.046,0.048,0.056,0.056,0.057,0.053,0.041,0.032,0.027,0.038,0.047,0.065,0.084,0.101
Distance to Last Node,0.0,0.408,0.263,0.292,0.266,0.266,0.283,0.3,0.3,0.3,0.293,0.258,0.276,0.276,0.276
Joint 0: ,-1.7,-1.511,-1.268,-1.028,-0.804,-0.579,-0.353,-0.076,0.201,0.478,0.714,0.948,1.199,1.449,1.7
Joint 1: ,-1.0,-0.879,-0.852,-0.869,-0.893,-0.916,-0.894,-0.851,-0.807,-0.763,-0.903,-0.958,-0.972,-0.986,-1.0
Joint 2: ,0.2,0.198,0.235,0.291,0.316,0.341,0.379,0.403,0.428,0.452,0.448,0.461,0.474,0.487,0.5
Joint 3: ,-0.1,-0.222,-0.216,-0.143,-0.102,-0.06,-0.044,-0.08,-0.116,-0.152,-0.052,0.033,0.122,0.211,0.3
Joint 4: ,0.3,0.132,0.053,-0.047,-0.094,-0.142,-0.209,-0.179,-0.15,-0.12,-0.112,-0.095,-0.13,-0.165,-0.2
Joint 5: ,0.2,0.309,0.329,0.35,0.323,0.297,0.272,0.242,0.213,0.183,0.206,0.178,0.185,0.193,0.2
Joint 6: ,0.1,0.347,0.384,0.29,0.168,0.047,-0.1,-0.187,-0.273,-0.359,-0.37,-0.389,-0.326,-0.263,-0.2
