Trial,1,2D Sim,False,Distance Weight,0.9,Random Seed,15,Min Iterations,1200,Lazy,False,Distance cost,0.7601140788591408,Manip Cost,11.264317046180153,Total cost,1.8105343755912418,Node cost function,False,Percent Manip Threshold,10,Update Path,False,Increasing weight,False,Parent finding radius R,0.9,Step Size,0.3,Goal Area Sample Probability,0.05,Goal Area Delta,0.6
Manipulability,0.032,0.045,0.028,0.024,0.02,0.037,0.057,0.077,0.063,0.077,0.092,0.109,0.141,0.125,0.104,0.108,0.082,0.115,0.105,0.112,0.125,0.132,0.139,0.155,0.181,0.199,0.215,0.181,0.181,0.183,0.184,0.186,0.209,0.227,0.21,0.159,0.101
Distance to Last Node,0.0,0.3,0.265,0.232,0.232,0.298,0.298,0.298,0.287,0.291,0.291,0.291,0.461,0.35,0.35,0.3,0.3,0.479,0.441,0.246,0.341,0.285,0.413,0.439,0.396,0.302,0.302,0.442,0.274,0.274,0.274,0.287,0.315,0.315,0.298,0.27,0.27
Joint 0: ,-1.7,-1.503,-1.295,-1.081,-0.868,-0.62,-0.373,-0.125,-0.205,-0.094,0.017,0.128,-0.14,0.007,0.154,0.283,0.376,0.201,0.46,0.69,0.944,1.177,1.467,1.704,1.821,1.854,1.887,1.987,1.954,1.922,1.89,1.962,1.883,1.804,1.728,1.714,1.7
Joint 1: ,-1.0,-0.987,-0.945,-0.951,-0.958,-0.987,-1.016,-1.045,-1.022,-1.069,-1.117,-1.165,-1.038,-1.124,-1.209,-1.082,-0.963,-0.954,-0.918,-0.92,-0.96,-1.015,-1.116,-1.235,-1.332,-1.428,-1.524,-1.372,-1.319,-1.266,-1.214,-1.297,-1.302,-1.308,-1.315,-1.158,-1.0
Joint 2: ,0.2,0.036,0.1,0.132,0.163,0.198,0.232,0.266,0.153,0.356,0.56,0.764,0.639,0.751,0.864,0.912,0.999,0.94,1.024,1.004,0.926,0.82,0.649,0.458,0.425,0.386,0.348,0.42,0.392,0.365,0.337,0.469,0.341,0.213,0.364,0.432,0.5
Joint 3: ,-0.1,-0.074,-0.068,-0.047,-0.026,0.073,0.172,0.271,0.177,0.273,0.369,0.464,0.621,0.573,0.525,0.63,0.528,0.758,0.68,0.67,0.598,0.537,0.542,0.658,0.824,0.994,1.163,0.866,0.819,0.773,0.726,0.648,0.637,0.627,0.653,0.476,0.3
Joint 4: ,0.3,0.165,0.292,0.359,0.427,0.383,0.339,0.295,0.38,0.424,0.468,0.511,0.518,0.51,0.502,0.482,0.478,0.291,0.002,-0.025,-0.096,-0.128,-0.181,-0.389,-0.645,-0.783,-0.92,-0.723,-0.495,-0.268,-0.04,-0.253,-0.254,-0.255,-0.299,-0.25,-0.2
Joint 5: ,0.2,0.242,0.173,0.144,0.114,0.104,0.094,0.084,0.119,0.078,0.038,-0.003,0.147,-0.011,-0.168,-0.249,-0.372,-0.24,-0.202,-0.121,0.057,0.136,0.118,0.021,-0.031,-0.162,-0.293,-0.133,-0.021,0.091,0.203,0.207,0.409,0.612,0.394,0.297,0.2
Joint 6: ,0.1,0.043,0.062,0.028,-0.006,-0.122,-0.238,-0.354,-0.141,-0.268,-0.395,-0.522,-0.771,-0.539,-0.307,-0.115,-0.3,0.0,0.17,0.168,0.119,0.082,-0.128,-0.267,-0.46,-0.58,-0.7,-0.631,-0.568,-0.504,-0.441,-0.47,-0.282,-0.094,-0.192,-0.196,-0.2
Trial,2,2D Sim,False,Distance Weight,0.9,Random Seed,30,Min Iterations,1200,Lazy,False,Distance cost,0.4180763388569427,Manip Cost,11.651188710308631,Total cost,1.5413875760021112,Node cost function,False,Percent Manip Threshold,10,Update Path,False,Increasing weight,False,Parent finding radius R,0.9,Step Size,0.3,Goal Area Sample Probability,0.05,Goal Area Delta,0.6
Manipulability,0.032,0.069,0.102,0.035,0.071,0.114,0.149,0.102,0.057,0.085,0.106,0.138,0.157,0.178,0.196,0.143,0.082,0.023,0.101
Distance to Last Node,0.0,0.339,0.339,0.421,0.421,0.347,0.347,0.367,0.367,0.275,0.239,0.341,0.36,0.295,0.295,0.373,0.373,0.416,0.416
Joint 0: ,-1.7,-1.462,-1.223,-1.026,-0.828,-0.614,-0.399,-0.106,0.187,0.409,0.611,0.849,1.033,1.128,1.223,1.337,1.451,1.576,1.7
Joint 1: ,-1.0,-0.967,-0.935,-0.998,-1.061,-0.901,-0.741,-0.733,-0.726,-0.737,-0.773,-0.916,-1.0,-1.085,-1.17,-1.068,-0.966,-0.983,-1.0
Joint 2: ,0.2,0.192,0.183,0.139,0.096,0.168,0.24,0.089,-0.063,0.011,0.104,0.246,0.504,0.721,0.937,0.69,0.442,0.471,0.5
Joint 3: ,-0.1,0.029,0.158,-0.026,-0.209,-0.293,-0.376,-0.286,-0.197,-0.197,-0.205,-0.221,-0.282,-0.276,-0.269,-0.158,-0.047,0.127,0.3
Joint 4: ,0.3,0.23,0.16,0.18,0.2,0.305,0.409,0.494,0.579,0.63,0.599,0.484,0.415,0.358,0.301,0.303,0.305,0.052,-0.201
Joint 5: ,0.2,0.289,0.377,0.17,-0.038,-0.139,-0.241,-0.148,-0.055,-0.185,-0.257,-0.324,-0.318,-0.402,-0.486,-0.373,-0.26,-0.03,0.2
Joint 6: ,0.1,-0.066,-0.231,0.004,0.24,0.115,-0.009,0.031,0.071,0.038,0.017,-0.01,0.104,0.22,0.336,0.166,-0.005,-0.103,-0.2
Trial,3,2D Sim,False,Distance Weight,0.9,Random Seed,45,Min Iterations,1200,Lazy,False,Distance cost,0.5311272787483897,Manip Cost,10.015431677538784,Total cost,1.479557718627429,Node cost function,False,Percent Manip Threshold,10,Update Path,False,Increasing weight,False,Parent finding radius R,0.9,Step Size,0.3,Goal Area Sample Probability,0.05,Goal Area Delta,0.6
Manipulability,0.032,0.04,0.045,0.055,0.088,0.111,0.132,0.148,0.153,0.195,0.153,0.11,0.128,0.148,0.164,0.177,0.171,0.163,0.041,0.09,0.156,0.139,0.121,0.112,0.104
Distance to Last Node,0.0,0.402,0.251,0.285,0.368,0.282,0.282,0.282,0.3,0.3,0.376,0.376,0.293,0.293,0.348,0.348,0.372,0.311,0.432,0.327,0.327,0.406,0.287,0.397,0.397
Joint 0: ,-1.7,-1.444,-1.218,-0.993,-0.699,-0.471,-0.244,-0.016,0.191,0.255,0.452,0.648,0.495,0.342,0.566,0.789,0.764,0.819,0.815,0.79,0.766,0.878,1.106,1.397,1.688
Joint 1: ,-1.0,-0.853,-0.808,-0.748,-0.679,-0.643,-0.607,-0.571,-0.709,-0.82,-0.834,-0.847,-0.826,-0.806,-0.852,-0.897,-0.861,-0.849,-0.906,-0.977,-1.048,-1.067,-1.057,-1.025,-0.994
Joint 2: ,0.2,0.204,0.207,0.124,0.156,0.272,0.387,0.503,0.419,0.371,0.585,0.799,0.629,0.459,0.68,0.901,0.618,0.412,0.303,0.219,0.135,0.254,0.326,0.388,0.45
Joint 3: ,-0.1,-0.214,-0.279,-0.339,-0.405,-0.433,-0.461,-0.489,-0.446,-0.609,-0.476,-0.343,-0.295,-0.247,-0.363,-0.479,-0.487,-0.529,-0.235,-0.021,0.193,0.344,0.363,0.329,0.296
Joint 4: ,0.3,0.126,0.077,0.16,0.294,0.359,0.423,0.487,0.376,0.501,0.332,0.162,0.178,0.193,0.209,0.226,0.007,-0.169,-0.12,-0.151,-0.181,-0.095,-0.028,-0.134,-0.241
Joint 5: ,0.2,0.274,0.299,0.207,0.073,-0.017,-0.107,-0.197,-0.187,-0.141,-0.109,-0.077,-0.218,-0.359,-0.295,-0.232,-0.164,-0.069,0.219,0.418,0.617,0.356,0.229,0.227,0.226
Joint 6: ,0.1,-0.06,-0.106,-0.142,-0.191,-0.208,-0.226,-0.243,-0.327,-0.491,-0.396,-0.3,-0.199,-0.097,-0.147,-0.197,-0.259,-0.355,-0.345,-0.433,-0.521,-0.72,-0.654,-0.418,-0.183
Trial,4,2D Sim,False,Distance Weight,0.9,Random Seed,60,Min Iterations,1200,Lazy,False,Distance cost,0.49725869152301777,Manip Cost,9.053717408978468,Total cost,1.3529045632685626,Node cost function,False,Percent Manip Threshold,10,Update Path,False,Increasing weight,False,Parent finding radius R,0.9,Step Size,0.3,Goal Area Sample Probability,0.05,Goal Area Delta,0.6
Manipulability,0.032,0.077,0.168,0.139,0.104,0.075,0.079,0.088,0.081,0.071,0.061,0.057,0.051,0.101,0.174,0.213,0.238,0.229,0.202,0.229,0.213,0.199,0.153,0.101
Distance to Last Node,0.0,0.298,0.298,0.494,0.374,0.378,0.264,0.296,0.283,0.267,0.229,0.229,0.238,0.443,0.423,0.313,0.313,0.29,0.29,0.389,0.392,0.414,0.306,0.306
Joint 0: ,-1.7,-1.612,-1.524,-1.481,-1.251,-0.969,-0.728,-0.474,-0.218,0.031,0.239,0.448,0.661,0.938,1.09,1.088,1.087,1.141,1.196,1.105,1.153,1.418,1.559,1.7
Joint 1: ,-1.0,-0.995,-0.991,-0.769,-0.811,-0.862,-0.843,-0.834,-0.839,-0.86,-0.871,-0.883,-0.933,-1.05,-1.19,-1.271,-1.352,-1.355,-1.357,-1.294,-1.311,-1.195,-1.097,-1.0
Joint 2: ,0.2,0.242,0.285,0.545,0.718,0.851,0.915,0.876,0.855,0.833,0.832,0.832,0.823,0.775,0.684,0.622,0.56,0.622,0.683,0.697,0.699,0.501,0.501,0.5
Joint 3: ,-0.1,-0.312,-0.524,-0.388,-0.212,-0.06,-0.063,-0.017,0.054,0.11,0.201,0.292,0.343,0.54,0.707,0.795,0.883,0.655,0.426,0.715,0.449,0.397,0.348,0.3
Joint 4: ,0.3,0.244,0.187,0.339,0.229,0.088,0.003,-0.101,-0.175,-0.245,-0.227,-0.208,-0.224,-0.072,0.111,0.294,0.477,0.339,0.201,0.41,0.127,-0.028,-0.114,-0.2
Joint 5: ,0.2,0.071,-0.059,-0.176,-0.219,-0.237,-0.256,-0.335,-0.367,-0.366,-0.378,-0.389,-0.315,-0.116,0.142,0.353,0.565,0.522,0.48,0.577,0.571,0.637,0.418,0.2
Joint 6: ,0.1,-0.019,-0.138,0.126,0.227,0.233,0.235,0.284,0.33,0.308,0.32,0.332,0.312,0.279,0.257,0.213,0.169,0.102,0.035,0.087,0.098,-0.035,-0.118,-0.2
Trial,5,2D Sim,False,Distance Weight,0.9,Random Seed,75,Min Iterations,1200,Lazy,False,Distance cost,0.4553129888067967,Manip Cost,14.049368516354598,Total cost,1.8147185415615765,Node cost function,False,Percent Manip Threshold,10,Update Path,False,Increasing weight,False,Parent finding radius R,0.9,Step Size,0.3,Goal Area Sample Probability,0.05,Goal Area Delta,0.6
Manipulability,0.032,0.07,0.071,0.063,0.059,0.061,0.072,0.065,0.072,0.053,0.036,0.055,0.084,0.109,0.14,0.142,0.146,0.092,0.045,0.065,0.101
Distance to Last Node,0.0,0.3,0.3,0.285,0.27,0.245,0.337,0.291,0.349,0.294,0.294,0.378,0.404,0.384,0.384,0.416,0.416,0.297,0.395,0.427,0.427
Joint 0: ,-1.7,-1.731,-1.803,-1.552,-1.295,-1.072,-0.81,-0.582,-0.303,-0.043,0.218,0.455,0.661,0.816,0.971,0.92,0.869,0.977,1.195,1.447,1.7
Joint 1: ,-1.0,-0.885,-0.86,-0.822,-0.814,-0.835,-0.87,-0.905,-0.948,-0.886,-0.824,-0.82,-0.83,-0.695,-0.559,-0.79,-1.021,-1.085,-1.092,-1.046,-1.0
Joint 2: ,0.2,0.261,0.358,0.324,0.319,0.296,0.35,0.358,0.454,0.453,0.453,0.345,0.385,0.452,0.52,0.322,0.124,0.208,0.32,0.41,0.5
Joint 3: ,-0.1,0.054,-0.088,-0.153,-0.17,-0.12,-0.06,-0.039,0.017,-0.039,-0.096,-0.277,-0.505,-0.627,-0.749,-0.743,-0.737,-0.495,-0.21,0.045,0.3
Joint 4: ,0.3,0.382,0.237,0.136,0.055,-0.01,-0.128,-0.159,-0.198,-0.172,-0.146,-0.029,0.197,0.486,0.775,0.496,0.218,0.15,0.088,-0.056,-0.2
Joint 5: ,0.2,0.309,0.41,0.412,0.397,0.377,0.385,0.327,0.311,0.268,0.225,0.38,0.439,0.444,0.449,0.426,0.402,0.367,0.264,0.232,0.2
Joint 6: ,0.1,0.273,0.427,0.455,0.456,0.408,0.255,0.09,-0.077,-0.171,-0.265,-0.333,-0.447,-0.493,-0.54,-0.539,-0.538,-0.509,-0.491,-0.346,-0.2
Trial,1,2D Sim,False,Distance Weight,0.85,Random Seed,15,Min Iterations,1200,Lazy,False,Distance cost,0.626253347596847,Manip Cost,13.089148084161899,Total cost,2.495687558081605,Node cost function,False,Percent Manip Threshold,10,Update Path,False,Increasing weight,False,Parent finding radius R,0.9,Step Size,0.3,Goal Area Sample Probability,0.05,Goal Area Delta,0.6
Manipulability,0.032,0.045,0.028,0.024,0.02,0.037,0.057,0.077,0.063,0.077,0.092,0.109,0.141,0.125,0.104,0.108,0.082,0.115,0.121,0.126,0.134,0.136,0.105,0.123,0.131,0.126,0.126,0.137,0.12,0.101
Distance to Last Node,0.0,0.3,0.265,0.232,0.232,0.298,0.298,0.298,0.287,0.291,0.291,0.291,0.461,0.35,0.35,0.3,0.3,0.479,0.241,0.241,0.302,0.302,0.442,0.3,0.473,0.359,0.3,0.387,0.405,0.405
Joint 0: ,-1.7,-1.503,-1.295,-1.081,-0.868,-0.62,-0.373,-0.125,-0.205,-0.094,0.017,0.128,-0.14,0.007,0.154,0.283,0.376,0.201,0.276,0.351,0.34,0.33,0.338,0.49,0.393,0.671,0.909,1.163,1.432,1.7
Joint 1: ,-1.0,-0.987,-0.945,-0.951,-0.958,-0.987,-1.016,-1.045,-1.022,-1.069,-1.117,-1.165,-1.038,-1.124,-1.209,-1.082,-0.963,-0.954,-1.027,-1.099,-1.01,-0.922,-0.992,-0.966,-0.796,-0.878,-0.901,-0.962,-0.981,-1.0
Joint 2: ,0.2,0.036,0.1,0.132,0.163,0.198,0.232,0.266,0.153,0.356,0.56,0.764,0.639,0.751,0.864,0.912,0.999,0.94,1.006,1.072,0.996,0.921,1.112,1.099,1.144,1.1,1.031,0.85,0.675,0.5
Joint 3: ,-0.1,-0.074,-0.068,-0.047,-0.026,0.073,0.172,0.271,0.177,0.273,0.369,0.464,0.621,0.573,0.525,0.63,0.528,0.758,0.722,0.686,0.831,0.975,0.68,0.776,0.959,0.791,0.72,0.625,0.462,0.3
Joint 4: ,0.3,0.165,0.292,0.359,0.427,0.383,0.339,0.295,0.38,0.424,0.468,0.511,0.518,0.51,0.502,0.482,0.478,0.291,0.493,0.696,0.467,0.238,0.135,-0.037,-0.333,-0.237,-0.158,-0.126,-0.163,-0.2
Joint 5: ,0.2,0.242,0.173,0.144,0.114,0.104,0.094,0.084,0.119,0.078,0.038,-0.003,0.147,-0.011,-0.168,-0.249,-0.372,-0.24,-0.223,-0.206,-0.219,-0.233,-0.3,-0.231,-0.121,-0.104,-0.031,0.131,0.166,0.2
Joint 6: ,0.1,0.043,0.062,0.028,-0.006,-0.122,-0.238,-0.354,-0.141,-0.268,-0.395,-0.522,-0.771,-0.539,-0.307,-0.115,-0.3,0.0,-0.011,-0.023,-0.086,-0.148,0.077,0.228,0.452,0.376,0.27,0.159,-0.02,-0.2
Trial,2,2D Sim,False,Distance Weight,0.85,Random Seed,30,Min Iterations,1200,Lazy,False,Distance cost,0.7835214986684871,Manip Cost,10.511631328629548,Total cost,2.2427379731626464,Node cost function,False,Percent Manip Threshold,10,Update Path,False,Increasing weight,False,Parent finding radius R,0.9,Step Size,0.3,Goal Area Sample Probability,0.05,Goal Area Delta,0.6
Manipulability,0.032,0.066,0.062,0.067,0.037,0.077,0.064,0.051,0.064,0.076,0.088,0.071,0.055,0.085,0.114,0.028,0.072,0.141,0.185,0.149,0.143,0.171,0.204,0.212,0.15,0.181,0.209,0.224,0.228,0.235,0.19,0.207,0.223,0.168,0.101
Distance to Last Node,0.0,0.424,0.416,0.416,0.399,0.399,0.291,0.248,0.29,0.29,0.29,0.237,0.275,0.429,0.429,0.416,0.385,0.408,0.408,0.315,0.327,0.406,0.406,0.3,0.338,0.26,0.26,0.319,0.319,0.3,0.384,0.296,0.296,0.442,0.442
Joint 0: ,-1.7,-1.434,-1.36,-1.287,-1.201,-1.116,-0.878,-0.638,-0.366,-0.093,0.179,0.382,0.616,0.898,1.179,1.431,1.631,1.701,1.771,1.851,1.844,1.875,1.907,1.896,1.825,1.91,1.996,1.942,1.889,1.971,2.005,2.05,2.096,1.898,1.7
Joint 1: ,-1.0,-1.081,-0.943,-0.805,-0.959,-1.113,-1.019,-0.978,-0.907,-0.836,-0.766,-0.796,-0.843,-1.052,-1.26,-1.173,-1.184,-1.169,-1.155,-1.155,-1.124,-1.29,-1.456,-1.447,-1.435,-1.48,-1.526,-1.44,-1.355,-1.398,-1.285,-1.339,-1.394,-1.197,-1.0
Joint 2: ,0.2,0.282,0.129,-0.025,0.042,0.109,0.03,0.013,0.007,0.0,-0.006,0.014,0.11,0.299,0.488,0.602,0.704,0.835,0.966,0.952,0.75,0.637,0.523,0.316,0.445,0.483,0.521,0.34,0.16,-0.088,0.071,0.314,0.558,0.529,0.5
Joint 3: ,-0.1,0.187,0.002,-0.183,-0.216,-0.249,-0.179,-0.136,-0.133,-0.13,-0.128,-0.088,-0.076,-0.111,-0.146,0.083,0.352,0.618,0.884,0.711,0.761,0.718,0.676,0.791,0.5,0.627,0.754,0.817,0.881,0.983,0.695,0.688,0.682,0.491,0.3
Joint 4: ,0.3,0.357,0.128,-0.102,0.06,0.222,0.194,0.176,0.202,0.228,0.254,0.183,0.127,0.1,0.073,-0.055,-0.203,-0.392,-0.582,-0.549,-0.519,-0.385,-0.251,-0.34,-0.374,-0.286,-0.198,-0.261,-0.325,-0.281,-0.403,-0.507,-0.61,-0.404,-0.198
Joint 5: ,0.2,0.111,0.276,0.442,0.218,-0.006,-0.053,-0.057,-0.123,-0.188,-0.254,-0.216,-0.153,-0.2,-0.248,-0.144,-0.097,-0.005,0.087,-0.061,-0.13,0.029,0.189,0.148,0.073,0.086,0.099,0.233,0.366,0.321,0.221,0.331,0.44,0.32,0.2
Joint 6: ,0.1,0.053,-0.051,-0.155,0.06,0.274,0.345,0.359,0.35,0.341,0.332,0.258,0.211,0.064,-0.082,-0.181,-0.216,-0.045,0.126,-0.073,-0.312,-0.033,0.246,0.092,0.13,0.311,0.492,0.309,0.126,0.054,0.062,0.085,0.108,-0.046,-0.199
Trial,3,2D Sim,False,Distance Weight,0.85,Random Seed,45,Min Iterations,1200,Lazy,False,Distance cost,0.6218605466325221,Manip Cost,9.957876204012786,Total cost,2.022262895239562,Node cost function,False,Percent Manip Threshold,10,Update Path,False,Increasing weight,False,Parent finding radius R,0.9,Step Size,0.3,Goal Area Sample Probability,0.05,Goal Area Delta,0.6
Manipulability,0.032,0.04,0.045,0.055,0.088,0.111,0.132,0.148,0.127,0.1,0.102,0.103,0.104,0.15,0.195,0.153,0.11,0.128,0.148,0.164,0.177,0.171,0.158,0.072,0.041,0.099,0.164,0.199,0.161,0.101
Distance to Last Node,0.0,0.402,0.251,0.285,0.368,0.282,0.282,0.282,0.295,0.295,0.285,0.285,0.285,0.27,0.27,0.376,0.376,0.293,0.293,0.348,0.348,0.372,0.372,0.299,0.393,0.296,0.404,0.404,0.352,0.352
Joint 0: ,-1.7,-1.444,-1.218,-0.993,-0.699,-0.471,-0.244,-0.016,-0.167,-0.319,-0.113,0.093,0.299,0.277,0.255,0.452,0.648,0.495,0.342,0.566,0.789,0.764,0.739,0.835,1.022,1.166,1.397,1.627,1.664,1.7
Joint 1: ,-1.0,-0.853,-0.808,-0.748,-0.679,-0.643,-0.607,-0.571,-0.612,-0.652,-0.673,-0.693,-0.714,-0.767,-0.82,-0.834,-0.847,-0.826,-0.806,-0.852,-0.897,-0.861,-0.825,-0.9,-1.001,-1.087,-1.096,-1.104,-1.052,-1.0
Joint 2: ,0.2,0.204,0.207,0.124,0.156,0.272,0.387,0.503,0.271,0.039,0.216,0.394,0.571,0.471,0.371,0.585,0.799,0.629,0.459,0.68,0.901,0.618,0.335,0.327,0.275,0.205,0.185,0.165,0.333,0.5
Joint 3: ,-0.1,-0.214,-0.279,-0.339,-0.405,-0.433,-0.461,-0.489,-0.413,-0.338,-0.321,-0.303,-0.285,-0.447,-0.609,-0.476,-0.343,-0.295,-0.247,-0.363,-0.479,-0.487,-0.495,-0.258,0.017,0.218,0.49,0.763,0.531,0.3
Joint 4: ,0.3,0.126,0.077,0.16,0.294,0.359,0.423,0.487,0.472,0.457,0.379,0.3,0.221,0.361,0.501,0.332,0.162,0.178,0.193,0.209,0.226,0.007,-0.212,-0.132,-0.063,-0.119,-0.207,-0.295,-0.247,-0.2
Joint 5: ,0.2,0.274,0.299,0.207,0.073,-0.017,-0.107,-0.197,-0.147,-0.097,-0.118,-0.14,-0.161,-0.151,-0.141,-0.109,-0.077,-0.218,-0.359,-0.295,-0.232,-0.164,-0.097,-0.0,0.158,0.227,0.389,0.552,0.376,0.2
Joint 6: ,0.1,-0.06,-0.106,-0.142,-0.191,-0.208,-0.226,-0.243,-0.229,-0.216,-0.23,-0.244,-0.258,-0.374,-0.491,-0.396,-0.3,-0.199,-0.097,-0.147,-0.197,-0.259,-0.321,-0.374,-0.347,-0.269,-0.307,-0.345,-0.272,-0.2
Trial,4,2D Sim,False,Distance Weight,0.85,Random Seed,60,Min Iterations,1200,Lazy,False,Distance cost,0.55419107202855,Manip Cost,8.600030215202018,Total cost,1.7610669435045705,Node cost function,False,Percent Manip Threshold,10,Update Path,False,Increasing weight,False,Parent finding radius R,0.9,Step Size,0.3,Goal Area Sample Probability,0.05,Goal Area Delta,0.6
Manipulability,0.032,0.077,0.168,0.139,0.104,0.075,0.079,0.088,0.081,0.071,0.061,0.057,0.051,0.101,0.174,0.201,0.221,0.185,0.217,0.223,0.234,0.232,0.208,0.178,0.101
Distance to Last Node,0.0,0.298,0.298,0.494,0.374,0.378,0.264,0.296,0.283,0.267,0.229,0.229,0.238,0.443,0.423,0.294,0.294,0.45,0.416,0.416,0.41,0.41,0.433,0.37,0.384
Joint 0: ,-1.7,-1.612,-1.524,-1.481,-1.251,-0.969,-0.728,-0.474,-0.218,0.031,0.239,0.448,0.661,0.938,1.09,1.232,1.374,1.447,1.23,1.014,1.257,1.499,1.598,1.596,1.7
Joint 1: ,-1.0,-0.995,-0.991,-0.769,-0.811,-0.862,-0.843,-0.834,-0.839,-0.86,-0.871,-0.883,-0.933,-1.05,-1.19,-1.235,-1.28,-1.235,-1.233,-1.231,-1.301,-1.37,-1.221,-1.168,-1.0
Joint 2: ,0.2,0.242,0.285,0.545,0.718,0.851,0.915,0.876,0.855,0.833,0.832,0.832,0.823,0.775,0.684,0.648,0.611,0.573,0.642,0.71,0.697,0.685,0.493,0.6,0.5
Joint 3: ,-0.1,-0.312,-0.524,-0.388,-0.212,-0.06,-0.063,-0.017,0.054,0.11,0.201,0.292,0.343,0.54,0.707,0.774,0.841,0.668,0.835,1.003,0.89,0.777,0.559,0.568,0.3
Joint 4: ,0.3,0.244,0.187,0.339,0.229,0.088,0.003,-0.101,-0.175,-0.245,-0.227,-0.208,-0.224,-0.072,0.111,0.285,0.458,0.194,0.407,0.619,0.348,0.076,-0.057,-0.118,-0.2
Joint 5: ,0.2,0.071,-0.059,-0.176,-0.219,-0.237,-0.256,-0.335,-0.367,-0.366,-0.378,-0.389,-0.315,-0.116,0.142,0.285,0.427,0.24,0.456,0.673,0.544,0.415,0.552,0.333,0.2
Joint 6: ,0.1,-0.019,-0.138,0.126,0.227,0.233,0.235,0.284,0.33,0.308,0.32,0.332,0.312,0.279,0.257,0.348,0.438,0.197,0.168,0.139,0.173,0.207,0.021,-0.245,-0.2
Trial,5,2D Sim,False,Distance Weight,0.85,Random Seed,75,Min Iterations,1200,Lazy,False,Distance cost,0.5385915413968573,Manip Cost,12.286935860325727,Total cost,2.300843189236188,Node cost function,False,Percent Manip Threshold,10,Update Path,False,Increasing weight,False,Parent finding radius R,0.9,Step Size,0.3,Goal Area Sample Probability,0.05,Goal Area Delta,0.6
Manipulability,0.032,0.07,0.071,0.063,0.059,0.061,0.072,0.065,0.072,0.053,0.036,0.055,0.084,0.109,0.14,0.142,0.146,0.089,0.122,0.161,0.108,0.088,0.135,0.115,0.107,0.101
Distance to Last Node,0.0,0.3,0.3,0.285,0.27,0.245,0.337,0.291,0.349,0.294,0.294,0.378,0.404,0.384,0.384,0.416,0.416,0.295,0.219,0.219,0.268,0.371,0.371,0.419,0.322,0.322
Joint 0: ,-1.7,-1.731,-1.803,-1.552,-1.295,-1.072,-0.81,-0.582,-0.303,-0.043,0.218,0.455,0.661,0.816,0.971,0.92,0.869,0.907,0.951,0.996,0.983,1.009,1.036,1.315,1.508,1.7
Joint 1: ,-1.0,-0.885,-0.86,-0.822,-0.814,-0.835,-0.87,-0.905,-0.948,-0.886,-0.824,-0.82,-0.83,-0.695,-0.559,-0.79,-1.021,-0.982,-1.002,-1.021,-1.033,-1.041,-1.048,-1.055,-1.027,-1.0
Joint 2: ,0.2,0.261,0.358,0.324,0.319,0.296,0.35,0.358,0.454,0.453,0.453,0.345,0.385,0.452,0.52,0.322,0.124,0.041,-0.031,-0.104,0.014,0.205,0.396,0.417,0.459,0.5
Joint 3: ,-0.1,0.054,-0.088,-0.153,-0.17,-0.12,-0.06,-0.039,0.017,-0.039,-0.096,-0.277,-0.505,-0.627,-0.749,-0.743,-0.737,-0.499,-0.66,-0.821,-0.598,-0.298,0.002,0.101,0.201,0.3
Joint 4: ,0.3,0.382,0.237,0.136,0.055,-0.01,-0.128,-0.159,-0.198,-0.172,-0.146,-0.029,0.197,0.486,0.775,0.496,0.218,0.289,0.195,0.102,0.182,0.215,0.248,0.054,-0.073,-0.2
Joint 5: ,0.2,0.309,0.41,0.412,0.397,0.377,0.385,0.327,0.311,0.268,0.225,0.38,0.439,0.444,0.449,0.426,0.402,0.431,0.425,0.419,0.448,0.535,0.621,0.43,0.315,0.2
Joint 6: ,0.1,0.273,0.427,0.455,0.456,0.408,0.255,0.09,-0.077,-0.171,-0.265,-0.333,-0.447,-0.493,-0.54,-0.539,-0.538,-0.417,-0.492,-0.568,-0.544,-0.585,-0.626,-0.517,-0.359,-0.2
Trial,1,2D Sim,False,Distance Weight,0.8,Random Seed,15,Min Iterations,1200,Lazy,False,Distance cost,1.2657706438359528,Manip Cost,10.025948958859006,Total cost,3.017806306840563,Node cost function,False,Percent Manip Threshold,10,Update Path,False,Increasing weight,False,Parent finding radius R,0.9,Step Size,0.3,Goal Area Sample Probability,0.05,Goal Area Delta,0.6
Manipulability,0.032,0.045,0.028,0.024,0.02,0.037,0.052,0.069,0.086,0.06,0.038,0.059,0.083,0.109,0.141,0.125,0.104,0.108,0.082,0.115,0.121,0.126,0.134,0.136,0.105,0.123,0.096,0.137,0.133,0.128,0.122,0.085,0.116,0.125,0.159,0.193,0.178,0.162,0.15,0.137,0.122,0.14,0.155,0.156,0.156,0.157,0.165,0.172,0.173,0.17,0.163,0.159,0.205,0.202,0.22,0.236,0.206,0.203,0.198,0.153,0.101
Distance to Last Node,0.0,0.3,0.265,0.232,0.232,0.298,0.278,0.278,0.278,0.281,0.281,0.28,0.28,0.28,0.461,0.35,0.35,0.3,0.3,0.479,0.241,0.241,0.302,0.302,0.442,0.3,0.411,0.321,0.298,0.298,0.298,0.392,0.273,0.293,0.384,0.384,0.367,0.367,0.265,0.265,0.265,0.349,0.349,0.262,0.262,0.262,0.375,0.375,0.261,0.261,0.261,0.43,0.361,0.395,0.412,0.412,0.394,0.35,0.266,0.307,0.307
Joint 0: ,-1.7,-1.503,-1.295,-1.081,-0.868,-0.62,-0.403,-0.187,0.03,0.014,-0.002,0.041,0.084,0.128,-0.14,0.007,0.154,0.283,0.376,0.201,0.276,0.351,0.34,0.33,0.338,0.49,0.72,0.556,0.8,1.043,1.287,1.247,1.222,1.37,1.552,1.735,1.534,1.333,1.534,1.735,1.936,1.661,1.385,1.624,1.864,2.103,1.992,1.882,1.954,2.025,2.097,1.881,1.843,2.012,1.783,1.554,1.721,1.96,1.933,1.817,1.7
Joint 1: ,-1.0,-0.987,-0.945,-0.951,-0.958,-0.987,-1.014,-1.041,-1.068,-0.997,-0.927,-1.006,-1.086,-1.165,-1.038,-1.124,-1.209,-1.082,-0.963,-0.954,-1.027,-1.099,-1.01,-0.922,-0.992,-0.966,-0.882,-0.885,-0.904,-0.923,-0.942,-1.015,-1.007,-1.037,-1.163,-1.288,-1.261,-1.233,-1.24,-1.248,-1.255,-1.229,-1.204,-1.218,-1.231,-1.245,-1.226,-1.207,-1.276,-1.345,-1.414,-1.419,-1.364,-1.294,-1.327,-1.359,-1.411,-1.264,-1.187,-1.093,-1.0
Joint 2: ,0.2,0.036,0.1,0.132,0.163,0.198,0.277,0.355,0.434,0.225,0.015,0.264,0.514,0.764,0.639,0.751,0.864,0.912,0.999,0.94,1.006,1.072,0.996,0.921,1.112,1.099,1.108,1.116,1.121,1.127,1.133,1.207,1.027,0.816,0.541,0.267,0.496,0.726,0.752,0.779,0.805,0.694,0.582,0.644,0.706,0.767,0.561,0.354,0.458,0.562,0.666,0.683,0.448,0.695,0.406,0.116,0.293,0.251,0.19,0.345,0.5
Joint 3: ,-0.1,-0.074,-0.068,-0.047,-0.026,0.073,0.185,0.297,0.409,0.312,0.215,0.298,0.381,0.464,0.621,0.573,0.525,0.63,0.528,0.758,0.722,0.686,0.831,0.975,0.68,0.776,0.601,0.829,0.774,0.719,0.664,0.444,0.485,0.481,0.537,0.592,0.506,0.419,0.393,0.366,0.339,0.326,0.313,0.292,0.272,0.252,0.466,0.681,0.631,0.58,0.53,0.34,0.483,0.454,0.523,0.593,0.392,0.432,0.46,0.38,0.3
Joint 4: ,0.3,0.165,0.292,0.359,0.427,0.383,0.363,0.342,0.322,0.441,0.559,0.543,0.527,0.511,0.518,0.51,0.502,0.482,0.478,0.291,0.493,0.696,0.467,0.238,0.135,-0.037,-0.286,-0.384,-0.274,-0.165,-0.055,-0.124,-0.145,-0.148,-0.198,-0.248,-0.275,-0.302,-0.207,-0.112,-0.017,-0.046,-0.075,-0.121,-0.166,-0.211,-0.13,-0.05,-0.259,-0.468,-0.677,-0.443,-0.349,-0.307,-0.314,-0.321,-0.416,-0.285,-0.249,-0.224,-0.2
Joint 5: ,0.2,0.242,0.173,0.144,0.114,0.104,0.055,0.006,-0.043,-0.065,-0.087,-0.059,-0.031,-0.003,0.147,-0.011,-0.168,-0.249,-0.372,-0.24,-0.223,-0.206,-0.219,-0.233,-0.3,-0.231,-0.165,-0.045,-0.051,-0.057,-0.064,-0.1,0.068,0.13,0.229,0.329,0.319,0.309,0.261,0.214,0.166,0.278,0.389,0.403,0.416,0.429,0.292,0.156,0.152,0.148,0.144,0.308,0.46,0.507,0.587,0.667,0.519,0.575,0.605,0.403,0.2
Joint 6: ,0.1,0.043,0.062,0.028,-0.006,-0.122,-0.211,-0.301,-0.39,-0.464,-0.538,-0.533,-0.528,-0.522,-0.771,-0.539,-0.307,-0.115,-0.3,0.0,-0.011,-0.023,-0.086,-0.148,0.077,0.228,0.339,0.344,0.227,0.109,-0.009,0.286,0.178,0.058,-0.03,-0.118,0.062,0.242,0.111,-0.02,-0.152,-0.291,-0.431,-0.499,-0.568,-0.636,-0.518,-0.399,-0.434,-0.469,-0.504,-0.361,-0.227,-0.464,-0.32,-0.176,-0.323,-0.467,-0.228,-0.214,-0.2
Trial,2,2D Sim,False,Distance Weight,0.8,Random Seed,30,Min Iterations,1200,Lazy,False,Distance cost,0.9234956757256834,Manip Cost,9.871755112765126,Total cost,2.7131475631335715,Node cost function,False,Percent Manip Threshold,10,Update Path,False,Increasing weight,False,Parent finding radius R,0.9,Step Size,0.3,Goal Area Sample Probability,0.05,Goal Area Delta,0.6
Manipulability,0.032,0.069,0.102,0.09,0.073,0.073,0.094,0.088,0.075,0.066,0.057,0.056,0.058,0.045,0.043,0.04,0.034,0.075,0.123,0.131,0.138,0.146,0.143,0.138,0.143,0.142,0.151,0.162,0.133,0.157,0.185,0.205,0.181,0.179,0.176,0.203,0.226,0.195,0.222,0.243,0.219,0.17,0.217,0.162,0.101
Distance to Last Node,0.0,0.339,0.339,0.354,0.295,0.444,0.389,0.261,0.253,0.253,0.287,0.25,0.25,0.238,0.244,0.244,0.37,0.363,0.363,0.259,0.259,0.259,0.242,0.242,0.373,0.373,0.246,0.246,0.312,0.404,0.404,0.3,0.364,0.296,0.296,0.34,0.34,0.4,0.34,0.34,0.396,0.396,0.247,0.388,0.388
Joint 0: ,-1.7,-1.462,-1.223,-1.23,-1.19,-0.98,-0.68,-0.461,-0.258,-0.055,0.218,0.432,0.646,0.853,1.069,1.285,1.475,1.62,1.766,1.748,1.729,1.711,1.733,1.756,1.749,1.742,1.734,1.727,1.689,1.784,1.879,1.884,1.799,1.812,1.824,1.852,1.879,1.719,1.856,1.994,1.96,1.927,2.009,1.854,1.7
Joint 1: ,-1.0,-0.967,-0.935,-0.853,-0.817,-0.898,-0.998,-0.927,-0.851,-0.776,-0.786,-0.801,-0.816,-0.82,-0.85,-0.88,-0.988,-1.127,-1.267,-1.25,-1.233,-1.216,-1.325,-1.433,-1.222,-1.011,-1.084,-1.157,-1.054,-1.266,-1.478,-1.457,-1.325,-1.304,-1.282,-1.324,-1.366,-1.203,-1.327,-1.452,-1.41,-1.368,-1.428,-1.214,-1.0
Joint 2: ,0.2,0.192,0.183,0.037,-0.099,-0.381,-0.475,-0.451,-0.38,-0.308,-0.246,-0.171,-0.096,-0.024,0.06,0.144,0.373,0.476,0.58,0.725,0.869,1.014,0.836,0.658,0.902,1.145,0.96,0.774,0.98,0.758,0.537,0.343,0.549,0.614,0.68,0.433,0.186,0.422,0.237,0.051,0.316,0.58,0.518,0.509,0.5
Joint 3: ,-0.1,0.029,0.158,-0.038,-0.125,-0.117,-0.113,-0.137,-0.192,-0.246,-0.21,-0.16,-0.109,-0.099,-0.083,-0.066,0.059,0.316,0.573,0.608,0.643,0.678,0.604,0.531,0.667,0.803,0.763,0.723,0.692,0.651,0.611,0.75,0.625,0.683,0.741,0.792,0.844,0.727,0.85,0.974,0.698,0.422,0.593,0.447,0.3
Joint 4: ,0.3,0.23,0.16,-0.051,-0.277,-0.527,-0.682,-0.705,-0.714,-0.722,-0.693,-0.631,-0.57,-0.512,-0.448,-0.383,-0.392,-0.44,-0.488,-0.526,-0.563,-0.6,-0.513,-0.425,-0.513,-0.602,-0.541,-0.48,-0.614,-0.441,-0.268,-0.339,-0.211,-0.274,-0.338,-0.331,-0.324,-0.182,-0.342,-0.502,-0.503,-0.505,-0.547,-0.374,-0.2
Joint 5: ,0.2,0.289,0.377,0.486,0.438,0.374,0.432,0.431,0.394,0.357,0.316,0.318,0.32,0.253,0.233,0.214,0.091,-0.015,-0.121,-0.11,-0.1,-0.09,-0.059,-0.028,-0.088,-0.149,-0.045,0.059,-0.095,0.018,0.13,0.125,0.173,0.109,0.045,0.194,0.342,0.323,0.358,0.394,0.349,0.303,0.419,0.31,0.2
Joint 6: ,0.1,-0.066,-0.231,-0.276,-0.208,-0.204,-0.326,-0.442,-0.528,-0.614,-0.615,-0.548,-0.482,-0.455,-0.457,-0.459,-0.378,-0.349,-0.321,-0.114,0.093,0.299,0.277,0.255,0.329,0.402,0.468,0.535,0.547,0.422,0.297,0.131,-0.045,0.222,0.489,0.324,0.159,0.024,0.092,0.16,0.086,0.013,0.063,-0.069,-0.2
Trial,3,2D Sim,False,Distance Weight,0.8,Random Seed,45,Min Iterations,1200,Lazy,False,Distance cost,0.5501578713007719,Manip Cost,11.245289865957975,Total cost,2.689184270232212,Node cost function,False,Percent Manip Threshold,10,Update Path,False,Increasing weight,False,Parent finding radius R,0.9,Step Size,0.3,Goal Area Sample Probability,0.05,Goal Area Delta,0.6
Manipulability,0.032,0.04,0.045,0.055,0.088,0.111,0.132,0.148,0.127,0.1,0.102,0.103,0.104,0.15,0.195,0.153,0.11,0.128,0.148,0.164,0.177,0.171,0.158,0.072,0.022,0.065,0.104
Distance to Last Node,0.0,0.402,0.251,0.285,0.368,0.282,0.282,0.282,0.295,0.295,0.285,0.285,0.285,0.27,0.27,0.376,0.376,0.293,0.293,0.348,0.348,0.372,0.372,0.299,0.406,0.355,0.355
Joint 0: ,-1.7,-1.444,-1.218,-0.993,-0.699,-0.471,-0.244,-0.016,-0.167,-0.319,-0.113,0.093,0.299,0.277,0.255,0.452,0.648,0.495,0.342,0.566,0.789,0.764,0.739,0.835,1.08,1.367,1.653
Joint 1: ,-1.0,-0.853,-0.808,-0.748,-0.679,-0.643,-0.607,-0.571,-0.612,-0.652,-0.673,-0.693,-0.714,-0.767,-0.82,-0.834,-0.847,-0.826,-0.806,-0.852,-0.897,-0.861,-0.825,-0.9,-1.03,-1.028,-1.026
Joint 2: ,0.2,0.204,0.207,0.124,0.156,0.272,0.387,0.503,0.271,0.039,0.216,0.394,0.571,0.471,0.371,0.585,0.799,0.629,0.459,0.68,0.901,0.618,0.335,0.327,0.303,0.377,0.451
Joint 3: ,-0.1,-0.214,-0.279,-0.339,-0.405,-0.433,-0.461,-0.489,-0.413,-0.338,-0.321,-0.303,-0.285,-0.447,-0.609,-0.476,-0.343,-0.295,-0.247,-0.363,-0.479,-0.487,-0.495,-0.258,-0.033,0.124,0.281
Joint 4: ,0.3,0.126,0.077,0.16,0.294,0.359,0.423,0.487,0.472,0.457,0.379,0.3,0.221,0.361,0.501,0.332,0.162,0.178,0.193,0.209,0.226,0.007,-0.212,-0.132,-0.284,-0.23,-0.175
Joint 5: ,0.2,0.274,0.299,0.207,0.073,-0.017,-0.107,-0.197,-0.147,-0.097,-0.118,-0.14,-0.161,-0.151,-0.141,-0.109,-0.077,-0.218,-0.359,-0.295,-0.232,-0.164,-0.097,-0.0,0.105,0.164,0.224
Joint 6: ,0.1,-0.06,-0.106,-0.142,-0.191,-0.208,-0.226,-0.243,-0.229,-0.216,-0.23,-0.244,-0.258,-0.374,-0.491,-0.396,-0.3,-0.199,-0.097,-0.147,-0.197,-0.259,-0.321,-0.374,-0.322,-0.237,-0.152
Trial,4,2D Sim,False,Distance Weight,0.8,Random Seed,60,Min Iterations,1200,Lazy,False,Distance cost,0.6696531919932779,Manip Cost,8.104112807494763,Total cost,2.1565451150935746,Node cost function,False,Percent Manip Threshold,10,Update Path,False,Increasing weight,False,Parent finding radius R,0.9,Step Size,0.3,Goal Area Sample Probability,0.05,Goal Area Delta,0.6
Manipulability,0.032,0.077,0.168,0.139,0.104,0.075,0.079,0.088,0.081,0.071,0.061,0.057,0.051,0.101,0.174,0.213,0.238,0.227,0.199,0.228,0.192,0.168,0.175,0.184,0.192,0.186,0.181,0.205,0.226,0.201,0.187,0.145,0.101
Distance to Last Node,0.0,0.298,0.298,0.494,0.374,0.378,0.264,0.296,0.283,0.267,0.229,0.229,0.238,0.443,0.423,0.313,0.313,0.277,0.277,0.377,0.429,0.297,0.276,0.276,0.276,0.448,0.448,0.28,0.28,0.298,0.303,0.227,0.227
Joint 0: ,-1.7,-1.612,-1.524,-1.481,-1.251,-0.969,-0.728,-0.474,-0.218,0.031,0.239,0.448,0.661,0.938,1.09,1.088,1.087,1.134,1.181,1.097,1.287,1.514,1.721,1.928,2.136,1.889,1.643,1.574,1.506,1.506,1.569,1.634,1.7
Joint 1: ,-1.0,-0.995,-0.991,-0.769,-0.811,-0.862,-0.843,-0.834,-0.839,-0.86,-0.871,-0.883,-0.933,-1.05,-1.19,-1.271,-1.352,-1.345,-1.338,-1.284,-1.186,-1.178,-1.233,-1.289,-1.344,-1.309,-1.274,-1.313,-1.352,-1.341,-1.178,-1.089,-1.0
Joint 2: ,0.2,0.242,0.285,0.545,0.718,0.851,0.915,0.876,0.855,0.833,0.832,0.832,0.823,0.775,0.684,0.622,0.56,0.614,0.667,0.689,0.591,0.534,0.394,0.254,0.114,0.266,0.418,0.507,0.596,0.636,0.454,0.477,0.5
Joint 3: ,-0.1,-0.312,-0.524,-0.388,-0.212,-0.06,-0.063,-0.017,0.054,0.11,0.201,0.292,0.343,0.54,0.707,0.795,0.883,0.662,0.442,0.723,0.457,0.455,0.523,0.591,0.658,0.431,0.203,0.412,0.621,0.383,0.39,0.345,0.3
Joint 4: ,0.3,0.244,0.187,0.339,0.229,0.088,0.003,-0.101,-0.175,-0.245,-0.227,-0.208,-0.224,-0.072,0.111,0.294,0.477,0.348,0.22,0.42,0.194,0.149,0.13,0.112,0.093,-0.01,-0.114,-0.039,0.036,0.077,-0.075,-0.138,-0.2
Joint 5: ,0.2,0.071,-0.059,-0.176,-0.219,-0.237,-0.256,-0.335,-0.367,-0.366,-0.378,-0.389,-0.315,-0.116,0.142,0.353,0.565,0.512,0.459,0.566,0.526,0.359,0.309,0.26,0.211,0.404,0.597,0.549,0.501,0.519,0.555,0.378,0.2
Joint 6: ,0.1,-0.019,-0.138,0.126,0.227,0.233,0.235,0.284,0.33,0.308,0.32,0.332,0.312,0.279,0.257,0.213,0.169,0.109,0.048,0.094,0.015,-0.04,0.018,0.076,0.134,0.008,-0.118,-0.006,0.106,-0.061,-0.127,-0.164,-0.2
Trial,5,2D Sim,False,Distance Weight,0.8,Random Seed,75,Min Iterations,1200,Lazy,False,Distance cost,0.5743646412010178,Manip Cost,12.302917377008823,Total cost,2.920075188362578,Node cost function,False,Percent Manip Threshold,10,Update Path,False,Increasing weight,False,Parent finding radius R,0.9,Step Size,0.3,Goal Area Sample Probability,0.05,Goal Area Delta,0.6
Manipulability,0.032,0.07,0.071,0.063,0.059,0.061,0.072,0.065,0.072,0.053,0.036,0.055,0.084,0.109,0.14,0.142,0.146,0.089,0.073,0.095,0.161,0.108,0.088,0.135,0.115,0.107,0.101
Distance to Last Node,0.0,0.3,0.3,0.285,0.27,0.245,0.337,0.291,0.349,0.294,0.294,0.378,0.404,0.384,0.384,0.416,0.416,0.295,0.295,0.342,0.342,0.268,0.371,0.371,0.419,0.322,0.322
Joint 0: ,-1.7,-1.731,-1.803,-1.552,-1.295,-1.072,-0.81,-0.582,-0.303,-0.043,0.218,0.455,0.661,0.816,0.971,0.92,0.869,0.907,0.944,0.97,0.996,0.983,1.009,1.036,1.315,1.508,1.7
Joint 1: ,-1.0,-0.885,-0.86,-0.822,-0.814,-0.835,-0.87,-0.905,-0.948,-0.886,-0.824,-0.82,-0.83,-0.695,-0.559,-0.79,-1.021,-0.982,-0.944,-0.983,-1.021,-1.033,-1.041,-1.048,-1.055,-1.027,-1.0
Joint 2: ,0.2,0.261,0.358,0.324,0.319,0.296,0.35,0.358,0.454,0.453,0.453,0.345,0.385,0.452,0.52,0.322,0.124,0.041,-0.042,-0.073,-0.104,0.014,0.205,0.396,0.417,0.459,0.5
Joint 3: ,-0.1,0.054,-0.088,-0.153,-0.17,-0.12,-0.06,-0.039,0.017,-0.039,-0.096,-0.277,-0.505,-0.627,-0.749,-0.743,-0.737,-0.499,-0.26,-0.54,-0.821,-0.598,-0.298,0.002,0.101,0.201,0.3
Joint 4: ,0.3,0.382,0.237,0.136,0.055,-0.01,-0.128,-0.159,-0.198,-0.172,-0.146,-0.029,0.197,0.486,0.775,0.496,0.218,0.289,0.36,0.231,0.102,0.182,0.215,0.248,0.054,-0.073,-0.2
Joint 5: ,0.2,0.309,0.41,0.412,0.397,0.377,0.385,0.327,0.311,0.268,0.225,0.38,0.439,0.444,0.449,0.426,0.402,0.431,0.46,0.44,0.419,0.448,0.535,0.621,0.43,0.315,0.2
Joint 6: ,0.1,0.273,0.427,0.455,0.456,0.408,0.255,0.09,-0.077,-0.171,-0.265,-0.333,-0.447,-0.493,-0.54,-0.539,-0.538,-0.417,-0.295,-0.432,-0.568,-0.544,-0.585,-0.626,-0.517,-0.359,-0.2
Trial,1,2D Sim,False,Distance Weight,0.7,Random Seed,15,Min Iterations,1200,Lazy,False,Distance cost,1.6361649206343398,Manip Cost,9.422456405899036,Total cost,3.972052366213749,Node cost function,False,Percent Manip Threshold,10,Update Path,False,Increasing weight,False,Parent finding radius R,0.9,Step Size,0.3,Goal Area Sample Probability,0.05,Goal Area Delta,0.6
Manipulability,0.032,0.045,0.028,0.024,0.02,0.037,0.052,0.069,0.086,0.06,0.038,0.059,0.083,0.109,0.141,0.125,0.104,0.108,0.082,0.115,0.121,0.126,0.134,0.136,0.105,0.123,0.096,0.137,0.133,0.128,0.122,0.085,0.116,0.142,0.101,0.13,0.15,0.147,0.113,0.095,0.127,0.162,0.125,0.149,0.17,0.188,0.167,0.147,0.14,0.131,0.125,0.12,0.131,0.144,0.148,0.153,0.157,0.165,0.172,0.173,0.17,0.163,0.161,0.163,0.208,0.204,0.156,0.185,0.212,0.236,0.207,0.192,0.176,0.176,0.182,0.187,0.191,0.152,0.101
Distance to Last Node,0.0,0.3,0.265,0.232,0.232,0.298,0.278,0.278,0.278,0.281,0.281,0.28,0.28,0.28,0.461,0.35,0.35,0.3,0.3,0.479,0.241,0.241,0.302,0.302,0.442,0.3,0.411,0.321,0.298,0.298,0.298,0.392,0.273,0.273,0.431,0.305,0.305,0.3,0.414,0.418,0.309,0.309,0.285,0.279,0.279,0.279,0.394,0.394,0.304,0.304,0.291,0.291,0.324,0.324,0.283,0.283,0.283,0.375,0.375,0.261,0.261,0.261,0.445,0.445,0.379,0.436,0.391,0.289,0.289,0.289,0.395,0.26,0.26,0.264,0.278,0.278,0.278,0.34,0.34
Joint 0: ,-1.7,-1.503,-1.295,-1.081,-0.868,-0.62,-0.403,-0.187,0.03,0.014,-0.002,0.041,0.084,0.128,-0.14,0.007,0.154,0.283,0.376,0.201,0.276,0.351,0.34,0.33,0.338,0.49,0.72,0.556,0.8,1.043,1.287,1.247,1.222,1.198,1.258,1.337,1.417,1.643,1.459,1.473,1.403,1.333,1.342,1.421,1.5,1.578,1.821,2.063,2.042,2.02,1.915,1.809,1.575,1.342,1.595,1.849,2.103,1.992,1.882,1.954,2.025,2.097,1.885,1.674,1.739,1.961,1.777,1.702,1.628,1.554,1.723,1.891,2.06,2.108,2.041,1.974,1.906,1.803,1.7
Joint 1: ,-1.0,-0.987,-0.945,-0.951,-0.958,-0.987,-1.014,-1.041,-1.068,-0.997,-0.927,-1.006,-1.086,-1.165,-1.038,-1.124,-1.209,-1.082,-0.963,-0.954,-1.027,-1.099,-1.01,-0.922,-0.992,-0.966,-0.882,-0.885,-0.904,-0.923,-0.942,-1.015,-1.007,-1.0,-1.036,-1.029,-1.023,-1.124,-1.037,-0.963,-1.098,-1.233,-1.216,-1.226,-1.236,-1.246,-1.239,-1.232,-1.283,-1.333,-1.262,-1.19,-1.194,-1.198,-1.214,-1.229,-1.245,-1.226,-1.207,-1.276,-1.345,-1.414,-1.422,-1.431,-1.37,-1.297,-1.094,-1.183,-1.271,-1.359,-1.412,-1.314,-1.216,-1.149,-1.136,-1.122,-1.109,-1.055,-1.0
Joint 2: ,0.2,0.036,0.1,0.132,0.163,0.198,0.277,0.355,0.434,0.225,0.015,0.264,0.514,0.764,0.639,0.751,0.864,0.912,0.999,0.94,1.006,1.072,0.996,0.921,1.112,1.099,1.108,1.116,1.121,1.127,1.133,1.207,1.027,0.848,1.085,0.877,0.669,0.607,0.833,1.091,0.909,0.726,0.783,0.693,0.603,0.513,0.502,0.491,0.558,0.624,0.726,0.827,0.729,0.631,0.677,0.722,0.767,0.561,0.354,0.458,0.562,0.666,0.7,0.734,0.474,0.708,0.815,0.582,0.349,0.116,0.3,0.313,0.326,0.55,0.409,0.269,0.128,0.314,0.5
Joint 3: ,-0.1,-0.074,-0.068,-0.047,-0.026,0.073,0.185,0.297,0.409,0.312,0.215,0.298,0.381,0.464,0.621,0.573,0.525,0.63,0.528,0.758,0.722,0.686,0.831,0.975,0.68,0.776,0.601,0.829,0.774,0.719,0.664,0.444,0.485,0.527,0.329,0.429,0.529,0.413,0.199,0.095,0.257,0.419,0.163,0.274,0.385,0.497,0.542,0.586,0.407,0.227,0.313,0.398,0.325,0.252,0.252,0.252,0.252,0.466,0.681,0.631,0.58,0.53,0.328,0.125,0.376,0.4,0.264,0.374,0.483,0.593,0.389,0.397,0.405,0.453,0.465,0.476,0.487,0.394,0.3
Joint 4: ,0.3,0.165,0.292,0.359,0.427,0.383,0.363,0.342,0.322,0.441,0.559,0.543,0.527,0.511,0.518,0.51,0.502,0.482,0.478,0.291,0.493,0.696,0.467,0.238,0.135,-0.037,-0.286,-0.384,-0.274,-0.165,-0.055,-0.124,-0.145,-0.167,-0.275,-0.184,-0.093,-0.192,-0.26,-0.347,-0.324,-0.302,-0.271,-0.215,-0.159,-0.102,-0.332,-0.562,-0.372,-0.182,-0.111,-0.04,-0.073,-0.106,-0.141,-0.176,-0.211,-0.13,-0.05,-0.259,-0.468,-0.677,-0.452,-0.228,-0.242,-0.253,-0.263,-0.282,-0.302,-0.321,-0.419,-0.308,-0.197,-0.239,-0.23,-0.221,-0.212,-0.206,-0.2
Joint 5: ,0.2,0.242,0.173,0.144,0.114,0.104,0.055,0.006,-0.043,-0.065,-0.087,-0.059,-0.031,-0.003,0.147,-0.011,-0.168,-0.249,-0.372,-0.24,-0.223,-0.206,-0.219,-0.233,-0.3,-0.231,-0.165,-0.045,-0.051,-0.057,-0.064,-0.1,0.068,0.235,0.137,0.215,0.293,0.295,0.334,0.351,0.33,0.309,0.363,0.376,0.389,0.403,0.231,0.06,0.18,0.299,0.206,0.112,0.247,0.382,0.398,0.414,0.429,0.292,0.156,0.152,0.148,0.144,0.329,0.514,0.563,0.559,0.496,0.553,0.61,0.667,0.526,0.48,0.433,0.448,0.51,0.573,0.635,0.418,0.2
Joint 6: ,0.1,0.043,0.062,0.028,-0.006,-0.122,-0.211,-0.301,-0.39,-0.464,-0.538,-0.533,-0.528,-0.522,-0.771,-0.539,-0.307,-0.115,-0.3,0.0,-0.011,-0.023,-0.086,-0.148,0.077,0.228,0.339,0.344,0.227,0.109,-0.009,0.286,0.178,0.07,0.323,0.186,0.049,0.008,0.171,0.459,0.351,0.242,0.332,0.113,-0.106,-0.325,-0.436,-0.547,-0.495,-0.444,-0.251,-0.059,-0.185,-0.311,-0.419,-0.528,-0.636,-0.518,-0.399,-0.434,-0.469,-0.504,-0.341,-0.177,-0.135,-0.418,-0.208,-0.197,-0.186,-0.176,-0.317,-0.439,-0.562,-0.651,-0.43,-0.209,0.012,-0.094,-0.2
Trial,2,2D Sim,False,Distance Weight,0.7,Random Seed,30,Min Iterations,1200,Lazy,False,Distance cost,0.9697830375949691,Manip Cost,9.700149721739454,Total cost,3.588893042838315,Node cost function,False,Percent Manip Threshold,10,Update Path,False,Increasing weight,False,Parent finding radius R,0.9,Step Size,0.3,Goal Area Sample Probability,0.05,Goal Area Delta,0.6
Manipulability,0.032,0.069,0.102,0.09,0.073,0.073,0.094,0.088,0.075,0.066,0.057,0.056,0.058,0.045,0.043,0.04,0.034,0.075,0.123,0.131,0.138,0.146,0.143,0.138,0.143,0.142,0.151,0.162,0.133,0.157,0.185,0.205,0.181,0.179,0.176,0.203,0.226,0.195,0.222,0.199,0.175,0.176,0.17,0.23,0.172,0.101
Distance to Last Node,0.0,0.339,0.339,0.354,0.295,0.444,0.389,0.261,0.253,0.253,0.287,0.25,0.25,0.238,0.244,0.244,0.37,0.363,0.363,0.259,0.259,0.259,0.242,0.242,0.373,0.373,0.246,0.246,0.312,0.404,0.404,0.3,0.364,0.296,0.296,0.34,0.34,0.4,0.34,0.415,0.415,0.383,0.383,0.389,0.436,0.436
Joint 0: ,-1.7,-1.462,-1.223,-1.23,-1.19,-0.98,-0.68,-0.461,-0.258,-0.055,0.218,0.432,0.646,0.853,1.069,1.285,1.475,1.62,1.766,1.748,1.729,1.711,1.733,1.756,1.749,1.742,1.734,1.727,1.689,1.784,1.879,1.884,1.799,1.812,1.824,1.852,1.879,1.719,1.856,1.653,1.449,1.678,1.907,2.012,1.856,1.7
Joint 1: ,-1.0,-0.967,-0.935,-0.853,-0.817,-0.898,-0.998,-0.927,-0.851,-0.776,-0.786,-0.801,-0.816,-0.82,-0.85,-0.88,-0.988,-1.127,-1.267,-1.25,-1.233,-1.216,-1.325,-1.433,-1.222,-1.011,-1.084,-1.157,-1.054,-1.266,-1.478,-1.457,-1.325,-1.304,-1.282,-1.324,-1.366,-1.203,-1.327,-1.189,-1.052,-1.182,-1.313,-1.418,-1.209,-1.0
Joint 2: ,0.2,0.192,0.183,0.037,-0.099,-0.381,-0.475,-0.451,-0.38,-0.308,-0.246,-0.171,-0.096,-0.024,0.06,0.144,0.373,0.476,0.58,0.725,0.869,1.014,0.836,0.658,0.902,1.145,0.96,0.774,0.98,0.758,0.537,0.343,0.549,0.614,0.68,0.433,0.186,0.422,0.237,0.432,0.628,0.608,0.589,0.406,0.453,0.5
Joint 3: ,-0.1,0.029,0.158,-0.038,-0.125,-0.117,-0.113,-0.137,-0.192,-0.246,-0.21,-0.16,-0.109,-0.099,-0.083,-0.066,0.059,0.316,0.573,0.608,0.643,0.678,0.604,0.531,0.667,0.803,0.763,0.723,0.692,0.651,0.611,0.75,0.625,0.683,0.741,0.792,0.844,0.727,0.85,0.679,0.508,0.485,0.462,0.733,0.516,0.3
Joint 4: ,0.3,0.23,0.16,-0.051,-0.277,-0.527,-0.682,-0.705,-0.714,-0.722,-0.693,-0.631,-0.57,-0.512,-0.448,-0.383,-0.392,-0.44,-0.488,-0.526,-0.563,-0.6,-0.513,-0.425,-0.513,-0.602,-0.541,-0.48,-0.614,-0.441,-0.268,-0.339,-0.211,-0.274,-0.338,-0.331,-0.324,-0.182,-0.342,-0.244,-0.145,-0.326,-0.506,-0.547,-0.373,-0.2
Joint 5: ,0.2,0.289,0.377,0.486,0.438,0.374,0.432,0.431,0.394,0.357,0.316,0.318,0.32,0.253,0.233,0.214,0.091,-0.015,-0.121,-0.11,-0.1,-0.09,-0.059,-0.028,-0.088,-0.149,-0.045,0.059,-0.095,0.018,0.13,0.125,0.173,0.109,0.045,0.194,0.342,0.323,0.358,0.425,0.491,0.391,0.291,0.431,0.316,0.2
Joint 6: ,0.1,-0.066,-0.231,-0.276,-0.208,-0.204,-0.326,-0.442,-0.528,-0.614,-0.615,-0.548,-0.482,-0.455,-0.457,-0.459,-0.378,-0.349,-0.321,-0.114,0.093,0.299,0.277,0.255,0.329,0.402,0.468,0.535,0.547,0.422,0.297,0.131,-0.045,0.222,0.489,0.324,0.159,0.024,0.092,-0.081,-0.254,-0.071,0.113,0.144,-0.028,-0.2
Trial,3,2D Sim,False,Distance Weight,0.7,Random Seed,45,Min Iterations,1200,Lazy,False,Distance cost,0.5628213436036383,Manip Cost,11.207130734739016,Total cost,3.7561141609442523,Node cost function,False,Percent Manip Threshold,10,Update Path,False,Increasing weight,False,Parent finding radius R,0.9,Step Size,0.3,Goal Area Sample Probability,0.05,Goal Area Delta,0.6
Manipulability,0.032,0.04,0.045,0.055,0.088,0.111,0.132,0.148,0.127,0.1,0.102,0.103,0.104,0.15,0.195,0.153,0.11,0.128,0.148,0.123,0.153,0.177,0.171,0.158,0.072,0.022,0.065,0.104
Distance to Last Node,0.0,0.402,0.251,0.285,0.368,0.282,0.282,0.282,0.295,0.295,0.285,0.285,0.285,0.27,0.27,0.376,0.376,0.293,0.293,0.275,0.307,0.307,0.372,0.372,0.299,0.406,0.355,0.355
Joint 0: ,-1.7,-1.444,-1.218,-0.993,-0.699,-0.471,-0.244,-0.016,-0.167,-0.319,-0.113,0.093,0.299,0.277,0.255,0.452,0.648,0.495,0.342,0.466,0.627,0.789,0.764,0.739,0.835,1.08,1.367,1.653
Joint 1: ,-1.0,-0.853,-0.808,-0.748,-0.679,-0.643,-0.607,-0.571,-0.612,-0.652,-0.673,-0.693,-0.714,-0.767,-0.82,-0.834,-0.847,-0.826,-0.806,-0.849,-0.873,-0.897,-0.861,-0.825,-0.9,-1.03,-1.028,-1.026
Joint 2: ,0.2,0.204,0.207,0.124,0.156,0.272,0.387,0.503,0.271,0.039,0.216,0.394,0.571,0.471,0.371,0.585,0.799,0.629,0.459,0.454,0.678,0.901,0.618,0.335,0.327,0.303,0.377,0.451
Joint 3: ,-0.1,-0.214,-0.279,-0.339,-0.405,-0.433,-0.461,-0.489,-0.413,-0.338,-0.321,-0.303,-0.285,-0.447,-0.609,-0.476,-0.343,-0.295,-0.247,-0.291,-0.385,-0.479,-0.487,-0.495,-0.258,-0.033,0.124,0.281
Joint 4: ,0.3,0.126,0.077,0.16,0.294,0.359,0.423,0.487,0.472,0.457,0.379,0.3,0.221,0.361,0.501,0.332,0.162,0.178,0.193,0.048,0.137,0.226,0.007,-0.212,-0.132,-0.284,-0.23,-0.175
Joint 5: ,0.2,0.274,0.299,0.207,0.073,-0.017,-0.107,-0.197,-0.147,-0.097,-0.118,-0.14,-0.161,-0.151,-0.141,-0.109,-0.077,-0.218,-0.359,-0.188,-0.21,-0.232,-0.164,-0.097,-0.0,0.105,0.164,0.224
Joint 6: ,0.1,-0.06,-0.106,-0.142,-0.191,-0.208,-0.226,-0.243,-0.229,-0.216,-0.23,-0.244,-0.258,-0.374,-0.491,-0.396,-0.3,-0.199,-0.097,-0.176,-0.187,-0.197,-0.259,-0.321,-0.374,-0.322,-0.237,-0.152
Trial,4,2D Sim,False,Distance Weight,0.7,Random Seed,60,Min Iterations,1200,Lazy,False,Distance cost,0.7606187602344988,Manip Cost,7.754892265620039,Total cost,2.858900811850161,Node cost function,False,Percent Manip Threshold,10,Update Path,False,Increasing weight,False,Parent finding radius R,0.9,Step Size,0.3,Goal Area Sample Probability,0.05,Goal Area Delta,0.6
Manipulability,0.032,0.077,0.168,0.139,0.104,0.075,0.079,0.088,0.081,0.071,0.061,0.057,0.051,0.101,0.174,0.213,0.238,0.227,0.198,0.227,0.185,0.162,0.161,0.163,0.176,0.189,0.184,0.179,0.174,0.203,0.226,0.24,0.246,0.231,0.212,0.19,0.154,0.101
Distance to Last Node,0.0,0.298,0.298,0.494,0.374,0.378,0.264,0.296,0.283,0.267,0.229,0.229,0.238,0.443,0.423,0.313,0.313,0.278,0.278,0.378,0.442,0.297,0.243,0.368,0.308,0.308,0.282,0.282,0.282,0.247,0.247,0.247,0.398,0.286,0.286,0.286,0.314,0.314
Joint 0: ,-1.7,-1.612,-1.524,-1.481,-1.251,-0.969,-0.728,-0.474,-0.218,0.031,0.239,0.448,0.661,0.938,1.09,1.088,1.087,1.135,1.182,1.098,1.229,1.434,1.649,1.489,1.684,1.879,1.649,1.42,1.19,1.273,1.356,1.438,1.204,1.322,1.441,1.559,1.63,1.7
Joint 1: ,-1.0,-0.995,-0.991,-0.769,-0.811,-0.862,-0.843,-0.834,-0.839,-0.86,-0.871,-0.883,-0.933,-1.05,-1.19,-1.271,-1.352,-1.345,-1.337,-1.284,-1.17,-1.155,-1.184,-1.1,-1.22,-1.341,-1.331,-1.322,-1.312,-1.338,-1.365,-1.391,-1.426,-1.306,-1.185,-1.064,-1.032,-1.0
Joint 2: ,0.2,0.242,0.285,0.545,0.718,0.851,0.915,0.876,0.855,0.833,0.832,0.832,0.823,0.775,0.684,0.622,0.56,0.612,0.664,0.687,0.595,0.519,0.455,0.67,0.514,0.358,0.467,0.576,0.686,0.686,0.686,0.685,0.534,0.515,0.497,0.478,0.489,0.5
Joint 3: ,-0.1,-0.312,-0.524,-0.388,-0.212,-0.06,-0.063,-0.017,0.054,0.11,0.201,0.292,0.343,0.54,0.707,0.795,0.883,0.661,0.439,0.721,0.498,0.491,0.528,0.6,0.521,0.442,0.359,0.277,0.194,0.406,0.618,0.83,0.854,0.794,0.733,0.672,0.486,0.3
Joint 4: ,0.3,0.244,0.187,0.339,0.229,0.088,0.003,-0.101,-0.175,-0.245,-0.227,-0.208,-0.224,-0.072,0.111,0.294,0.477,0.349,0.221,0.42,0.152,0.052,0.037,-0.122,-0.097,-0.072,-0.092,-0.113,-0.133,-0.052,0.029,0.11,0.379,0.158,-0.063,-0.283,-0.242,-0.2
Joint 5: ,0.2,0.071,-0.059,-0.176,-0.219,-0.237,-0.256,-0.335,-0.367,-0.366,-0.378,-0.389,-0.315,-0.116,0.142,0.353,0.565,0.512,0.46,0.566,0.449,0.303,0.241,0.249,0.32,0.391,0.443,0.494,0.545,0.514,0.484,0.453,0.532,0.534,0.536,0.538,0.369,0.2
Joint 6: ,0.1,-0.019,-0.138,0.126,0.227,0.233,0.235,0.284,0.33,0.308,0.32,0.332,0.312,0.279,0.257,0.213,0.169,0.108,0.047,0.093,-0.052,-0.146,-0.096,-0.256,-0.18,-0.103,-0.031,0.041,0.114,0.149,0.183,0.218,0.209,0.184,0.158,0.133,-0.033,-0.2
Trial,5,2D Sim,False,Distance Weight,0.7,Random Seed,75,Min Iterations,1200,Lazy,False,Distance cost,0.5743646412010178,Manip Cost,12.302917377008823,Total cost,4.09293046194336,Node cost function,False,Percent Manip Threshold,10,Update Path,False,Increasing weight,False,Parent finding radius R,0.9,Step Size,0.3,Goal Area Sample Probability,0.05,Goal Area Delta,0.6
Manipulability,0.032,0.07,0.071,0.063,0.059,0.061,0.072,0.065,0.072,0.053,0.036,0.055,0.084,0.109,0.14,0.142,0.146,0.089,0.073,0.095,0.161,0.108,0.088,0.135,0.115,0.107,0.101
Distance to Last Node,0.0,0.3,0.3,0.285,0.27,0.245,0.337,0.291,0.349,0.294,0.294,0.378,0.404,0.384,0.384,0.416,0.416,0.295,0.295,0.342,0.342,0.268,0.371,0.371,0.419,0.322,0.322
Joint 0: ,-1.7,-1.731,-1.803,-1.552,-1.295,-1.072,-0.81,-0.582,-0.303,-0.043,0.218,0.455,0.661,0.816,0.971,0.92,0.869,0.907,0.944,0.97,0.996,0.983,1.009,1.036,1.315,1.508,1.7
Joint 1: ,-1.0,-0.885,-0.86,-0.822,-0.814,-0.835,-0.87,-0.905,-0.948,-0.886,-0.824,-0.82,-0.83,-0.695,-0.559,-0.79,-1.021,-0.982,-0.944,-0.983,-1.021,-1.033,-1.041,-1.048,-1.055,-1.027,-1.0
Joint 2: ,0.2,0.261,0.358,0.324,0.319,0.296,0.35,0.358,0.454,0.453,0.453,0.345,0.385,0.452,0.52,0.322,0.124,0.041,-0.042,-0.073,-0.104,0.014,0.205,0.396,0.417,0.459,0.5
Joint 3: ,-0.1,0.054,-0.088,-0.153,-0.17,-0.12,-0.06,-0.039,0.017,-0.039,-0.096,-0.277,-0.505,-0.627,-0.749,-0.743,-0.737,-0.499,-0.26,-0.54,-0.821,-0.598,-0.298,0.002,0.101,0.201,0.3
Joint 4: ,0.3,0.382,0.237,0.136,0.055,-0.01,-0.128,-0.159,-0.198,-0.172,-0.146,-0.029,0.197,0.486,0.775,0.496,0.218,0.289,0.36,0.231,0.102,0.182,0.215,0.248,0.054,-0.073,-0.2
Joint 5: ,0.2,0.309,0.41,0.412,0.397,0.377,0.385,0.327,0.311,0.268,0.225,0.38,0.439,0.444,0.449,0.426,0.402,0.431,0.46,0.44,0.419,0.448,0.535,0.621,0.43,0.315,0.2
Joint 6: ,0.1,0.273,0.427,0.455,0.456,0.408,0.255,0.09,-0.077,-0.171,-0.265,-0.333,-0.447,-0.493,-0.54,-0.539,-0.538,-0.417,-0.295,-0.432,-0.568,-0.544,-0.585,-0.626,-0.517,-0.359,-0.2
