Trial,1,2D Sim,False,Distance Weight,0.9,Random Seed,15,Min Iterations,1200,Lazy,False,Distance cost,0.8760086005771061,Manip Cost,12.444020111285317,Total cost,2.032809751647927,Node cost function,False,Percent Manip Threshold,0,Update Path,False,Increasing weight,False,Parent finding radius R,0.9,Step Size,0.3,Goal Area Sample Probability,0.05,Goal Area Delta,0.6
Manipulability,0.032,0.045,0.021,0.033,0.02,0.023,0.062,0.069,0.077,0.086,0.06,0.045,0.064,0.085,0.109,0.141,0.125,0.104,0.108,0.082,0.115,0.121,0.126,0.134,0.136,0.13,0.123,0.131,0.126,0.126,0.148,0.142,0.146,0.145,0.142,0.167,0.193,0.194,0.212,0.161,0.101
Distance to Last Node,0.0,0.3,0.289,0.289,0.305,0.367,0.367,0.247,0.247,0.3,0.281,0.335,0.289,0.289,0.289,0.461,0.35,0.35,0.3,0.3,0.479,0.241,0.241,0.302,0.302,0.418,0.418,0.3,0.359,0.3,0.358,0.266,0.282,0.412,0.412,0.437,0.437,0.433,0.297,0.306,0.306
Joint 0: ,-1.7,-1.503,-1.291,-1.08,-0.788,-0.629,-0.469,-0.297,-0.125,0.03,0.014,0.072,0.09,0.109,0.128,-0.14,0.007,0.154,0.283,0.376,0.201,0.276,0.351,0.34,0.33,0.408,0.486,0.393,0.671,0.909,0.651,0.863,0.657,0.927,1.198,1.466,1.735,1.815,1.809,1.755,1.7
Joint 1: ,-1.0,-0.987,-0.928,-0.87,-0.865,-0.95,-1.035,-1.04,-1.045,-1.068,-0.997,-0.96,-1.028,-1.096,-1.165,-1.038,-1.124,-1.209,-1.082,-0.963,-0.954,-1.027,-1.099,-1.01,-0.922,-0.924,-0.926,-0.796,-0.878,-0.901,-0.895,-0.91,-0.845,-0.922,-1.0,-1.144,-1.288,-1.313,-1.31,-1.155,-1.0
Joint 2: ,0.2,0.036,0.097,0.159,0.13,0.13,0.13,0.198,0.266,0.434,0.225,-0.037,0.23,0.497,0.764,0.639,0.751,0.864,0.912,0.999,0.94,1.006,1.072,0.996,0.921,1.059,1.198,1.144,1.1,1.031,1.078,1.096,1.154,1.001,0.848,0.557,0.267,0.354,0.283,0.392,0.5
Joint 3: ,-0.1,-0.074,-0.114,-0.153,-0.12,0.075,0.27,0.271,0.271,0.409,0.312,0.257,0.326,0.395,0.464,0.621,0.573,0.525,0.63,0.528,0.758,0.722,0.686,0.831,0.975,0.856,0.737,0.959,0.791,0.72,0.889,0.814,0.921,0.724,0.527,0.56,0.592,0.74,0.683,0.492,0.3
Joint 4: ,0.3,0.165,0.281,0.396,0.455,0.53,0.605,0.45,0.295,0.322,0.441,0.515,0.514,0.513,0.511,0.518,0.51,0.502,0.482,0.478,0.291,0.493,0.696,0.467,0.238,-0.001,-0.239,-0.333,-0.237,-0.158,-0.32,-0.232,-0.341,-0.254,-0.167,-0.207,-0.248,-0.493,-0.374,-0.287,-0.2
Joint 5: ,0.2,0.242,0.145,0.049,0.083,0.042,0.001,0.043,0.084,-0.043,-0.065,-0.115,-0.078,-0.041,-0.003,0.147,-0.011,-0.168,-0.249,-0.372,-0.24,-0.223,-0.206,-0.219,-0.233,-0.198,-0.163,-0.121,-0.104,-0.031,0.023,-0.006,0.026,0.131,0.235,0.282,0.329,0.19,0.401,0.301,0.2
Joint 6: ,0.1,0.043,0.129,0.216,0.185,-0.054,-0.292,-0.323,-0.354,-0.39,-0.464,-0.631,-0.595,-0.559,-0.522,-0.771,-0.539,-0.307,-0.115,-0.3,0.0,-0.011,-0.023,-0.086,-0.148,0.129,0.406,0.452,0.376,0.27,0.31,0.203,0.27,0.17,0.07,-0.024,-0.118,-0.385,-0.239,-0.22,-0.2
Trial,2,2D Sim,False,Distance Weight,0.9,Random Seed,30,Min Iterations,1200,Lazy,False,Distance cost,0.5564953694734882,Manip Cost,10.422152479636095,Total cost,1.5430610804897489,Node cost function,False,Percent Manip Threshold,0,Update Path,False,Increasing weight,False,Parent finding radius R,0.9,Step Size,0.3,Goal Area Sample Probability,0.05,Goal Area Delta,0.6
Manipulability,0.032,0.069,0.102,0.035,0.071,0.08,0.09,0.122,0.149,0.102,0.057,0.102,0.133,0.138,0.154,0.167,0.159,0.151,0.16,0.167,0.192,0.207,0.195,0.142,0.082,0.023,0.102
Distance to Last Node,0.0,0.339,0.339,0.421,0.421,0.271,0.271,0.338,0.338,0.367,0.367,0.3,0.3,0.3,0.36,0.36,0.264,0.228,0.231,0.231,0.288,0.288,0.406,0.281,0.281,0.418,0.418
Joint 0: ,-1.7,-1.462,-1.223,-1.026,-0.828,-0.628,-0.428,-0.414,-0.399,-0.106,0.187,0.353,0.496,0.685,0.881,1.077,1.045,1.02,1.054,1.087,1.116,1.145,1.181,1.316,1.451,1.577,1.703
Joint 1: ,-1.0,-0.967,-0.935,-0.998,-1.061,-0.994,-0.927,-0.834,-0.741,-0.733,-0.726,-0.639,-0.648,-0.63,-0.81,-0.989,-0.917,-0.94,-1.0,-1.06,-1.063,-1.065,-1.075,-1.021,-0.966,-0.985,-1.003
Joint 2: ,0.2,0.192,0.183,0.139,0.096,-0.023,-0.143,0.049,0.24,0.089,-0.063,0.092,-0.017,0.099,0.145,0.192,0.241,0.246,0.317,0.388,0.324,0.261,0.512,0.477,0.442,0.47,0.497
Joint 3: ,-0.1,0.029,0.158,-0.026,-0.209,-0.176,-0.142,-0.259,-0.376,-0.286,-0.197,-0.319,-0.326,-0.277,-0.224,-0.172,-0.197,-0.215,-0.226,-0.237,-0.274,-0.311,-0.327,-0.187,-0.047,0.127,0.301
Joint 4: ,0.3,0.23,0.16,0.18,0.2,0.133,0.066,0.238,0.409,0.494,0.579,0.521,0.44,0.59,0.796,1.002,0.77,0.733,0.551,0.369,0.626,0.883,0.614,0.46,0.305,0.051,-0.204
Joint 5: ,0.2,0.289,0.377,0.17,-0.038,-0.128,-0.219,-0.23,-0.241,-0.148,-0.055,-0.14,-0.265,-0.372,-0.468,-0.565,-0.483,-0.41,-0.401,-0.391,-0.49,-0.588,-0.45,-0.355,-0.26,-0.03,0.201
Joint 6: ,0.1,-0.066,-0.231,0.004,0.24,0.275,0.31,0.151,-0.009,0.031,0.071,-0.002,-0.19,-0.124,-0.079,-0.034,-0.03,-0.239,-0.137,-0.036,-0.002,0.031,0.125,0.06,-0.005,-0.102,-0.199
Trial,3,2D Sim,False,Distance Weight,0.9,Random Seed,45,Min Iterations,1200,Lazy,False,Distance cost,0.6024891586471448,Manip Cost,9.94008101128727,Total cost,1.5362483439111572,Node cost function,False,Percent Manip Threshold,0,Update Path,False,Increasing weight,False,Parent finding radius R,0.9,Step Size,0.3,Goal Area Sample Probability,0.05,Goal Area Delta,0.6
Manipulability,0.032,0.046,0.051,0.056,0.062,0.068,0.108,0.136,0.159,0.153,0.152,0.148,0.153,0.104,0.15,0.195,0.186,0.177,0.171,0.168,0.076,0.054,0.115,0.126,0.155,0.167,0.11
Distance to Last Node,0.0,0.3,0.584,0.271,0.271,0.43,0.43,0.291,0.291,0.418,0.309,0.309,0.3,0.3,0.27,0.27,0.436,0.436,0.372,0.438,0.292,0.292,0.292,0.281,0.378,0.367,0.492
Joint 0: ,-1.7,-1.556,-1.336,-1.154,-0.973,-0.759,-0.545,-0.387,-0.229,-0.395,-0.206,-0.016,0.191,0.299,0.277,0.255,0.522,0.789,0.764,0.783,0.792,0.801,0.81,1.02,1.243,1.48,1.704
Joint 1: ,-1.0,-0.826,-0.756,-0.731,-0.706,-0.667,-0.628,-0.645,-0.662,-0.476,-0.524,-0.571,-0.709,-0.714,-0.767,-0.82,-0.859,-0.897,-0.861,-0.81,-0.861,-0.912,-0.962,-1.064,-1.227,-1.191,-1.024
Joint 2: ,0.2,0.334,0.047,0.153,0.258,0.109,-0.04,0.172,0.383,0.11,0.306,0.503,0.419,0.571,0.471,0.371,0.636,0.901,0.618,0.329,0.285,0.24,0.195,0.257,0.418,0.393,0.474
Joint 3: ,-0.1,-0.088,-0.307,-0.348,-0.389,-0.424,-0.459,-0.513,-0.566,-0.604,-0.546,-0.489,-0.446,-0.285,-0.447,-0.609,-0.544,-0.479,-0.487,-0.601,-0.381,-0.161,0.058,0.104,0.148,0.346,0.307
Joint 4: ,0.3,0.411,0.123,-0.038,-0.2,0.063,0.327,0.424,0.522,0.536,0.512,0.487,0.376,0.221,0.361,0.501,0.363,0.226,0.007,-0.214,-0.167,-0.119,-0.072,0.01,0.115,0.007,-0.215
Joint 5: ,0.2,0.286,0.371,0.404,0.438,0.23,0.022,-0.027,-0.076,-0.071,-0.134,-0.197,-0.187,-0.161,-0.151,-0.141,-0.186,-0.232,-0.164,-0.01,0.162,0.334,0.506,0.48,0.525,0.443,0.234
Joint 6: ,0.1,0.138,-0.121,-0.13,-0.138,-0.176,-0.213,-0.219,-0.224,-0.032,-0.138,-0.243,-0.327,-0.258,-0.374,-0.491,-0.344,-0.197,-0.259,-0.401,-0.379,-0.357,-0.335,-0.228,-0.068,0.071,-0.181
Trial,4,2D Sim,False,Distance Weight,0.9,Random Seed,60,Min Iterations,1200,Lazy,False,Distance cost,0.417273781914489,Manip Cost,9.360310390961054,Total cost,1.3115774428191453,Node cost function,False,Percent Manip Threshold,0,Update Path,False,Increasing weight,False,Parent finding radius R,0.9,Step Size,0.3,Goal Area Sample Probability,0.05,Goal Area Delta,0.6
Manipulability,0.032,0.077,0.168,0.139,0.104,0.093,0.086,0.086,0.093,0.099,0.105,0.082,0.065,0.055,0.124,0.2,0.203,0.208,0.156,0.101
Distance to Last Node,0.0,0.298,0.298,0.494,0.374,0.355,0.255,0.231,0.268,0.268,0.268,0.239,0.239,0.287,0.439,0.439,0.349,0.349,0.433,0.433
Joint 0: ,-1.7,-1.612,-1.524,-1.481,-1.251,-1.086,-0.879,-0.669,-0.434,-0.2,0.034,0.242,0.449,0.657,0.803,0.949,1.118,1.288,1.494,1.7
Joint 1: ,-1.0,-0.995,-0.991,-0.769,-0.811,-0.853,-0.888,-0.86,-0.846,-0.831,-0.816,-0.842,-0.868,-0.942,-1.136,-1.329,-1.314,-1.3,-1.15,-1.0
Joint 2: ,0.2,0.242,0.285,0.545,0.718,0.812,0.906,0.951,0.901,0.85,0.799,0.81,0.821,0.796,0.728,0.66,0.703,0.747,0.623,0.5
Joint 3: ,-0.1,-0.312,-0.524,-0.388,-0.212,0.014,0.012,-0.015,0.015,0.045,0.074,0.177,0.28,0.387,0.622,0.857,0.746,0.634,0.467,0.3
Joint 4: ,0.3,0.244,0.187,0.339,0.229,0.144,0.041,-0.028,-0.122,-0.216,-0.311,-0.27,-0.23,-0.229,-0.241,-0.253,-0.188,-0.122,-0.161,-0.2
Joint 5: ,0.2,0.071,-0.059,-0.176,-0.219,-0.382,-0.341,-0.326,-0.381,-0.436,-0.491,-0.461,-0.431,-0.288,-0.106,0.076,0.222,0.368,0.284,0.2
Joint 6: ,0.1,-0.019,-0.138,0.126,0.227,0.286,0.299,0.279,0.313,0.348,0.383,0.37,0.357,0.388,0.591,0.794,0.563,0.333,0.066,-0.2
Trial,5,2D Sim,False,Distance Weight,0.9,Random Seed,75,Min Iterations,1200,Lazy,False,Distance cost,0.6881193265385811,Manip Cost,10.381750869272079,Total cost,1.6574824808119306,Node cost function,False,Percent Manip Threshold,0,Update Path,False,Increasing weight,False,Parent finding radius R,0.9,Step Size,0.3,Goal Area Sample Probability,0.05,Goal Area Delta,0.6
Manipulability,0.032,0.07,0.071,0.063,0.059,0.061,0.072,0.083,0.082,0.08,0.047,0.053,0.086,0.104,0.128,0.156,0.14,0.142,0.15,0.154,0.158,0.161,0.102,0.062,0.061,0.115,0.154,0.188,0.211,0.245,0.238,0.229,0.169,0.101
Distance to Last Node,0.0,0.3,0.3,0.285,0.27,0.245,0.337,0.337,0.331,0.331,0.3,0.396,0.396,0.288,0.288,0.288,0.3,0.416,0.311,0.297,0.297,0.297,0.416,0.32,0.281,0.382,0.296,0.296,0.3,0.3,0.278,0.278,0.33,0.33
Joint 0: ,-1.7,-1.731,-1.803,-1.552,-1.295,-1.072,-0.81,-0.548,-0.286,-0.025,0.098,0.353,0.608,0.673,0.737,0.801,0.971,0.92,0.984,0.988,0.992,0.996,1.047,1.13,1.293,1.476,1.55,1.623,1.655,1.813,1.855,1.898,1.799,1.7
Joint 1: ,-1.0,-0.885,-0.86,-0.822,-0.814,-0.835,-0.87,-0.904,-0.947,-0.99,-0.85,-0.888,-0.926,-0.839,-0.752,-0.665,-0.559,-0.79,-0.604,-0.743,-0.882,-1.021,-1.026,-1.077,-1.049,-1.036,-1.075,-1.113,-1.228,-1.352,-1.364,-1.376,-1.188,-1.0
Joint 2: ,0.2,0.261,0.358,0.324,0.319,0.296,0.35,0.405,0.477,0.55,0.454,0.439,0.424,0.429,0.434,0.439,0.52,0.322,0.395,0.228,0.062,-0.104,0.129,0.276,0.316,0.435,0.603,0.772,0.943,0.922,0.725,0.528,0.514,0.5
Joint 3: ,-0.1,0.054,-0.088,-0.153,-0.17,-0.12,-0.06,0.001,0.037,0.073,-0.013,-0.255,-0.498,-0.614,-0.73,-0.845,-0.749,-0.743,-0.777,-0.792,-0.806,-0.821,-0.555,-0.324,-0.101,0.197,0.414,0.631,0.611,0.7,0.618,0.537,0.418,0.3
Joint 4: ,0.3,0.382,0.237,0.136,0.055,-0.01,-0.128,-0.247,-0.242,-0.238,-0.344,-0.209,-0.073,0.158,0.389,0.621,0.775,0.496,0.703,0.503,0.302,0.102,-0.094,-0.165,-0.151,-0.096,-0.029,0.037,0.189,0.109,0.067,0.024,-0.088,-0.2
Joint 5: ,0.2,0.309,0.41,0.412,0.397,0.377,0.385,0.392,0.343,0.294,0.223,0.336,0.449,0.473,0.498,0.523,0.449,0.426,0.389,0.399,0.409,0.419,0.387,0.32,0.312,0.358,0.383,0.408,0.469,0.626,0.6,0.575,0.387,0.2
Joint 6: ,0.1,0.273,0.427,0.455,0.456,0.408,0.255,0.102,-0.072,-0.245,-0.395,-0.411,-0.428,-0.489,-0.549,-0.61,-0.54,-0.539,-0.626,-0.606,-0.587,-0.568,-0.49,-0.396,-0.408,-0.346,-0.362,-0.378,-0.517,-0.617,-0.452,-0.287,-0.243,-0.2
Trial,1,2D Sim,False,Distance Weight,0.85,Random Seed,15,Min Iterations,1200,Lazy,False,Distance cost,1.1427401199230551,Manip Cost,11.05000820050128,Total cost,2.628830332009789,Node cost function,False,Percent Manip Threshold,0,Update Path,False,Increasing weight,False,Parent finding radius R,0.9,Step Size,0.3,Goal Area Sample Probability,0.05,Goal Area Delta,0.6
Manipulability,0.032,0.045,0.021,0.033,0.02,0.023,0.062,0.069,0.077,0.086,0.06,0.045,0.064,0.085,0.109,0.141,0.125,0.104,0.108,0.082,0.115,0.121,0.126,0.134,0.136,0.105,0.123,0.123,0.131,0.126,0.114,0.146,0.14,0.146,0.144,0.142,0.101,0.13,0.15,0.147,0.145,0.147,0.193,0.19,0.187,0.196,0.182,0.188,0.209,0.227,0.236,0.22,0.164,0.101
Distance to Last Node,0.0,0.3,0.289,0.289,0.305,0.367,0.367,0.247,0.247,0.3,0.281,0.335,0.289,0.289,0.289,0.461,0.35,0.35,0.3,0.3,0.479,0.241,0.241,0.302,0.302,0.442,0.3,0.3,0.3,0.359,0.359,0.404,0.257,0.291,0.406,0.406,0.431,0.305,0.305,0.3,0.3,0.3,0.392,0.341,0.341,0.3,0.356,0.26,0.406,0.406,0.3,0.297,0.308,0.308
Joint 0: ,-1.7,-1.503,-1.291,-1.08,-0.788,-0.629,-0.469,-0.297,-0.125,0.03,0.014,0.072,0.09,0.109,0.128,-0.14,0.007,0.154,0.283,0.376,0.201,0.276,0.351,0.34,0.33,0.338,0.49,0.486,0.393,0.671,0.948,0.671,0.876,0.665,0.931,1.198,1.258,1.337,1.417,1.643,1.665,1.756,1.735,1.849,1.964,1.894,2.059,2.021,1.913,1.804,1.554,1.566,1.633,1.7
Joint 1: ,-1.0,-0.987,-0.928,-0.87,-0.865,-0.95,-1.035,-1.04,-1.045,-1.068,-0.997,-0.96,-1.028,-1.096,-1.165,-1.038,-1.124,-1.209,-1.082,-0.963,-0.954,-1.027,-1.099,-1.01,-0.922,-0.992,-0.966,-0.926,-0.796,-0.878,-0.96,-0.924,-0.93,-0.858,-0.929,-1.0,-1.036,-1.029,-1.023,-1.124,-1.097,-1.217,-1.288,-1.253,-1.218,-1.337,-1.266,-1.253,-1.28,-1.308,-1.359,-1.353,-1.177,-1.0
Joint 2: ,0.2,0.036,0.097,0.159,0.13,0.13,0.13,0.198,0.266,0.434,0.225,-0.037,0.23,0.497,0.764,0.639,0.751,0.864,0.912,0.999,0.94,1.006,1.072,0.996,0.921,1.112,1.099,1.198,1.144,1.1,1.056,1.09,1.104,1.159,1.004,0.848,1.085,0.877,0.669,0.607,0.392,0.478,0.267,0.335,0.402,0.441,0.579,0.474,0.343,0.213,0.116,0.305,0.402,0.5
Joint 3: ,-0.1,-0.074,-0.114,-0.153,-0.12,0.075,0.27,0.271,0.271,0.409,0.312,0.257,0.326,0.395,0.464,0.621,0.573,0.525,0.63,0.528,0.758,0.722,0.686,0.831,0.975,0.68,0.776,0.737,0.959,0.791,0.623,0.84,0.781,0.9,0.713,0.527,0.329,0.429,0.529,0.413,0.472,0.547,0.592,0.709,0.825,0.888,0.688,0.72,0.673,0.627,0.593,0.624,0.462,0.3
Joint 4: ,0.3,0.165,0.281,0.396,0.455,0.53,0.605,0.45,0.295,0.322,0.441,0.515,0.514,0.513,0.511,0.518,0.51,0.502,0.482,0.478,0.291,0.493,0.696,0.467,0.238,0.135,-0.037,-0.239,-0.333,-0.237,-0.141,-0.312,-0.226,-0.338,-0.252,-0.167,-0.275,-0.184,-0.093,-0.192,-0.154,-0.233,-0.248,-0.378,-0.508,-0.739,-0.725,-0.523,-0.389,-0.255,-0.321,-0.327,-0.264,-0.2
Joint 5: ,0.2,0.242,0.145,0.049,0.083,0.042,0.001,0.043,0.084,-0.043,-0.065,-0.115,-0.078,-0.041,-0.003,0.147,-0.011,-0.168,-0.249,-0.372,-0.24,-0.223,-0.206,-0.219,-0.233,-0.3,-0.231,-0.163,-0.121,-0.104,-0.087,-0.005,-0.025,0.014,0.124,0.235,0.137,0.215,0.293,0.295,0.254,0.099,0.329,0.24,0.152,0.051,0.206,0.217,0.415,0.612,0.667,0.467,0.334,0.2
Joint 6: ,0.1,0.043,0.129,0.216,0.185,-0.054,-0.292,-0.323,-0.354,-0.39,-0.464,-0.631,-0.595,-0.559,-0.522,-0.771,-0.539,-0.307,-0.115,-0.3,0.0,-0.011,-0.023,-0.086,-0.148,0.077,0.228,0.406,0.452,0.376,0.3,0.325,0.214,0.277,0.173,0.07,0.323,0.186,0.049,0.008,-0.182,-0.337,-0.118,-0.361,-0.605,-0.652,-0.759,-0.645,-0.369,-0.094,-0.176,-0.282,-0.241,-0.2
Trial,2,2D Sim,False,Distance Weight,0.85,Random Seed,30,Min Iterations,1200,Lazy,False,Distance cost,0.9616244608145935,Manip Cost,9.61573876604478,Total cost,2.259741606599122,Node cost function,False,Percent Manip Threshold,0,Update Path,False,Increasing weight,False,Parent finding radius R,0.9,Step Size,0.3,Goal Area Sample Probability,0.05,Goal Area Delta,0.6
Manipulability,0.032,0.066,0.062,0.067,0.037,0.077,0.064,0.052,0.067,0.084,0.071,0.079,0.088,0.12,0.135,0.148,0.138,0.123,0.031,0.07,0.133,0.144,0.155,0.159,0.157,0.159,0.168,0.176,0.185,0.195,0.205,0.2,0.193,0.186,0.198,0.21,0.206,0.202,0.198,0.21,0.22,0.23,0.23,0.225,0.169,0.099
Distance to Last Node,0.0,0.424,0.416,0.416,0.399,0.399,0.291,0.291,0.407,0.407,0.291,0.355,0.355,0.3,0.329,0.329,0.39,0.39,0.432,0.361,0.361,0.269,0.269,0.45,0.269,0.269,0.336,0.336,0.252,0.252,0.252,0.276,0.276,0.276,0.293,0.293,0.234,0.234,0.234,0.254,0.254,0.254,0.291,0.291,0.4,0.4
Joint 0: ,-1.7,-1.434,-1.36,-1.287,-1.201,-1.116,-0.878,-0.639,-0.504,-0.37,-0.242,-0.031,0.179,0.33,0.585,0.84,1.043,1.245,1.453,1.618,1.784,1.767,1.75,1.715,1.76,1.804,1.828,1.851,1.857,1.864,1.87,1.891,1.912,1.933,1.911,1.889,1.944,2.0,2.056,2.039,2.022,2.005,2.031,2.056,1.878,1.699
Joint 1: ,-1.0,-1.081,-0.943,-0.805,-0.959,-1.113,-1.019,-0.925,-0.906,-0.887,-0.876,-0.821,-0.766,-0.764,-0.865,-0.967,-1.085,-1.204,-1.135,-1.146,-1.156,-1.182,-1.208,-1.337,-1.322,-1.307,-1.276,-1.245,-1.303,-1.362,-1.42,-1.344,-1.268,-1.192,-1.239,-1.286,-1.259,-1.232,-1.205,-1.265,-1.324,-1.384,-1.397,-1.409,-1.23,-1.052
Joint 2: ,0.2,0.282,0.129,-0.025,0.042,0.109,0.03,-0.048,-0.185,-0.321,-0.267,-0.136,-0.006,-0.102,-0.017,0.069,0.275,0.482,0.519,0.603,0.688,0.536,0.384,0.496,0.617,0.739,0.459,0.18,0.206,0.233,0.259,0.237,0.215,0.193,0.166,0.14,0.164,0.187,0.211,0.143,0.076,0.008,0.216,0.424,0.452,0.48
Joint 3: ,-0.1,0.187,0.002,-0.183,-0.216,-0.249,-0.179,-0.109,0.004,0.117,0.077,-0.025,-0.128,-0.151,-0.135,-0.12,-0.138,-0.157,0.086,0.349,0.612,0.73,0.849,0.563,0.702,0.84,0.871,0.902,0.873,0.845,0.816,0.843,0.871,0.898,0.899,0.9,0.867,0.833,0.8,0.875,0.951,1.026,0.86,0.694,0.483,0.272
Joint 4: ,0.3,0.357,0.128,-0.102,0.06,0.222,0.194,0.166,-0.122,-0.411,-0.176,0.039,0.254,0.201,0.346,0.492,0.281,0.07,0.076,-0.046,-0.169,-0.314,-0.459,-0.476,-0.481,-0.485,-0.505,-0.525,-0.475,-0.424,-0.374,-0.487,-0.599,-0.712,-0.593,-0.473,-0.55,-0.627,-0.704,-0.681,-0.658,-0.635,-0.614,-0.592,-0.415,-0.237
Joint 5: ,0.2,0.111,0.276,0.442,0.218,-0.006,-0.053,-0.101,-0.281,-0.461,-0.367,-0.31,-0.254,-0.362,-0.412,-0.462,-0.368,-0.274,-0.159,-0.098,-0.037,-0.115,-0.192,0.099,-0.084,-0.267,-0.173,-0.078,-0.023,0.032,0.087,0.102,0.118,0.134,0.193,0.252,0.29,0.328,0.366,0.35,0.334,0.317,0.376,0.434,0.313,0.192
Joint 6: ,0.1,0.053,-0.051,-0.155,0.06,0.274,0.345,0.415,0.402,0.39,0.401,0.367,0.332,0.125,0.084,0.043,0.016,-0.011,-0.267,-0.355,-0.443,-0.53,-0.617,-0.542,-0.491,-0.441,-0.593,-0.744,-0.514,-0.284,-0.054,-0.29,-0.526,-0.763,-0.508,-0.253,-0.458,-0.663,-0.868,-0.644,-0.421,-0.198,-0.102,-0.006,-0.072,-0.137
Trial,3,2D Sim,False,Distance Weight,0.85,Random Seed,45,Min Iterations,1200,Lazy,False,Distance cost,0.6919898360041953,Manip Cost,9.338424978467607,Total cost,1.9889551073737073,Node cost function,False,Percent Manip Threshold,0,Update Path,False,Increasing weight,False,Parent finding radius R,0.9,Step Size,0.3,Goal Area Sample Probability,0.05,Goal Area Delta,0.6
Manipulability,0.032,0.046,0.051,0.056,0.062,0.068,0.108,0.136,0.159,0.153,0.152,0.148,0.153,0.195,0.153,0.11,0.128,0.148,0.164,0.177,0.171,0.168,0.089,0.065,0.156,0.156,0.183,0.199,0.183,0.101
Distance to Last Node,0.0,0.3,0.584,0.271,0.271,0.43,0.43,0.291,0.291,0.418,0.309,0.309,0.3,0.3,0.376,0.376,0.293,0.293,0.348,0.348,0.372,0.438,0.25,0.422,0.422,0.4,0.379,0.379,0.423,0.453
Joint 0: ,-1.7,-1.556,-1.336,-1.154,-0.973,-0.759,-0.545,-0.387,-0.229,-0.395,-0.206,-0.016,0.191,0.255,0.452,0.648,0.495,0.342,0.566,0.789,0.764,0.783,0.806,0.786,0.766,1.018,1.288,1.558,1.63,1.7
Joint 1: ,-1.0,-0.826,-0.756,-0.731,-0.706,-0.667,-0.628,-0.645,-0.662,-0.476,-0.524,-0.571,-0.709,-0.82,-0.834,-0.847,-0.826,-0.806,-0.852,-0.897,-0.861,-0.81,-0.844,-0.946,-1.048,-1.185,-1.174,-1.163,-1.234,-1.0
Joint 2: ,0.2,0.334,0.047,0.153,0.258,0.109,-0.04,0.172,0.383,0.11,0.306,0.503,0.419,0.371,0.585,0.799,0.629,0.459,0.68,0.901,0.618,0.329,0.31,0.223,0.135,0.186,0.13,0.074,0.365,0.5
Joint 3: ,-0.1,-0.088,-0.307,-0.348,-0.389,-0.424,-0.459,-0.513,-0.566,-0.604,-0.546,-0.489,-0.446,-0.609,-0.476,-0.343,-0.295,-0.247,-0.363,-0.479,-0.487,-0.601,-0.375,-0.091,0.193,0.303,0.51,0.718,0.519,0.3
Joint 4: ,0.3,0.411,0.123,-0.038,-0.2,0.063,0.327,0.424,0.522,0.536,0.512,0.487,0.376,0.501,0.332,0.162,0.178,0.193,0.209,0.226,0.007,-0.214,-0.159,-0.17,-0.181,-0.282,-0.346,-0.41,-0.279,-0.2
Joint 5: ,0.2,0.286,0.371,0.404,0.438,0.23,0.022,-0.027,-0.076,-0.071,-0.134,-0.197,-0.187,-0.141,-0.109,-0.077,-0.218,-0.359,-0.295,-0.232,-0.164,-0.01,0.07,0.343,0.617,0.421,0.444,0.466,0.368,0.2
Joint 6: ,0.1,0.138,-0.121,-0.13,-0.138,-0.176,-0.213,-0.219,-0.224,-0.032,-0.138,-0.243,-0.327,-0.491,-0.396,-0.3,-0.199,-0.097,-0.147,-0.197,-0.259,-0.401,-0.392,-0.457,-0.521,-0.401,-0.26,-0.119,0.011,-0.2
Trial,4,2D Sim,False,Distance Weight,0.85,Random Seed,60,Min Iterations,1200,Lazy,False,Distance cost,0.46922411349277227,Manip Cost,9.032929852736356,Total cost,1.7537799743793099,Node cost function,False,Percent Manip Threshold,0,Update Path,False,Increasing weight,False,Parent finding radius R,0.9,Step Size,0.3,Goal Area Sample Probability,0.05,Goal Area Delta,0.6
Manipulability,0.032,0.077,0.168,0.139,0.108,0.094,0.087,0.087,0.093,0.099,0.105,0.101,0.097,0.083,0.07,0.087,0.169,0.184,0.2,0.216,0.196,0.171,0.101
Distance to Last Node,0.0,0.298,0.298,0.494,0.3,0.408,0.267,0.234,0.271,0.271,0.271,0.32,0.32,0.257,0.257,0.434,0.434,0.297,0.297,0.297,0.385,0.335,0.36
Joint 0: ,-1.7,-1.612,-1.524,-1.481,-1.269,-1.095,-0.886,-0.673,-0.437,-0.201,0.034,0.327,0.62,0.834,1.049,1.04,1.032,1.154,1.277,1.399,1.565,1.578,1.7
Joint 1: ,-1.0,-0.995,-0.991,-0.769,-0.709,-0.802,-0.855,-0.838,-0.831,-0.823,-0.816,-0.827,-0.838,-0.924,-1.01,-1.079,-1.148,-1.213,-1.279,-1.345,-1.193,-1.154,-1.0
Joint 2: ,0.2,0.242,0.285,0.545,0.679,0.792,0.893,0.942,0.895,0.847,0.799,0.804,0.808,0.782,0.756,0.78,0.805,0.794,0.784,0.773,0.548,0.628,0.5
Joint 3: ,-0.1,-0.312,-0.524,-0.388,-0.275,-0.018,-0.009,-0.029,0.005,0.04,0.074,0.086,0.099,0.147,0.195,0.479,0.762,0.688,0.613,0.539,0.431,0.505,0.3
Joint 4: ,0.3,0.244,0.187,0.339,0.294,0.177,0.063,-0.014,-0.113,-0.212,-0.311,-0.437,-0.563,-0.492,-0.422,-0.303,-0.184,-0.15,-0.117,-0.084,-0.17,-0.175,-0.2
Joint 5: ,0.2,0.071,-0.059,-0.176,-0.199,-0.372,-0.335,-0.321,-0.378,-0.434,-0.491,-0.481,-0.47,-0.429,-0.388,-0.159,0.069,0.207,0.344,0.482,0.581,0.349,0.2
Joint 6: ,0.1,-0.019,-0.138,0.126,0.217,0.281,0.296,0.276,0.312,0.348,0.383,0.393,0.403,0.346,0.289,0.479,0.67,0.462,0.255,0.047,-0.088,-0.3,-0.2
Trial,5,2D Sim,False,Distance Weight,0.85,Random Seed,75,Min Iterations,1200,Lazy,False,Distance cost,0.5775008348063746,Manip Cost,11.451331657670067,Total cost,2.208575458235929,Node cost function,False,Percent Manip Threshold,0,Update Path,False,Increasing weight,False,Parent finding radius R,0.9,Step Size,0.3,Goal Area Sample Probability,0.05,Goal Area Delta,0.6
Manipulability,0.032,0.07,0.071,0.063,0.059,0.061,0.072,0.083,0.082,0.08,0.023,0.08,0.13,0.182,0.156,0.146,0.134,0.054,0.053,0.142,0.153,0.168,0.181,0.141,0.101
Distance to Last Node,0.0,0.3,0.3,0.285,0.27,0.245,0.337,0.337,0.331,0.331,0.418,0.418,0.374,0.374,0.476,0.333,0.333,0.378,0.449,0.449,0.4,0.421,0.421,0.382,0.382
Joint 0: ,-1.7,-1.731,-1.803,-1.552,-1.295,-1.072,-0.81,-0.548,-0.286,-0.025,0.24,0.504,0.694,0.885,0.729,0.803,0.876,1.072,1.286,1.499,1.417,1.456,1.494,1.597,1.7
Joint 1: ,-1.0,-0.885,-0.86,-0.822,-0.814,-0.835,-0.87,-0.904,-0.947,-0.99,-0.814,-0.637,-0.666,-0.694,-0.521,-0.632,-0.744,-0.78,-0.894,-1.007,-1.174,-1.26,-1.347,-1.173,-1.0
Joint 2: ,0.2,0.261,0.358,0.324,0.319,0.296,0.35,0.405,0.477,0.55,0.53,0.509,0.561,0.614,0.681,0.733,0.784,0.745,0.742,0.739,0.819,0.733,0.648,0.574,0.5
Joint 3: ,-0.1,0.054,-0.088,-0.153,-0.17,-0.12,-0.06,0.001,0.037,0.073,-0.126,-0.326,-0.308,-0.29,-0.387,-0.239,-0.091,-0.027,0.184,0.396,0.497,0.597,0.698,0.499,0.3
Joint 4: ,0.3,0.382,0.237,0.136,0.055,-0.01,-0.128,-0.247,-0.242,-0.238,-0.165,-0.091,-0.244,-0.396,-0.119,-0.302,-0.484,-0.504,-0.486,-0.468,-0.549,-0.305,-0.061,-0.13,-0.2
Joint 5: ,0.2,0.309,0.41,0.412,0.397,0.377,0.385,0.392,0.343,0.294,0.14,-0.015,-0.265,-0.516,-0.38,-0.438,-0.496,-0.21,0.082,0.375,0.226,0.152,0.078,0.139,0.2
Joint 6: ,0.1,0.273,0.427,0.455,0.456,0.408,0.255,0.102,-0.072,-0.245,-0.306,-0.367,-0.483,-0.6,-0.347,-0.524,-0.702,-0.575,-0.464,-0.353,-0.07,-0.362,-0.655,-0.427,-0.2
Trial,1,2D Sim,False,Distance Weight,0.8,Random Seed,15,Min Iterations,1200,Lazy,False,Distance cost,1.3787798090583234,Manip Cost,10.456128772887052,Total cost,3.194249601824069,Node cost function,False,Percent Manip Threshold,0,Update Path,False,Increasing weight,False,Parent finding radius R,0.9,Step Size,0.3,Goal Area Sample Probability,0.05,Goal Area Delta,0.6
Manipulability,0.032,0.045,0.021,0.033,0.02,0.023,0.062,0.037,0.077,0.086,0.06,0.045,0.064,0.085,0.109,0.141,0.125,0.104,0.108,0.082,0.115,0.121,0.126,0.134,0.136,0.105,0.123,0.123,0.131,0.126,0.114,0.146,0.14,0.146,0.144,0.142,0.101,0.13,0.15,0.147,0.113,0.129,0.145,0.147,0.193,0.158,0.159,0.171,0.18,0.187,0.196,0.198,0.202,0.18,0.175,0.178,0.176,0.212,0.227,0.236,0.209,0.156,0.101
Distance to Last Node,0.0,0.3,0.289,0.289,0.305,0.367,0.367,0.26,0.436,0.3,0.281,0.335,0.289,0.289,0.289,0.461,0.35,0.35,0.3,0.3,0.479,0.241,0.241,0.302,0.302,0.442,0.3,0.3,0.3,0.359,0.359,0.404,0.257,0.291,0.406,0.406,0.431,0.305,0.305,0.3,0.414,0.338,0.338,0.3,0.392,0.276,0.375,0.29,0.29,0.29,0.3,0.422,0.422,0.443,0.285,0.419,0.419,0.332,0.332,0.3,0.378,0.315,0.315
Joint 0: ,-1.7,-1.503,-1.291,-1.08,-0.788,-0.629,-0.469,-0.302,-0.125,0.03,0.014,0.072,0.09,0.109,0.128,-0.14,0.007,0.154,0.283,0.376,0.201,0.276,0.351,0.34,0.33,0.338,0.49,0.486,0.393,0.671,0.948,0.671,0.876,0.665,0.931,1.198,1.258,1.337,1.417,1.643,1.459,1.562,1.665,1.756,1.735,1.824,1.579,1.707,1.835,1.964,1.894,1.747,1.6,1.879,2.051,1.853,1.655,1.73,1.804,1.554,1.713,1.707,1.7
Joint 1: ,-1.0,-0.987,-0.928,-0.87,-0.865,-0.95,-1.035,-0.936,-1.045,-1.068,-0.997,-0.96,-1.028,-1.096,-1.165,-1.038,-1.124,-1.209,-1.082,-0.963,-0.954,-1.027,-1.099,-1.01,-0.922,-0.992,-0.966,-0.926,-0.796,-0.878,-0.96,-0.924,-0.93,-0.858,-0.929,-1.0,-1.036,-1.029,-1.023,-1.124,-1.037,-1.067,-1.097,-1.217,-1.288,-1.261,-1.247,-1.237,-1.228,-1.218,-1.337,-1.331,-1.324,-1.301,-1.248,-1.35,-1.452,-1.38,-1.308,-1.359,-1.39,-1.195,-1.0
Joint 2: ,0.2,0.036,0.097,0.159,0.13,0.13,0.13,0.045,0.266,0.434,0.225,-0.037,0.23,0.497,0.764,0.639,0.751,0.864,0.912,0.999,0.94,1.006,1.072,0.996,0.921,1.112,1.099,1.198,1.144,1.1,1.056,1.09,1.104,1.159,1.004,0.848,1.085,0.877,0.669,0.607,0.833,0.612,0.392,0.478,0.267,0.432,0.579,0.52,0.461,0.402,0.441,0.512,0.584,0.571,0.644,0.663,0.681,0.447,0.213,0.116,0.285,0.392,0.5
Joint 3: ,-0.1,-0.074,-0.114,-0.153,-0.12,0.075,0.27,0.16,0.271,0.409,0.312,0.257,0.326,0.395,0.464,0.621,0.573,0.525,0.63,0.528,0.758,0.722,0.686,0.831,0.975,0.68,0.776,0.737,0.959,0.791,0.623,0.84,0.781,0.9,0.713,0.527,0.329,0.429,0.529,0.413,0.199,0.336,0.472,0.547,0.592,0.466,0.443,0.57,0.698,0.825,0.888,0.719,0.55,0.527,0.507,0.37,0.233,0.43,0.627,0.593,0.399,0.35,0.3
Joint 4: ,0.3,0.165,0.281,0.396,0.455,0.53,0.605,0.576,0.295,0.322,0.441,0.515,0.514,0.513,0.511,0.518,0.51,0.502,0.482,0.478,0.291,0.493,0.696,0.467,0.238,0.135,-0.037,-0.239,-0.333,-0.237,-0.141,-0.312,-0.226,-0.338,-0.252,-0.167,-0.275,-0.184,-0.093,-0.192,-0.26,-0.207,-0.154,-0.233,-0.248,-0.281,-0.291,-0.364,-0.436,-0.508,-0.739,-0.477,-0.215,-0.491,-0.601,-0.447,-0.293,-0.274,-0.255,-0.321,-0.418,-0.309,-0.2
Joint 5: ,0.2,0.242,0.145,0.049,0.083,0.042,0.001,0.008,0.084,-0.043,-0.065,-0.115,-0.078,-0.041,-0.003,0.147,-0.011,-0.168,-0.249,-0.372,-0.24,-0.223,-0.206,-0.219,-0.233,-0.3,-0.231,-0.163,-0.121,-0.104,-0.087,-0.005,-0.025,0.014,0.124,0.235,0.137,0.215,0.293,0.295,0.334,0.294,0.254,0.099,0.329,0.23,0.27,0.23,0.191,0.152,0.051,0.221,0.391,0.301,0.33,0.402,0.473,0.543,0.612,0.667,0.549,0.374,0.2
Joint 6: ,0.1,0.043,0.129,0.216,0.185,-0.054,-0.292,-0.391,-0.354,-0.39,-0.464,-0.631,-0.595,-0.559,-0.522,-0.771,-0.539,-0.307,-0.115,-0.3,0.0,-0.011,-0.023,-0.086,-0.148,0.077,0.228,0.406,0.452,0.376,0.3,0.325,0.214,0.277,0.173,0.07,0.323,0.186,0.049,0.008,0.171,-0.006,-0.182,-0.337,-0.118,-0.233,0.005,-0.199,-0.402,-0.605,-0.652,-0.494,-0.335,-0.518,-0.692,-0.413,-0.133,-0.113,-0.094,-0.176,-0.34,-0.27,-0.2
Trial,2,2D Sim,False,Distance Weight,0.8,Random Seed,30,Min Iterations,1200,Lazy,False,Distance cost,0.7072036023125148,Manip Cost,10.126708602500942,Total cost,2.5911046023502,Node cost function,False,Percent Manip Threshold,0,Update Path,False,Increasing weight,False,Parent finding radius R,0.9,Step Size,0.3,Goal Area Sample Probability,0.05,Goal Area Delta,0.6
Manipulability,0.032,0.069,0.102,0.09,0.087,0.076,0.092,0.107,0.116,0.115,0.126,0.088,0.062,0.055,0.055,0.062,0.054,0.072,0.091,0.089,0.133,0.185,0.165,0.168,0.171,0.201,0.226,0.243,0.222,0.166,0.099
Distance to Last Node,0.0,0.339,0.339,0.354,0.354,0.401,0.354,0.354,0.3,0.3,0.331,0.428,0.428,0.291,0.291,0.291,0.244,0.415,0.415,0.364,0.446,0.446,0.437,0.299,0.299,0.357,0.357,0.3,0.3,0.438,0.438
Joint 0: ,-1.7,-1.462,-1.223,-1.23,-1.236,-1.089,-0.874,-0.658,-0.381,-0.176,-0.446,-0.149,0.148,0.385,0.622,0.86,1.074,1.368,1.663,1.759,1.819,1.879,1.817,1.824,1.83,1.855,1.879,1.994,1.997,1.844,1.691
Joint 1: ,-1.0,-0.967,-0.935,-0.853,-0.77,-0.835,-0.928,-1.02,-1.098,-0.976,-1.005,-0.852,-0.7,-0.743,-0.787,-0.831,-0.857,-0.982,-1.106,-1.011,-1.244,-1.478,-1.273,-1.269,-1.265,-1.315,-1.366,-1.452,-1.399,-1.202,-1.005
Joint 2: ,0.2,0.192,0.183,0.037,-0.11,-0.329,-0.479,-0.629,-0.568,-0.485,-0.634,-0.435,-0.237,-0.165,-0.093,-0.021,0.062,0.219,0.376,0.513,0.525,0.537,0.632,0.669,0.707,0.447,0.186,0.051,0.25,0.375,0.499
Joint 3: ,-0.1,0.029,0.158,-0.038,-0.234,-0.105,-0.096,-0.087,-0.11,-0.151,-0.207,-0.254,-0.301,-0.22,-0.14,-0.059,-0.056,-0.108,-0.161,0.012,0.312,0.611,0.477,0.584,0.691,0.767,0.844,0.974,0.789,0.54,0.292
Joint 4: ,0.3,0.23,0.16,-0.051,-0.262,-0.453,-0.657,-0.86,-0.837,-0.793,-0.822,-0.776,-0.731,-0.657,-0.582,-0.508,-0.445,-0.442,-0.439,-0.197,-0.232,-0.268,-0.07,-0.181,-0.291,-0.308,-0.324,-0.502,-0.545,-0.379,-0.212
Joint 5: ,0.2,0.289,0.377,0.486,0.594,0.418,0.438,0.458,0.491,0.544,0.591,0.456,0.321,0.321,0.322,0.322,0.28,0.366,0.452,0.376,0.253,0.13,0.251,0.161,0.071,0.207,0.342,0.394,0.322,0.256,0.19
Joint 6: ,0.1,-0.066,-0.231,-0.276,-0.32,-0.265,-0.338,-0.412,-0.449,-0.59,-0.502,-0.601,-0.7,-0.605,-0.51,-0.415,-0.43,-0.244,-0.057,-0.075,0.111,0.297,0.043,0.281,0.518,0.339,0.159,0.16,0.083,-0.06,-0.203
Trial,3,2D Sim,False,Distance Weight,0.8,Random Seed,45,Min Iterations,1200,Lazy,False,Distance cost,0.8747078888404205,Manip Cost,8.635270008843769,Total cost,2.4268203128410897,Node cost function,False,Percent Manip Threshold,0,Update Path,False,Increasing weight,False,Parent finding radius R,0.9,Step Size,0.3,Goal Area Sample Probability,0.05,Goal Area Delta,0.6
Manipulability,0.032,0.046,0.051,0.056,0.062,0.068,0.108,0.136,0.159,0.153,0.152,0.148,0.153,0.195,0.153,0.11,0.128,0.148,0.164,0.177,0.171,0.168,0.167,0.152,0.172,0.189,0.133,0.066,0.068,0.118,0.166,0.156,0.165,0.172,0.204,0.197,0.182,0.189,0.197,0.101
Distance to Last Node,0.0,0.3,0.584,0.271,0.271,0.43,0.43,0.291,0.291,0.418,0.309,0.309,0.3,0.3,0.376,0.376,0.293,0.293,0.348,0.348,0.372,0.438,0.438,0.3,0.23,0.23,0.297,0.283,0.29,0.29,0.29,0.384,0.293,0.293,0.417,0.329,0.329,0.371,0.342,0.485
Joint 0: ,-1.7,-1.556,-1.336,-1.154,-0.973,-0.759,-0.545,-0.387,-0.229,-0.395,-0.206,-0.016,0.191,0.255,0.452,0.648,0.495,0.342,0.566,0.789,0.764,0.783,0.802,0.9,0.878,0.856,0.937,0.895,0.965,1.035,1.105,1.298,1.383,1.467,1.533,1.54,1.546,1.659,1.608,1.7
Joint 1: ,-1.0,-0.826,-0.756,-0.731,-0.706,-0.667,-0.628,-0.645,-0.662,-0.476,-0.524,-0.571,-0.709,-0.82,-0.834,-0.847,-0.826,-0.806,-0.852,-0.897,-0.861,-0.81,-0.759,-0.56,-0.642,-0.725,-0.748,-0.819,-0.895,-0.971,-1.046,-1.139,-1.247,-1.354,-1.289,-1.341,-1.392,-1.258,-1.211,-1.0
Joint 2: ,0.2,0.334,0.047,0.153,0.258,0.109,-0.04,0.172,0.383,0.11,0.306,0.503,0.419,0.371,0.585,0.799,0.629,0.459,0.68,0.901,0.618,0.329,0.041,-0.094,-0.04,0.014,0.084,0.121,0.097,0.073,0.049,0.247,0.398,0.55,0.71,0.723,0.736,0.635,0.355,0.5
Joint 3: ,-0.1,-0.088,-0.307,-0.348,-0.389,-0.424,-0.459,-0.513,-0.566,-0.604,-0.546,-0.489,-0.446,-0.609,-0.476,-0.343,-0.295,-0.247,-0.363,-0.479,-0.487,-0.601,-0.714,-0.711,-0.782,-0.853,-0.617,-0.392,-0.183,0.026,0.234,0.265,0.325,0.384,0.474,0.381,0.288,0.41,0.564,0.3
Joint 4: ,0.3,0.411,0.123,-0.038,-0.2,0.063,0.327,0.424,0.522,0.536,0.512,0.487,0.376,0.501,0.332,0.162,0.178,0.193,0.209,0.226,0.007,-0.214,-0.435,-0.484,-0.491,-0.498,-0.362,-0.266,-0.17,-0.074,0.021,0.105,0.243,0.381,0.641,0.354,0.066,-0.219,-0.314,-0.2
Joint 5: ,0.2,0.286,0.371,0.404,0.438,0.23,0.022,-0.027,-0.076,-0.071,-0.134,-0.197,-0.187,-0.141,-0.109,-0.077,-0.218,-0.359,-0.295,-0.232,-0.164,-0.01,0.145,0.134,0.18,0.226,0.18,0.289,0.415,0.541,0.668,0.485,0.424,0.363,0.556,0.513,0.47,0.481,0.474,0.2
Joint 6: ,0.1,0.138,-0.121,-0.13,-0.138,-0.176,-0.213,-0.219,-0.224,-0.032,-0.138,-0.243,-0.327,-0.491,-0.396,-0.3,-0.199,-0.097,-0.147,-0.197,-0.259,-0.401,-0.543,-0.684,-0.496,-0.307,-0.321,-0.325,-0.392,-0.459,-0.526,-0.382,-0.248,-0.114,0.048,-0.062,-0.173,-0.153,-0.136,-0.2
Trial,4,2D Sim,False,Distance Weight,0.8,Random Seed,60,Min Iterations,1200,Lazy,False,Distance cost,0.7202262224006447,Manip Cost,8.244283174687181,Total cost,2.2250376128579514,Node cost function,False,Percent Manip Threshold,0,Update Path,False,Increasing weight,False,Parent finding radius R,0.9,Step Size,0.3,Goal Area Sample Probability,0.05,Goal Area Delta,0.6
Manipulability,0.032,0.077,0.168,0.139,0.108,0.094,0.094,0.09,0.095,0.1,0.105,0.082,0.065,0.055,0.087,0.13,0.137,0.141,0.12,0.141,0.159,0.155,0.151,0.159,0.17,0.179,0.187,0.186,0.182,0.177,0.189,0.197,0.2,0.187,0.147,0.101
Distance to Last Node,0.0,0.298,0.298,0.494,0.3,0.408,0.408,0.279,0.27,0.27,0.27,0.239,0.239,0.287,0.287,0.287,0.427,0.427,0.363,0.314,0.314,0.284,0.284,0.404,0.275,0.275,0.275,0.259,0.259,0.259,0.395,0.3,0.3,0.404,0.227,0.227
Joint 0: ,-1.7,-1.612,-1.524,-1.481,-1.269,-1.095,-0.921,-0.696,-0.453,-0.209,0.034,0.242,0.449,0.657,0.865,1.074,1.274,1.475,1.382,1.471,1.56,1.547,1.533,1.555,1.534,1.514,1.493,1.474,1.455,1.436,1.556,1.51,1.463,1.597,1.648,1.7
Joint 1: ,-1.0,-0.995,-0.991,-0.769,-0.709,-0.802,-0.896,-0.865,-0.849,-0.832,-0.816,-0.842,-0.868,-0.942,-1.017,-1.091,-1.184,-1.278,-1.175,-1.209,-1.242,-1.222,-1.202,-1.139,-1.159,-1.18,-1.2,-1.162,-1.125,-1.087,-1.02,-1.122,-1.225,-1.133,-1.067,-1.0
Joint 2: ,0.2,0.242,0.285,0.545,0.679,0.792,0.906,0.951,0.9,0.85,0.799,0.81,0.821,0.796,0.771,0.747,0.887,1.027,0.832,1.004,1.175,1.126,1.078,1.123,1.147,1.17,1.194,1.109,1.023,0.938,1.086,0.99,0.895,0.609,0.555,0.5
Joint 3: ,-0.1,-0.312,-0.524,-0.388,-0.275,-0.018,0.24,0.137,0.116,0.095,0.074,0.177,0.28,0.387,0.494,0.6,0.499,0.397,0.351,0.424,0.497,0.432,0.367,0.506,0.487,0.467,0.448,0.508,0.568,0.628,0.814,0.709,0.603,0.463,0.382,0.3
Joint 4: ,0.3,0.244,0.187,0.339,0.294,0.177,0.06,-0.016,-0.114,-0.212,-0.311,-0.27,-0.23,-0.229,-0.229,-0.229,-0.403,-0.577,-0.311,-0.534,-0.756,-0.542,-0.328,-0.622,-0.391,-0.159,0.073,-0.155,-0.383,-0.611,-0.812,-0.584,-0.356,-0.306,-0.253,-0.2
Joint 5: ,0.2,0.071,-0.059,-0.176,-0.199,-0.372,-0.545,-0.462,-0.472,-0.481,-0.491,-0.461,-0.431,-0.288,-0.146,-0.003,0.102,0.207,0.17,0.198,0.227,0.263,0.3,0.266,0.313,0.361,0.408,0.391,0.373,0.356,0.467,0.438,0.408,0.544,0.372,0.2
Joint 6: ,0.1,-0.019,-0.138,0.126,0.217,0.281,0.345,0.309,0.334,0.358,0.383,0.37,0.357,0.388,0.419,0.45,0.202,-0.047,-0.048,0.018,0.084,-0.078,-0.24,-0.017,-0.15,-0.283,-0.416,-0.369,-0.322,-0.275,-0.108,-0.044,0.02,-0.102,-0.151,-0.2
Trial,5,2D Sim,False,Distance Weight,0.8,Random Seed,75,Min Iterations,1200,Lazy,False,Distance cost,1.0377760868918644,Manip Cost,9.706176915932664,Total cost,2.771456252700024,Node cost function,False,Percent Manip Threshold,0,Update Path,False,Increasing weight,False,Parent finding radius R,0.9,Step Size,0.3,Goal Area Sample Probability,0.05,Goal Area Delta,0.6
Manipulability,0.032,0.07,0.071,0.066,0.063,0.059,0.06,0.071,0.083,0.082,0.08,0.047,0.053,0.086,0.092,0.1,0.078,0.076,0.087,0.135,0.091,0.079,0.091,0.14,0.142,0.15,0.154,0.158,0.161,0.108,0.08,0.098,0.122,0.127,0.133,0.141,0.145,0.15,0.182,0.222,0.164,0.165,0.169,0.187,0.203,0.17,0.187,0.198,0.204,0.206,0.156,0.101
Distance to Last Node,0.0,0.3,0.3,0.285,0.285,0.296,0.261,0.375,0.375,0.331,0.331,0.3,0.396,0.396,0.237,0.237,0.217,0.217,0.34,0.34,0.279,0.279,0.417,0.417,0.416,0.311,0.297,0.297,0.297,0.268,0.261,0.261,0.261,0.274,0.274,0.274,0.253,0.253,0.3,0.3,0.391,0.337,0.337,0.318,0.318,0.299,0.27,0.27,0.413,0.413,0.267,0.267
Joint 0: ,-1.7,-1.731,-1.803,-1.677,-1.551,-1.295,-1.072,-0.81,-0.548,-0.286,-0.025,0.098,0.353,0.608,0.736,0.863,0.783,0.703,0.785,0.867,0.855,0.843,0.907,0.971,0.92,0.984,0.988,0.992,0.996,0.983,0.985,0.986,0.988,1.19,1.392,1.594,1.644,1.694,1.653,1.805,1.789,1.653,1.517,1.716,1.916,1.93,1.97,2.009,1.948,1.886,1.793,1.7
Joint 1: ,-1.0,-0.885,-0.86,-0.879,-0.898,-0.864,-0.869,-0.886,-0.904,-0.947,-0.99,-0.85,-0.888,-0.926,-0.91,-0.894,-0.875,-0.856,-0.848,-0.841,-0.855,-0.87,-0.714,-0.559,-0.79,-0.604,-0.743,-0.882,-1.021,-1.033,-0.98,-0.928,-0.875,-0.928,-0.982,-1.035,-1.029,-1.022,-1.112,-1.242,-1.087,-1.084,-1.081,-1.091,-1.102,-1.046,-1.054,-1.063,-1.16,-1.256,-1.128,-1.0
Joint 2: ,0.2,0.261,0.358,0.154,-0.049,0.07,0.13,0.267,0.405,0.477,0.55,0.454,0.439,0.424,0.347,0.271,0.152,0.032,0.228,0.425,0.284,0.144,0.332,0.52,0.322,0.395,0.228,0.062,-0.104,0.014,0.072,0.13,0.187,0.217,0.247,0.277,0.467,0.657,0.858,0.846,0.684,0.776,0.869,0.873,0.878,0.791,0.865,0.938,0.747,0.555,0.527,0.5
Joint 3: ,-0.1,0.054,-0.088,-0.165,-0.243,-0.23,-0.16,-0.08,0.001,0.037,0.073,-0.013,-0.255,-0.498,-0.537,-0.575,-0.424,-0.273,-0.503,-0.732,-0.513,-0.293,-0.521,-0.749,-0.743,-0.777,-0.792,-0.806,-0.821,-0.598,-0.378,-0.158,0.062,0.194,0.327,0.459,0.461,0.463,0.601,0.687,0.399,0.6,0.801,0.734,0.667,0.444,0.636,0.828,0.623,0.418,0.359,0.3
Joint 4: ,0.3,0.382,0.237,0.147,0.057,0.002,-0.045,-0.146,-0.247,-0.242,-0.238,-0.344,-0.209,-0.073,0.105,0.283,0.23,0.177,0.3,0.424,0.373,0.322,0.549,0.775,0.496,0.703,0.503,0.302,0.102,0.182,0.102,0.022,-0.058,-0.065,-0.073,-0.081,-0.149,-0.218,-0.119,-0.164,-0.214,-0.259,-0.303,-0.341,-0.38,-0.284,-0.434,-0.584,-0.355,-0.127,-0.163,-0.2
Joint 5: ,0.2,0.309,0.41,0.412,0.414,0.398,0.378,0.385,0.392,0.343,0.294,0.223,0.336,0.449,0.472,0.495,0.505,0.516,0.507,0.498,0.514,0.53,0.49,0.449,0.426,0.389,0.399,0.409,0.419,0.448,0.508,0.567,0.627,0.516,0.405,0.295,0.326,0.358,0.368,0.529,0.452,0.276,0.1,0.335,0.57,0.492,0.491,0.49,0.547,0.603,0.402,0.2
Joint 6: ,0.1,0.273,0.427,0.526,0.624,0.568,0.483,0.292,0.102,-0.072,-0.245,-0.395,-0.411,-0.428,-0.425,-0.423,-0.442,-0.461,-0.511,-0.561,-0.478,-0.395,-0.468,-0.54,-0.539,-0.626,-0.606,-0.587,-0.568,-0.544,-0.482,-0.42,-0.359,-0.384,-0.409,-0.435,-0.295,-0.156,-0.263,-0.385,-0.282,-0.398,-0.514,-0.495,-0.476,-0.359,-0.441,-0.522,-0.37,-0.218,-0.209,-0.2
Trial,1,2D Sim,False,Distance Weight,0.7,Random Seed,15,Min Iterations,1200,Lazy,False,Distance cost,1.7959524789628205,Manip Cost,9.737151501591518,Total cost,4.17831218575143,Node cost function,False,Percent Manip Threshold,0,Update Path,False,Increasing weight,False,Parent finding radius R,0.9,Step Size,0.3,Goal Area Sample Probability,0.05,Goal Area Delta,0.6
Manipulability,0.032,0.045,0.021,0.033,0.02,0.023,0.062,0.037,0.077,0.086,0.06,0.045,0.064,0.085,0.109,0.141,0.125,0.104,0.108,0.082,0.115,0.121,0.126,0.134,0.136,0.105,0.123,0.123,0.131,0.126,0.114,0.146,0.106,0.114,0.122,0.085,0.116,0.142,0.101,0.13,0.15,0.147,0.113,0.129,0.145,0.147,0.193,0.158,0.114,0.139,0.168,0.187,0.196,0.169,0.177,0.188,0.165,0.142,0.137,0.131,0.146,0.145,0.159,0.169,0.156,0.153,0.15,0.148,0.159,0.167,0.168,0.171,0.211,0.227,0.236,0.201,0.192,0.194,0.191,0.152,0.101
Distance to Last Node,0.0,0.3,0.289,0.289,0.305,0.367,0.367,0.26,0.436,0.3,0.281,0.335,0.289,0.289,0.289,0.461,0.35,0.35,0.3,0.3,0.479,0.241,0.241,0.302,0.302,0.442,0.3,0.3,0.3,0.359,0.359,0.404,0.385,0.321,0.321,0.392,0.273,0.273,0.431,0.305,0.305,0.3,0.414,0.338,0.338,0.3,0.392,0.276,0.276,0.43,0.427,0.427,0.3,0.29,0.371,0.371,0.413,0.413,0.31,0.31,0.36,0.281,0.348,0.348,0.405,0.279,0.279,0.279,0.412,0.412,0.421,0.421,0.368,0.368,0.3,0.443,0.3,0.297,0.297,0.34,0.34
Joint 0: ,-1.7,-1.503,-1.291,-1.08,-0.788,-0.629,-0.469,-0.302,-0.125,0.03,0.014,0.072,0.09,0.109,0.128,-0.14,0.007,0.154,0.283,0.376,0.201,0.276,0.351,0.34,0.33,0.338,0.49,0.486,0.393,0.671,0.948,0.671,0.908,1.098,1.287,1.247,1.222,1.198,1.258,1.337,1.417,1.643,1.459,1.562,1.665,1.756,1.735,1.824,1.914,1.624,1.794,1.964,1.894,1.877,1.727,1.578,1.831,2.084,2.052,2.02,2.089,1.995,2.109,2.224,2.157,2.02,1.882,1.745,1.937,2.129,1.9,1.672,1.738,1.804,1.554,1.784,1.989,1.947,1.906,1.803,1.7
Joint 1: ,-1.0,-0.987,-0.928,-0.87,-0.865,-0.95,-1.035,-0.936,-1.045,-1.068,-0.997,-0.96,-1.028,-1.096,-1.165,-1.038,-1.124,-1.209,-1.082,-0.963,-0.954,-1.027,-1.099,-1.01,-0.922,-0.992,-0.966,-0.926,-0.796,-0.878,-0.96,-0.924,-0.974,-0.958,-0.942,-1.015,-1.007,-1.0,-1.036,-1.029,-1.023,-1.124,-1.037,-1.067,-1.097,-1.217,-1.288,-1.261,-1.233,-1.233,-1.226,-1.218,-1.337,-1.263,-1.255,-1.246,-1.24,-1.234,-1.283,-1.333,-1.306,-1.264,-1.229,-1.194,-1.305,-1.268,-1.231,-1.194,-1.338,-1.481,-1.471,-1.462,-1.385,-1.308,-1.359,-1.379,-1.274,-1.192,-1.109,-1.055,-1.0
Joint 2: ,0.2,0.036,0.097,0.159,0.13,0.13,0.13,0.045,0.266,0.434,0.225,-0.037,0.23,0.497,0.764,0.639,0.751,0.864,0.912,0.999,0.94,1.006,1.072,0.996,0.921,1.112,1.099,1.198,1.144,1.1,1.056,1.09,1.101,1.117,1.133,1.207,1.027,0.848,1.085,0.877,0.669,0.607,0.833,0.612,0.392,0.478,0.267,0.432,0.598,0.662,0.532,0.402,0.441,0.456,0.484,0.513,0.511,0.509,0.567,0.624,0.591,0.647,0.682,0.717,0.764,0.716,0.668,0.62,0.699,0.778,0.756,0.734,0.474,0.213,0.116,0.26,0.168,0.148,0.128,0.314,0.5
Joint 3: ,-0.1,-0.074,-0.114,-0.153,-0.12,0.075,0.27,0.16,0.271,0.409,0.312,0.257,0.326,0.395,0.464,0.621,0.573,0.525,0.63,0.528,0.758,0.722,0.686,0.831,0.975,0.68,0.776,0.737,0.959,0.791,0.623,0.84,0.606,0.635,0.664,0.444,0.485,0.527,0.329,0.429,0.529,0.413,0.199,0.336,0.472,0.547,0.592,0.466,0.34,0.38,0.602,0.825,0.888,0.759,0.628,0.497,0.533,0.569,0.398,0.227,0.365,0.377,0.432,0.488,0.442,0.403,0.365,0.327,0.404,0.481,0.327,0.173,0.4,0.627,0.593,0.395,0.367,0.427,0.487,0.394,0.3
Joint 4: ,0.3,0.165,0.281,0.396,0.455,0.53,0.605,0.576,0.295,0.322,0.441,0.515,0.514,0.513,0.511,0.518,0.51,0.502,0.482,0.478,0.291,0.493,0.696,0.467,0.238,0.135,-0.037,-0.239,-0.333,-0.237,-0.141,-0.312,-0.287,-0.171,-0.055,-0.124,-0.145,-0.167,-0.275,-0.184,-0.093,-0.192,-0.26,-0.207,-0.154,-0.233,-0.248,-0.281,-0.314,-0.308,-0.408,-0.508,-0.739,-0.518,-0.31,-0.102,-0.34,-0.577,-0.38,-0.182,-0.475,-0.322,-0.516,-0.711,-0.472,-0.479,-0.486,-0.494,-0.591,-0.688,-0.519,-0.35,-0.303,-0.255,-0.321,-0.427,-0.325,-0.269,-0.212,-0.206,-0.2
Joint 5: ,0.2,0.242,0.145,0.049,0.083,0.042,0.001,0.008,0.084,-0.043,-0.065,-0.115,-0.078,-0.041,-0.003,0.147,-0.011,-0.168,-0.249,-0.372,-0.24,-0.223,-0.206,-0.219,-0.233,-0.3,-0.231,-0.163,-0.121,-0.104,-0.087,-0.005,-0.151,-0.107,-0.064,-0.1,0.068,0.235,0.137,0.215,0.293,0.295,0.334,0.294,0.254,0.099,0.329,0.23,0.131,0.22,0.186,0.152,0.051,-0.004,0.199,0.403,0.224,0.045,0.172,0.299,0.255,0.244,0.302,0.36,0.227,0.269,0.31,0.351,0.279,0.207,0.355,0.504,0.558,0.612,0.667,0.505,0.541,0.588,0.635,0.418,0.2
Joint 6: ,0.1,0.043,0.129,0.216,0.185,-0.054,-0.292,-0.391,-0.354,-0.39,-0.464,-0.631,-0.595,-0.559,-0.522,-0.771,-0.539,-0.307,-0.115,-0.3,0.0,-0.011,-0.023,-0.086,-0.148,0.077,0.228,0.406,0.452,0.376,0.3,0.325,0.439,0.215,-0.009,0.286,0.178,0.07,0.323,0.186,0.049,0.008,0.171,-0.006,-0.182,-0.337,-0.118,-0.233,-0.348,-0.053,-0.329,-0.605,-0.652,-0.554,-0.44,-0.325,-0.457,-0.589,-0.516,-0.444,-0.573,-0.368,-0.617,-0.865,-0.604,-0.376,-0.148,0.08,-0.213,-0.506,-0.281,-0.056,-0.075,-0.094,-0.176,-0.39,-0.518,-0.253,0.012,-0.094,-0.2
Trial,2,2D Sim,False,Distance Weight,0.7,Random Seed,30,Min Iterations,1200,Lazy,False,Distance cost,0.9223239789332957,Manip Cost,9.934024803853854,Total cost,3.6258342264094634,Node cost function,False,Percent Manip Threshold,0,Update Path,False,Increasing weight,False,Parent finding radius R,0.9,Step Size,0.3,Goal Area Sample Probability,0.05,Goal Area Delta,0.6
Manipulability,0.032,0.069,0.102,0.09,0.087,0.076,0.092,0.107,0.116,0.115,0.126,0.088,0.062,0.055,0.055,0.062,0.054,0.052,0.046,0.058,0.09,0.123,0.131,0.138,0.146,0.143,0.138,0.143,0.142,0.151,0.162,0.133,0.157,0.185,0.165,0.168,0.171,0.201,0.226,0.243,0.222,0.187,0.144,0.099
Distance to Last Node,0.0,0.339,0.339,0.354,0.354,0.401,0.354,0.354,0.3,0.3,0.331,0.428,0.428,0.291,0.291,0.291,0.244,0.403,0.403,0.262,0.262,0.262,0.259,0.259,0.259,0.242,0.242,0.373,0.373,0.246,0.246,0.312,0.404,0.404,0.437,0.299,0.299,0.357,0.357,0.3,0.3,0.3,0.354,0.354
Joint 0: ,-1.7,-1.462,-1.223,-1.23,-1.236,-1.089,-0.874,-0.658,-0.381,-0.176,-0.446,-0.149,0.148,0.385,0.622,0.86,1.074,1.345,1.616,1.666,1.716,1.766,1.748,1.729,1.711,1.733,1.756,1.749,1.742,1.734,1.727,1.689,1.784,1.879,1.817,1.824,1.83,1.855,1.879,1.994,1.997,2.001,1.846,1.691
Joint 1: ,-1.0,-0.967,-0.935,-0.853,-0.77,-0.835,-0.928,-1.02,-1.098,-0.976,-1.005,-0.852,-0.7,-0.743,-0.787,-0.831,-0.857,-1.032,-1.206,-1.227,-1.247,-1.267,-1.25,-1.233,-1.216,-1.325,-1.433,-1.222,-1.011,-1.084,-1.157,-1.054,-1.266,-1.478,-1.273,-1.269,-1.265,-1.315,-1.366,-1.452,-1.399,-1.347,-1.176,-1.005
Joint 2: ,0.2,0.192,0.183,0.037,-0.11,-0.329,-0.479,-0.629,-0.568,-0.485,-0.634,-0.435,-0.237,-0.165,-0.093,-0.021,0.062,0.25,0.437,0.485,0.533,0.58,0.725,0.869,1.014,0.836,0.658,0.902,1.145,0.96,0.774,0.98,0.758,0.537,0.632,0.669,0.707,0.447,0.186,0.051,0.25,0.45,0.474,0.499
Joint 3: ,-0.1,0.029,0.158,-0.038,-0.234,-0.105,-0.096,-0.087,-0.11,-0.151,-0.207,-0.254,-0.301,-0.22,-0.14,-0.059,-0.056,-0.07,-0.084,0.135,0.354,0.573,0.608,0.643,0.678,0.604,0.531,0.667,0.803,0.763,0.723,0.692,0.651,0.611,0.477,0.584,0.691,0.767,0.844,0.974,0.789,0.603,0.447,0.292
Joint 4: ,0.3,0.23,0.16,-0.051,-0.262,-0.453,-0.657,-0.86,-0.837,-0.793,-0.822,-0.776,-0.731,-0.657,-0.582,-0.508,-0.445,-0.459,-0.473,-0.478,-0.483,-0.488,-0.526,-0.563,-0.6,-0.513,-0.425,-0.513,-0.602,-0.541,-0.48,-0.614,-0.441,-0.268,-0.07,-0.181,-0.291,-0.308,-0.324,-0.502,-0.545,-0.589,-0.401,-0.212
Joint 5: ,0.2,0.289,0.377,0.486,0.594,0.418,0.438,0.458,0.491,0.544,0.591,0.456,0.321,0.321,0.322,0.322,0.28,0.243,0.206,0.097,-0.012,-0.121,-0.11,-0.1,-0.09,-0.059,-0.028,-0.088,-0.149,-0.045,0.059,-0.095,0.018,0.13,0.251,0.161,0.071,0.207,0.342,0.394,0.322,0.249,0.22,0.19
Joint 6: ,0.1,-0.066,-0.231,-0.276,-0.32,-0.265,-0.338,-0.412,-0.449,-0.59,-0.502,-0.601,-0.7,-0.605,-0.51,-0.415,-0.43,-0.284,-0.138,-0.199,-0.26,-0.321,-0.114,0.093,0.299,0.277,0.255,0.329,0.402,0.468,0.535,0.547,0.422,0.297,0.043,0.281,0.518,0.339,0.159,0.16,0.083,0.007,-0.098,-0.203
Trial,3,2D Sim,False,Distance Weight,0.7,Random Seed,45,Min Iterations,1200,Lazy,False,Distance cost,1.0174382708934813,Manip Cost,8.33140833456927,Total cost,3.211629289996218,Node cost function,False,Percent Manip Threshold,0,Update Path,False,Increasing weight,False,Parent finding radius R,0.9,Step Size,0.3,Goal Area Sample Probability,0.05,Goal Area Delta,0.6
Manipulability,0.032,0.046,0.051,0.056,0.062,0.068,0.108,0.136,0.159,0.153,0.152,0.148,0.153,0.195,0.153,0.11,0.128,0.148,0.123,0.153,0.177,0.171,0.168,0.167,0.152,0.172,0.189,0.201,0.154,0.105,0.061,0.092,0.166,0.156,0.138,0.157,0.172,0.204,0.219,0.217,0.203,0.186,0.164,0.166,0.108
Distance to Last Node,0.0,0.3,0.584,0.271,0.271,0.43,0.43,0.291,0.291,0.418,0.309,0.309,0.3,0.3,0.376,0.376,0.293,0.293,0.275,0.307,0.307,0.372,0.438,0.438,0.3,0.23,0.23,0.3,0.282,0.282,0.282,0.443,0.443,0.384,0.394,0.395,0.395,0.417,0.417,0.299,0.299,0.435,0.435,0.296,0.465
Joint 0: ,-1.7,-1.556,-1.336,-1.154,-0.973,-0.759,-0.545,-0.387,-0.229,-0.395,-0.206,-0.016,0.191,0.255,0.452,0.648,0.495,0.342,0.466,0.627,0.789,0.764,0.783,0.802,0.9,0.878,0.856,0.811,0.948,1.086,1.223,1.164,1.105,1.298,1.144,1.306,1.467,1.533,1.599,1.573,1.546,1.62,1.694,1.684,1.697
Joint 1: ,-1.0,-0.826,-0.756,-0.731,-0.706,-0.667,-0.628,-0.645,-0.662,-0.476,-0.524,-0.571,-0.709,-0.82,-0.834,-0.847,-0.826,-0.806,-0.849,-0.873,-0.897,-0.861,-0.81,-0.759,-0.56,-0.642,-0.725,-0.737,-0.772,-0.806,-0.841,-0.944,-1.046,-1.139,-1.113,-1.233,-1.354,-1.289,-1.224,-1.308,-1.392,-1.288,-1.184,-1.311,-1.03
Joint 2: ,0.2,0.334,0.047,0.153,0.258,0.109,-0.04,0.172,0.383,0.11,0.306,0.503,0.419,0.371,0.585,0.799,0.629,0.459,0.454,0.678,0.901,0.618,0.329,0.041,-0.094,-0.04,0.014,-0.126,-0.048,0.031,0.109,0.079,0.049,0.247,0.31,0.43,0.55,0.71,0.87,0.83,0.789,0.562,0.336,0.524,0.458
Joint 3: ,-0.1,-0.088,-0.307,-0.348,-0.389,-0.424,-0.459,-0.513,-0.566,-0.604,-0.546,-0.489,-0.446,-0.609,-0.476,-0.343,-0.295,-0.247,-0.291,-0.385,-0.479,-0.487,-0.601,-0.714,-0.711,-0.782,-0.853,-0.953,-0.752,-0.551,-0.35,-0.058,0.234,0.265,0.38,0.382,0.384,0.474,0.565,0.468,0.372,0.443,0.515,0.48,0.33
Joint 4: ,0.3,0.411,0.123,-0.038,-0.2,0.063,0.327,0.424,0.522,0.536,0.512,0.487,0.376,0.501,0.332,0.162,0.178,0.193,0.048,0.137,0.226,0.007,-0.214,-0.435,-0.484,-0.491,-0.498,-0.668,-0.561,-0.453,-0.345,-0.162,0.021,0.105,0.048,0.214,0.381,0.641,0.901,0.697,0.492,0.2,-0.092,0.039,-0.211
Joint 5: ,0.2,0.286,0.371,0.404,0.438,0.23,0.022,-0.027,-0.076,-0.071,-0.134,-0.197,-0.187,-0.141,-0.109,-0.077,-0.218,-0.359,-0.188,-0.21,-0.232,-0.164,-0.01,0.145,0.134,0.18,0.226,0.355,0.324,0.292,0.26,0.464,0.668,0.485,0.29,0.327,0.363,0.556,0.749,0.647,0.544,0.41,0.276,0.236,0.198
Joint 6: ,0.1,0.138,-0.121,-0.13,-0.138,-0.176,-0.213,-0.219,-0.224,-0.032,-0.138,-0.243,-0.327,-0.491,-0.396,-0.3,-0.199,-0.097,-0.176,-0.187,-0.197,-0.259,-0.401,-0.543,-0.684,-0.496,-0.307,-0.195,-0.209,-0.223,-0.236,-0.381,-0.526,-0.382,-0.651,-0.382,-0.114,0.048,0.211,0.075,-0.06,0.056,0.172,0.045,-0.171
Trial,4,2D Sim,False,Distance Weight,0.7,Random Seed,60,Min Iterations,1200,Lazy,False,Distance cost,0.9112923503220225,Manip Cost,7.894088790188203,Total cost,3.006131282281877,Node cost function,False,Percent Manip Threshold,0,Update Path,False,Increasing weight,False,Parent finding radius R,0.9,Step Size,0.3,Goal Area Sample Probability,0.05,Goal Area Delta,0.6
Manipulability,0.032,0.077,0.168,0.139,0.108,0.094,0.094,0.09,0.095,0.1,0.105,0.082,0.065,0.055,0.087,0.13,0.137,0.141,0.127,0.112,0.135,0.159,0.163,0.167,0.168,0.166,0.152,0.173,0.131,0.157,0.182,0.204,0.159,0.179,0.188,0.176,0.166,0.167,0.167,0.175,0.183,0.179,0.101
Distance to Last Node,0.0,0.298,0.298,0.494,0.3,0.408,0.408,0.279,0.27,0.27,0.27,0.239,0.239,0.287,0.287,0.287,0.427,0.427,0.298,0.298,0.379,0.379,0.295,0.295,0.28,0.28,0.337,0.387,0.435,0.268,0.268,0.268,0.372,0.271,0.271,0.417,0.417,0.254,0.254,0.359,0.359,0.432,0.439
Joint 0: ,-1.7,-1.612,-1.524,-1.481,-1.269,-1.095,-0.921,-0.696,-0.453,-0.209,0.034,0.242,0.449,0.657,0.865,1.074,1.274,1.475,1.521,1.567,1.564,1.56,1.506,1.452,1.494,1.535,1.443,1.547,1.623,1.548,1.473,1.398,1.428,1.42,1.413,1.582,1.751,1.59,1.43,1.394,1.358,1.506,1.7
Joint 1: ,-1.0,-0.995,-0.991,-0.769,-0.709,-0.802,-0.896,-0.865,-0.849,-0.832,-0.816,-0.842,-0.868,-0.942,-1.017,-1.091,-1.184,-1.278,-1.137,-0.995,-1.119,-1.242,-1.269,-1.296,-1.223,-1.15,-1.278,-1.1,-1.013,-1.112,-1.211,-1.309,-1.388,-1.291,-1.194,-1.207,-1.219,-1.183,-1.147,-1.199,-1.251,-1.137,-1.0
Joint 2: ,0.2,0.242,0.285,0.545,0.679,0.792,0.906,0.951,0.9,0.85,0.799,0.81,0.821,0.796,0.771,0.747,0.887,1.027,1.078,1.128,1.152,1.175,1.103,1.03,1.076,1.122,1.068,1.109,0.967,1.025,1.083,1.141,0.994,0.975,0.955,0.71,0.465,0.48,0.494,0.643,0.792,0.56,0.5
Joint 3: ,-0.1,-0.312,-0.524,-0.388,-0.275,-0.018,0.24,0.137,0.116,0.095,0.074,0.177,0.28,0.387,0.494,0.6,0.499,0.397,0.316,0.234,0.366,0.497,0.442,0.388,0.473,0.559,0.475,0.633,0.344,0.387,0.431,0.474,0.428,0.529,0.63,0.395,0.161,0.296,0.431,0.511,0.591,0.491,0.3
Joint 4: ,0.3,0.244,0.187,0.339,0.294,0.177,0.06,-0.016,-0.114,-0.212,-0.311,-0.27,-0.23,-0.229,-0.229,-0.229,-0.403,-0.577,-0.508,-0.439,-0.598,-0.756,-0.524,-0.292,-0.5,-0.708,-0.515,-0.74,-0.501,-0.295,-0.089,0.117,-0.11,-0.313,-0.517,-0.401,-0.285,-0.396,-0.507,-0.332,-0.156,-0.233,-0.2
Joint 5: ,0.2,0.071,-0.059,-0.176,-0.199,-0.372,-0.545,-0.462,-0.472,-0.481,-0.491,-0.461,-0.431,-0.288,-0.146,-0.003,0.102,0.207,0.257,0.308,0.267,0.227,0.276,0.326,0.295,0.264,0.176,0.293,0.325,0.363,0.401,0.439,0.21,0.264,0.319,0.449,0.579,0.502,0.425,0.341,0.258,0.452,0.2
Joint 6: ,0.1,-0.019,-0.138,0.126,0.217,0.281,0.345,0.309,0.334,0.358,0.383,0.37,0.357,0.388,0.419,0.45,0.202,-0.047,-0.27,-0.494,-0.205,0.084,-0.054,-0.191,-0.059,0.074,-0.108,0.017,-0.102,-0.188,-0.274,-0.36,-0.418,-0.325,-0.231,-0.236,-0.241,-0.268,-0.295,-0.053,0.19,-0.023,-0.2
Trial,5,2D Sim,False,Distance Weight,0.7,Random Seed,75,Min Iterations,1200,Lazy,False,Distance cost,1.2861726015128174,Manip Cost,9.09530092774993,Total cost,3.6289110993839517,Node cost function,False,Percent Manip Threshold,0,Update Path,False,Increasing weight,False,Parent finding radius R,0.9,Step Size,0.3,Goal Area Sample Probability,0.05,Goal Area Delta,0.6
Manipulability,0.032,0.07,0.071,0.066,0.063,0.059,0.06,0.071,0.083,0.082,0.08,0.047,0.053,0.086,0.092,0.1,0.078,0.076,0.087,0.135,0.091,0.079,0.091,0.14,0.142,0.15,0.154,0.158,0.161,0.108,0.08,0.098,0.122,0.112,0.11,0.11,0.112,0.141,0.145,0.15,0.182,0.222,0.187,0.143,0.156,0.169,0.187,0.203,0.17,0.125,0.157,0.181,0.198,0.201,0.209,0.211,0.214,0.21,0.205,0.198,0.186,0.179,0.143,0.101
Distance to Last Node,0.0,0.3,0.3,0.285,0.285,0.296,0.261,0.375,0.375,0.331,0.331,0.3,0.396,0.396,0.237,0.237,0.217,0.217,0.34,0.34,0.279,0.279,0.417,0.417,0.416,0.311,0.297,0.297,0.297,0.268,0.261,0.261,0.261,0.292,0.294,0.294,0.294,0.429,0.253,0.253,0.3,0.3,0.242,0.368,0.308,0.308,0.318,0.318,0.299,0.299,0.274,0.274,0.274,0.417,0.328,0.328,0.3,0.333,0.333,0.264,0.264,0.402,0.315,0.315
Joint 0: ,-1.7,-1.731,-1.803,-1.677,-1.551,-1.295,-1.072,-0.81,-0.548,-0.286,-0.025,0.098,0.353,0.608,0.736,0.863,0.783,0.703,0.785,0.867,0.855,0.843,0.907,0.971,0.92,0.984,0.988,0.992,0.996,0.983,0.985,0.986,0.988,1.118,1.345,1.573,1.801,1.594,1.644,1.694,1.653,1.805,1.724,1.749,1.633,1.517,1.716,1.916,1.93,1.944,1.966,1.988,2.009,1.994,2.022,2.05,2.1,2.094,2.088,2.001,1.913,1.68,1.69,1.7
Joint 1: ,-1.0,-0.885,-0.86,-0.879,-0.898,-0.864,-0.869,-0.886,-0.904,-0.947,-0.99,-0.85,-0.888,-0.926,-0.91,-0.894,-0.875,-0.856,-0.848,-0.841,-0.855,-0.87,-0.714,-0.559,-0.79,-0.604,-0.743,-0.882,-1.021,-1.033,-0.98,-0.928,-0.875,-0.997,-1.032,-1.066,-1.101,-1.035,-1.029,-1.022,-1.112,-1.242,-1.094,-1.012,-1.046,-1.081,-1.091,-1.102,-1.046,-0.989,-1.014,-1.038,-1.063,-1.17,-1.136,-1.101,-1.116,-1.084,-1.053,-1.023,-0.993,-1.102,-1.051,-1.0
Joint 2: ,0.2,0.261,0.358,0.154,-0.049,0.07,0.13,0.267,0.405,0.477,0.55,0.454,0.439,0.424,0.347,0.271,0.152,0.032,0.228,0.425,0.284,0.144,0.332,0.52,0.322,0.395,0.228,0.062,-0.104,0.014,0.072,0.13,0.187,0.301,0.327,0.353,0.38,0.277,0.467,0.657,0.858,0.846,0.882,0.701,0.785,0.869,0.873,0.878,0.791,0.704,0.782,0.86,0.938,0.724,0.879,1.034,1.208,1.078,0.948,0.924,0.901,0.856,0.678,0.5
Joint 3: ,-0.1,0.054,-0.088,-0.165,-0.243,-0.23,-0.16,-0.08,0.001,0.037,0.073,-0.013,-0.255,-0.498,-0.537,-0.575,-0.424,-0.273,-0.503,-0.732,-0.513,-0.293,-0.521,-0.749,-0.743,-0.777,-0.792,-0.806,-0.821,-0.598,-0.378,-0.158,0.062,0.079,0.196,0.313,0.429,0.459,0.461,0.463,0.601,0.687,0.686,0.399,0.6,0.801,0.734,0.667,0.444,0.221,0.423,0.626,0.828,0.609,0.75,0.892,1.03,1.002,0.973,0.878,0.782,0.766,0.533,0.3
Joint 4: ,0.3,0.382,0.237,0.147,0.057,0.002,-0.045,-0.146,-0.247,-0.242,-0.238,-0.344,-0.209,-0.073,0.105,0.283,0.23,0.177,0.3,0.424,0.373,0.322,0.549,0.775,0.496,0.703,0.503,0.302,0.102,0.182,0.102,0.022,-0.058,-0.155,-0.211,-0.268,-0.324,-0.081,-0.149,-0.218,-0.119,-0.164,-0.17,-0.217,-0.26,-0.303,-0.341,-0.38,-0.284,-0.188,-0.32,-0.452,-0.584,-0.375,-0.541,-0.707,-0.785,-0.685,-0.585,-0.383,-0.181,-0.144,-0.172,-0.2
Joint 5: ,0.2,0.309,0.41,0.412,0.414,0.398,0.378,0.385,0.392,0.343,0.294,0.223,0.336,0.449,0.472,0.495,0.505,0.516,0.507,0.498,0.514,0.53,0.49,0.449,0.426,0.389,0.399,0.409,0.419,0.448,0.508,0.567,0.627,0.456,0.331,0.205,0.08,0.295,0.326,0.358,0.368,0.529,0.359,0.367,0.234,0.1,0.335,0.57,0.492,0.415,0.44,0.465,0.49,0.505,0.578,0.65,0.64,0.631,0.621,0.531,0.44,0.202,0.201,0.2
Joint 6: ,0.1,0.273,0.427,0.526,0.624,0.568,0.483,0.292,0.102,-0.072,-0.245,-0.395,-0.411,-0.428,-0.425,-0.423,-0.442,-0.461,-0.511,-0.561,-0.478,-0.395,-0.468,-0.54,-0.539,-0.626,-0.606,-0.587,-0.568,-0.544,-0.482,-0.42,-0.359,-0.313,-0.306,-0.298,-0.291,-0.435,-0.295,-0.156,-0.263,-0.385,-0.388,-0.284,-0.399,-0.514,-0.495,-0.476,-0.359,-0.243,-0.336,-0.429,-0.522,-0.366,-0.535,-0.703,-0.882,-0.596,-0.31,-0.26,-0.211,-0.398,-0.299,-0.2
