Trial,1,2D Sim,False,Distance Weight,0.9,Random Seed,15,Min Iterations,1200,Lazy,False,Distance cost,0.32704707452051407,Manip Cost,14.606564390308757,Total cost,1.754998806099338,Node cost function,True,Percent Manip Threshold,20,Update Path,False,Increasing weight,False,Parent finding radius R,0.9,Step Size,0.3,Goal Area Sample Probability,0.05,Goal Area Delta,0.6
Manipulability,0.032,0.045,0.028,0.023,0.036,0.062,0.092,0.097,0.108,0.115,0.114,0.122,0.131,0.136,0.118,0.101
Distance to Last Node,0.0,0.3,0.265,0.28,0.411,0.411,0.38,0.36,0.356,0.412,0.27,0.285,0.27,0.267,0.342,0.342
Joint 0: ,-1.7,-1.503,-1.295,-1.029,-0.749,-0.469,-0.239,-0.042,0.079,0.285,0.506,0.736,0.963,1.19,1.445,1.7
Joint 1: ,-1.0,-0.987,-0.945,-0.917,-0.976,-1.035,-1.062,-1.136,-1.045,-1.005,-0.99,-0.994,-1.003,-1.043,-1.022,-1.0
Joint 2: ,0.2,0.036,0.1,0.1,0.115,0.13,0.336,0.6,0.77,0.935,0.975,0.933,0.845,0.765,0.633,0.5
Joint 3: ,-0.1,-0.074,-0.068,-0.074,0.098,0.27,0.408,0.467,0.612,0.694,0.67,0.622,0.591,0.532,0.416,0.3
Joint 4: ,0.3,0.165,0.292,0.366,0.485,0.605,0.522,0.512,0.401,0.182,0.074,-0.006,-0.035,-0.088,-0.144,-0.2
Joint 5: ,0.2,0.242,0.173,0.154,0.078,0.001,0.012,-0.078,-0.159,-0.195,-0.159,-0.028,0.079,0.151,0.176,0.2
Joint 6: ,0.1,0.043,0.062,0.093,-0.1,-0.292,-0.441,-0.374,-0.187,0.021,0.114,0.099,0.082,0.057,-0.071,-0.2
Trial,2,2D Sim,False,Distance Weight,0.9,Random Seed,30,Min Iterations,1200,Lazy,False,Distance cost,0.3289986332737601,Manip Cost,12.615395140516547,Total cost,1.5576382839980387,Node cost function,True,Percent Manip Threshold,20,Update Path,False,Increasing weight,False,Parent finding radius R,0.9,Step Size,0.3,Goal Area Sample Probability,0.05,Goal Area Delta,0.6
Manipulability,0.032,0.052,0.062,0.062,0.084,0.094,0.088,0.083,0.062,0.055,0.057,0.062,0.099,0.14,0.118,0.097
Distance to Last Node,0.0,0.371,0.402,0.404,0.394,0.268,0.24,0.24,0.297,0.261,0.351,0.351,0.39,0.39,0.311,0.311
Joint 0: ,-1.7,-1.493,-1.277,-1.11,-0.884,-0.648,-0.439,-0.23,0.03,0.275,0.567,0.86,1.115,1.371,1.535,1.699
Joint 1: ,-1.0,-0.902,-0.823,-0.861,-0.941,-0.953,-0.897,-0.841,-0.799,-0.802,-0.816,-0.831,-0.965,-1.099,-1.049,-0.999
Joint 2: ,0.2,0.088,-0.092,-0.319,-0.474,-0.478,-0.453,-0.428,-0.354,-0.276,-0.148,-0.021,0.201,0.423,0.458,0.494
Joint 3: ,-0.1,-0.141,-0.179,-0.077,-0.082,-0.105,-0.132,-0.158,-0.172,-0.161,-0.11,-0.059,0.025,0.11,0.197,0.284
Joint 4: ,0.3,0.099,-0.139,-0.391,-0.626,-0.681,-0.705,-0.728,-0.698,-0.677,-0.592,-0.508,-0.481,-0.453,-0.325,-0.197
Joint 5: ,0.2,0.321,0.402,0.322,0.39,0.441,0.437,0.433,0.339,0.303,0.313,0.322,0.43,0.538,0.366,0.194
Joint 6: ,0.1,-0.027,-0.133,-0.171,-0.292,-0.391,-0.485,-0.579,-0.635,-0.629,-0.522,-0.415,-0.421,-0.426,-0.314,-0.202
Trial,3,2D Sim,False,Distance Weight,0.9,Random Seed,45,Min Iterations,1200,Lazy,False,Distance cost,0.4832683945196189,Manip Cost,9.895154904118513,Total cost,1.424457045479508,Node cost function,True,Percent Manip Threshold,20,Update Path,False,Increasing weight,False,Parent finding radius R,0.9,Step Size,0.3,Goal Area Sample Probability,0.05,Goal Area Delta,0.6
Manipulability,0.032,0.04,0.05,0.056,0.079,0.108,0.132,0.118,0.099,0.045,0.046,0.104,0.156,0.143,0.129,0.17,0.2,0.228,0.249,0.225,0.192,0.154,0.135,0.113
Distance to Last Node,0.0,0.402,0.402,0.288,0.288,0.288,0.404,0.368,0.316,0.292,0.372,0.296,0.296,0.309,0.309,0.403,0.284,0.284,0.284,0.283,0.283,0.283,0.29,0.29
Joint 0: ,-1.7,-1.444,-1.188,-0.974,-0.759,-0.545,-0.281,0.009,0.245,0.447,0.629,0.697,0.766,0.988,1.209,1.325,1.373,1.422,1.47,1.519,1.567,1.615,1.637,1.66
Joint 1: ,-1.0,-0.853,-0.707,-0.681,-0.655,-0.628,-0.6,-0.657,-0.74,-0.797,-0.88,-0.964,-1.048,-1.075,-1.103,-1.21,-1.291,-1.372,-1.454,-1.426,-1.397,-1.369,-1.206,-1.042
Joint 2: ,0.2,0.204,0.208,0.125,0.043,-0.04,0.231,0.401,0.509,0.43,0.313,0.224,0.135,0.179,0.223,0.405,0.615,0.825,1.034,0.899,0.764,0.629,0.556,0.483
Joint 3: ,-0.1,-0.214,-0.328,-0.372,-0.416,-0.459,-0.474,-0.38,-0.3,-0.174,-0.058,0.068,0.193,0.243,0.292,0.376,0.389,0.401,0.414,0.424,0.435,0.445,0.396,0.348
Joint 4: ,0.3,0.126,-0.049,0.076,0.201,0.327,0.407,0.314,0.183,0.105,0.016,-0.083,-0.181,-0.087,0.007,0.242,0.312,0.383,0.453,0.364,0.274,0.185,-0.036,-0.256
Joint 5: ,0.2,0.274,0.349,0.24,0.131,0.022,-0.087,-0.124,-0.108,0.004,0.255,0.436,0.617,0.466,0.316,0.43,0.56,0.689,0.819,0.607,0.394,0.182,0.193,0.204
Joint 6: ,0.1,-0.06,-0.22,-0.218,-0.216,-0.213,-0.228,-0.243,-0.285,-0.314,-0.325,-0.423,-0.521,-0.421,-0.321,-0.15,-0.072,0.005,0.082,0.009,-0.065,-0.139,-0.162,-0.185
Trial,4,2D Sim,False,Distance Weight,0.9,Random Seed,60,Min Iterations,1200,Lazy,False,Distance cost,0.29383804805880703,Manip Cost,13.386763399494555,Total cost,1.6031305832023817,Node cost function,True,Percent Manip Threshold,20,Update Path,False,Increasing weight,False,Parent finding radius R,0.9,Step Size,0.3,Goal Area Sample Probability,0.05,Goal Area Delta,0.6
Manipulability,0.032,0.106,0.088,0.066,0.074,0.084,0.079,0.07,0.061,0.057,0.044,0.052,0.068,0.084,0.101
Distance to Last Node,0.0,0.454,0.444,0.394,0.274,0.3,0.285,0.267,0.23,0.23,0.297,0.396,0.293,0.293,0.293
Joint 0: ,-1.7,-1.55,-1.285,-0.986,-0.74,-0.482,-0.223,0.027,0.237,0.447,0.705,0.959,1.206,1.453,1.7
Joint 1: ,-1.0,-0.909,-0.881,-0.897,-0.866,-0.849,-0.85,-0.867,-0.876,-0.885,-0.913,-0.962,-0.975,-0.987,-1.0
Joint 2: ,0.2,0.386,0.639,0.811,0.888,0.858,0.843,0.825,0.827,0.829,0.84,0.786,0.691,0.595,0.5
Joint 3: ,-0.1,-0.302,-0.169,-0.039,-0.049,-0.008,0.06,0.115,0.204,0.294,0.303,0.271,0.281,0.29,0.3
Joint 4: ,0.3,0.279,0.199,0.073,-0.007,-0.108,-0.18,-0.248,-0.229,-0.209,-0.243,-0.17,-0.18,-0.19,-0.2
Joint 5: ,0.2,-0.091,-0.177,-0.216,-0.242,-0.325,-0.36,-0.362,-0.375,-0.388,-0.273,-0.05,0.034,0.117,0.2
Joint 6: ,0.1,-0.022,0.153,0.196,0.21,0.268,0.319,0.301,0.315,0.329,0.251,0.077,-0.015,-0.108,-0.2
Trial,5,2D Sim,False,Distance Weight,0.9,Random Seed,75,Min Iterations,1200,Lazy,False,Distance cost,0.28729372143018767,Manip Cost,15.682845075291379,Total cost,1.8268488568163066,Node cost function,True,Percent Manip Threshold,20,Update Path,False,Increasing weight,False,Parent finding radius R,0.9,Step Size,0.3,Goal Area Sample Probability,0.05,Goal Area Delta,0.6
Manipulability,0.032,0.046,0.048,0.056,0.056,0.057,0.053,0.041,0.049,0.061,0.069,0.073,0.072,0.081,0.091,0.101
Distance to Last Node,0.0,0.408,0.263,0.292,0.266,0.266,0.283,0.3,0.267,0.388,0.28,0.283,0.26,0.264,0.264,0.264
Joint 0: ,-1.7,-1.511,-1.268,-1.028,-0.804,-0.579,-0.353,-0.076,0.153,0.423,0.631,0.844,1.059,1.272,1.486,1.7
Joint 1: ,-1.0,-0.879,-0.852,-0.869,-0.893,-0.916,-0.894,-0.851,-0.817,-0.816,-0.909,-1.015,-1.044,-1.03,-1.015,-1.0
Joint 2: ,0.2,0.198,0.235,0.291,0.316,0.341,0.379,0.403,0.373,0.306,0.307,0.332,0.368,0.412,0.456,0.5
Joint 3: ,-0.1,-0.222,-0.216,-0.143,-0.102,-0.06,-0.044,-0.08,-0.149,-0.304,-0.268,-0.129,-0.019,0.087,0.194,0.3
Joint 4: ,0.3,0.132,0.053,-0.047,-0.094,-0.142,-0.209,-0.179,-0.254,-0.083,0.069,0.042,0.028,-0.048,-0.124,-0.2
Joint 5: ,0.2,0.309,0.329,0.35,0.323,0.297,0.272,0.242,0.317,0.426,0.451,0.398,0.315,0.277,0.238,0.2
Joint 6: ,0.1,0.347,0.384,0.29,0.168,0.047,-0.1,-0.187,-0.219,-0.31,-0.348,-0.354,-0.372,-0.315,-0.257,-0.2
Trial,1,2D Sim,False,Distance Weight,0.85,Random Seed,15,Min Iterations,1200,Lazy,False,Distance cost,0.32704707452051407,Manip Cost,14.606564390308757,Total cost,2.4689746718887506,Node cost function,True,Percent Manip Threshold,20,Update Path,False,Increasing weight,False,Parent finding radius R,0.9,Step Size,0.3,Goal Area Sample Probability,0.05,Goal Area Delta,0.6
Manipulability,0.032,0.045,0.028,0.023,0.036,0.062,0.092,0.097,0.108,0.115,0.114,0.122,0.131,0.136,0.118,0.101
Distance to Last Node,0.0,0.3,0.265,0.28,0.411,0.411,0.38,0.36,0.356,0.412,0.27,0.285,0.27,0.267,0.342,0.342
Joint 0: ,-1.7,-1.503,-1.295,-1.029,-0.749,-0.469,-0.239,-0.042,0.079,0.285,0.506,0.736,0.963,1.19,1.445,1.7
Joint 1: ,-1.0,-0.987,-0.945,-0.917,-0.976,-1.035,-1.062,-1.136,-1.045,-1.005,-0.99,-0.994,-1.003,-1.043,-1.022,-1.0
Joint 2: ,0.2,0.036,0.1,0.1,0.115,0.13,0.336,0.6,0.77,0.935,0.975,0.933,0.845,0.765,0.633,0.5
Joint 3: ,-0.1,-0.074,-0.068,-0.074,0.098,0.27,0.408,0.467,0.612,0.694,0.67,0.622,0.591,0.532,0.416,0.3
Joint 4: ,0.3,0.165,0.292,0.366,0.485,0.605,0.522,0.512,0.401,0.182,0.074,-0.006,-0.035,-0.088,-0.144,-0.2
Joint 5: ,0.2,0.242,0.173,0.154,0.078,0.001,0.012,-0.078,-0.159,-0.195,-0.159,-0.028,0.079,0.151,0.176,0.2
Joint 6: ,0.1,0.043,0.062,0.093,-0.1,-0.292,-0.441,-0.374,-0.187,0.021,0.114,0.099,0.082,0.057,-0.071,-0.2
Trial,2,2D Sim,False,Distance Weight,0.85,Random Seed,30,Min Iterations,1200,Lazy,False,Distance cost,0.3289986332737601,Manip Cost,12.615395140516547,Total cost,2.1719581093601783,Node cost function,True,Percent Manip Threshold,20,Update Path,False,Increasing weight,False,Parent finding radius R,0.9,Step Size,0.3,Goal Area Sample Probability,0.05,Goal Area Delta,0.6
Manipulability,0.032,0.052,0.062,0.062,0.084,0.094,0.088,0.083,0.062,0.055,0.057,0.062,0.099,0.14,0.118,0.097
Distance to Last Node,0.0,0.371,0.402,0.404,0.394,0.268,0.24,0.24,0.297,0.261,0.351,0.351,0.39,0.39,0.311,0.311
Joint 0: ,-1.7,-1.493,-1.277,-1.11,-0.884,-0.648,-0.439,-0.23,0.03,0.275,0.567,0.86,1.115,1.371,1.535,1.699
Joint 1: ,-1.0,-0.902,-0.823,-0.861,-0.941,-0.953,-0.897,-0.841,-0.799,-0.802,-0.816,-0.831,-0.965,-1.099,-1.049,-0.999
Joint 2: ,0.2,0.088,-0.092,-0.319,-0.474,-0.478,-0.453,-0.428,-0.354,-0.276,-0.148,-0.021,0.201,0.423,0.458,0.494
Joint 3: ,-0.1,-0.141,-0.179,-0.077,-0.082,-0.105,-0.132,-0.158,-0.172,-0.161,-0.11,-0.059,0.025,0.11,0.197,0.284
Joint 4: ,0.3,0.099,-0.139,-0.391,-0.626,-0.681,-0.705,-0.728,-0.698,-0.677,-0.592,-0.508,-0.481,-0.453,-0.325,-0.197
Joint 5: ,0.2,0.321,0.402,0.322,0.39,0.441,0.437,0.433,0.339,0.303,0.313,0.322,0.43,0.538,0.366,0.194
Joint 6: ,0.1,-0.027,-0.133,-0.171,-0.292,-0.391,-0.485,-0.579,-0.635,-0.629,-0.522,-0.415,-0.421,-0.426,-0.314,-0.202
Trial,3,2D Sim,False,Distance Weight,0.85,Random Seed,45,Min Iterations,1200,Lazy,False,Distance cost,0.6636021614485201,Manip Cost,9.281092486930348,Total cost,1.9562257102707945,Node cost function,True,Percent Manip Threshold,20,Update Path,False,Increasing weight,False,Parent finding radius R,0.9,Step Size,0.3,Goal Area Sample Probability,0.05,Goal Area Delta,0.6
Manipulability,0.032,0.04,0.05,0.056,0.079,0.108,0.132,0.118,0.099,0.045,0.046,0.104,0.156,0.143,0.129,0.108,0.131,0.152,0.157,0.162,0.169,0.161,0.146,0.179,0.135,0.145,0.153,0.185,0.199,0.185,0.167,0.135,0.101
Distance to Last Node,0.0,0.402,0.402,0.288,0.288,0.288,0.404,0.368,0.316,0.292,0.372,0.296,0.296,0.309,0.309,0.246,0.232,0.232,0.3,0.397,0.397,0.343,0.343,0.3,0.314,0.344,0.344,0.28,0.28,0.272,0.272,0.26,0.26
Joint 0: ,-1.7,-1.444,-1.188,-0.974,-0.759,-0.545,-0.281,0.009,0.245,0.447,0.629,0.697,0.766,0.988,1.209,1.142,1.226,1.31,1.396,1.252,1.107,1.272,1.436,1.418,1.518,1.394,1.27,1.414,1.558,1.602,1.647,1.674,1.7
Joint 1: ,-1.0,-0.853,-0.707,-0.681,-0.655,-0.628,-0.6,-0.657,-0.74,-0.797,-0.88,-0.964,-1.048,-1.075,-1.103,-1.097,-1.135,-1.173,-1.056,-1.065,-1.074,-1.168,-1.261,-1.377,-1.208,-1.265,-1.322,-1.243,-1.163,-1.159,-1.154,-1.077,-1.0
Joint 2: ,0.2,0.204,0.208,0.125,0.043,-0.04,0.231,0.401,0.509,0.43,0.313,0.224,0.135,0.179,0.223,0.249,0.192,0.136,0.134,0.08,0.026,0.201,0.375,0.486,0.478,0.358,0.238,0.156,0.074,0.203,0.332,0.416,0.5
Joint 3: ,-0.1,-0.214,-0.328,-0.372,-0.416,-0.459,-0.474,-0.38,-0.3,-0.174,-0.058,0.068,0.193,0.243,0.292,0.304,0.362,0.42,0.589,0.414,0.24,0.287,0.333,0.414,0.409,0.411,0.412,0.565,0.718,0.624,0.529,0.415,0.3
Joint 4: ,0.3,0.126,-0.049,0.076,0.201,0.327,0.407,0.314,0.183,0.105,0.016,-0.083,-0.181,-0.087,0.007,0.013,-0.081,-0.176,-0.364,-0.171,0.022,0.058,0.095,0.293,0.2,-0.091,-0.383,-0.396,-0.41,-0.278,-0.146,-0.173,-0.2
Joint 5: ,0.2,0.274,0.349,0.24,0.131,0.022,-0.087,-0.124,-0.108,0.004,0.255,0.436,0.617,0.466,0.316,0.192,0.244,0.295,0.293,0.475,0.657,0.476,0.295,0.356,0.189,0.207,0.225,0.346,0.466,0.389,0.312,0.256,0.2
Joint 6: ,0.1,-0.06,-0.22,-0.218,-0.216,-0.213,-0.228,-0.243,-0.285,-0.314,-0.325,-0.423,-0.521,-0.421,-0.321,-0.521,-0.355,-0.19,-0.121,-0.302,-0.483,-0.36,-0.236,-0.116,-0.268,-0.274,-0.281,-0.2,-0.119,0.032,0.184,-0.008,-0.2
Trial,4,2D Sim,False,Distance Weight,0.85,Random Seed,60,Min Iterations,1200,Lazy,False,Distance cost,0.29383804805880703,Manip Cost,13.386763399494555,Total cost,2.2577768507741696,Node cost function,True,Percent Manip Threshold,20,Update Path,False,Increasing weight,False,Parent finding radius R,0.9,Step Size,0.3,Goal Area Sample Probability,0.05,Goal Area Delta,0.6
Manipulability,0.032,0.106,0.088,0.066,0.074,0.084,0.079,0.07,0.061,0.057,0.044,0.052,0.068,0.084,0.101
Distance to Last Node,0.0,0.454,0.444,0.394,0.274,0.3,0.285,0.267,0.23,0.23,0.297,0.396,0.293,0.293,0.293
Joint 0: ,-1.7,-1.55,-1.285,-0.986,-0.74,-0.482,-0.223,0.027,0.237,0.447,0.705,0.959,1.206,1.453,1.7
Joint 1: ,-1.0,-0.909,-0.881,-0.897,-0.866,-0.849,-0.85,-0.867,-0.876,-0.885,-0.913,-0.962,-0.975,-0.987,-1.0
Joint 2: ,0.2,0.386,0.639,0.811,0.888,0.858,0.843,0.825,0.827,0.829,0.84,0.786,0.691,0.595,0.5
Joint 3: ,-0.1,-0.302,-0.169,-0.039,-0.049,-0.008,0.06,0.115,0.204,0.294,0.303,0.271,0.281,0.29,0.3
Joint 4: ,0.3,0.279,0.199,0.073,-0.007,-0.108,-0.18,-0.248,-0.229,-0.209,-0.243,-0.17,-0.18,-0.19,-0.2
Joint 5: ,0.2,-0.091,-0.177,-0.216,-0.242,-0.325,-0.36,-0.362,-0.375,-0.388,-0.273,-0.05,0.034,0.117,0.2
Joint 6: ,0.1,-0.022,0.153,0.196,0.21,0.268,0.319,0.301,0.315,0.329,0.251,0.077,-0.015,-0.108,-0.2
Trial,5,2D Sim,False,Distance Weight,0.85,Random Seed,75,Min Iterations,1200,Lazy,False,Distance cost,0.28729372143018767,Manip Cost,15.682845075291379,Total cost,2.5966264245093664,Node cost function,True,Percent Manip Threshold,20,Update Path,False,Increasing weight,False,Parent finding radius R,0.9,Step Size,0.3,Goal Area Sample Probability,0.05,Goal Area Delta,0.6
Manipulability,0.032,0.046,0.048,0.056,0.056,0.057,0.053,0.041,0.049,0.061,0.069,0.073,0.072,0.081,0.091,0.101
Distance to Last Node,0.0,0.408,0.263,0.292,0.266,0.266,0.283,0.3,0.267,0.388,0.28,0.283,0.26,0.264,0.264,0.264
Joint 0: ,-1.7,-1.511,-1.268,-1.028,-0.804,-0.579,-0.353,-0.076,0.153,0.423,0.631,0.844,1.059,1.272,1.486,1.7
Joint 1: ,-1.0,-0.879,-0.852,-0.869,-0.893,-0.916,-0.894,-0.851,-0.817,-0.816,-0.909,-1.015,-1.044,-1.03,-1.015,-1.0
Joint 2: ,0.2,0.198,0.235,0.291,0.316,0.341,0.379,0.403,0.373,0.306,0.307,0.332,0.368,0.412,0.456,0.5
Joint 3: ,-0.1,-0.222,-0.216,-0.143,-0.102,-0.06,-0.044,-0.08,-0.149,-0.304,-0.268,-0.129,-0.019,0.087,0.194,0.3
Joint 4: ,0.3,0.132,0.053,-0.047,-0.094,-0.142,-0.209,-0.179,-0.254,-0.083,0.069,0.042,0.028,-0.048,-0.124,-0.2
Joint 5: ,0.2,0.309,0.329,0.35,0.323,0.297,0.272,0.242,0.317,0.426,0.451,0.398,0.315,0.277,0.238,0.2
Joint 6: ,0.1,0.347,0.384,0.29,0.168,0.047,-0.1,-0.187,-0.219,-0.31,-0.348,-0.354,-0.372,-0.315,-0.257,-0.2
Trial,1,2D Sim,False,Distance Weight,0.8,Random Seed,15,Min Iterations,1200,Lazy,False,Distance cost,0.32704707452051407,Manip Cost,14.606564390308757,Total cost,3.182950537678162,Node cost function,True,Percent Manip Threshold,20,Update Path,False,Increasing weight,False,Parent finding radius R,0.9,Step Size,0.3,Goal Area Sample Probability,0.05,Goal Area Delta,0.6
Manipulability,0.032,0.045,0.028,0.023,0.036,0.062,0.092,0.097,0.108,0.115,0.114,0.122,0.131,0.136,0.118,0.101
Distance to Last Node,0.0,0.3,0.265,0.28,0.411,0.411,0.38,0.36,0.356,0.412,0.27,0.285,0.27,0.267,0.342,0.342
Joint 0: ,-1.7,-1.503,-1.295,-1.029,-0.749,-0.469,-0.239,-0.042,0.079,0.285,0.506,0.736,0.963,1.19,1.445,1.7
Joint 1: ,-1.0,-0.987,-0.945,-0.917,-0.976,-1.035,-1.062,-1.136,-1.045,-1.005,-0.99,-0.994,-1.003,-1.043,-1.022,-1.0
Joint 2: ,0.2,0.036,0.1,0.1,0.115,0.13,0.336,0.6,0.77,0.935,0.975,0.933,0.845,0.765,0.633,0.5
Joint 3: ,-0.1,-0.074,-0.068,-0.074,0.098,0.27,0.408,0.467,0.612,0.694,0.67,0.622,0.591,0.532,0.416,0.3
Joint 4: ,0.3,0.165,0.292,0.366,0.485,0.605,0.522,0.512,0.401,0.182,0.074,-0.006,-0.035,-0.088,-0.144,-0.2
Joint 5: ,0.2,0.242,0.173,0.154,0.078,0.001,0.012,-0.078,-0.159,-0.195,-0.159,-0.028,0.079,0.151,0.176,0.2
Joint 6: ,0.1,0.043,0.062,0.093,-0.1,-0.292,-0.441,-0.374,-0.187,0.021,0.114,0.099,0.082,0.057,-0.071,-0.2
Trial,2,2D Sim,False,Distance Weight,0.8,Random Seed,30,Min Iterations,1200,Lazy,False,Distance cost,0.3289986332737601,Manip Cost,12.615395140516547,Total cost,2.786277934722317,Node cost function,True,Percent Manip Threshold,20,Update Path,False,Increasing weight,False,Parent finding radius R,0.9,Step Size,0.3,Goal Area Sample Probability,0.05,Goal Area Delta,0.6
Manipulability,0.032,0.052,0.062,0.062,0.084,0.094,0.088,0.083,0.062,0.055,0.057,0.062,0.099,0.14,0.118,0.097
Distance to Last Node,0.0,0.371,0.402,0.404,0.394,0.268,0.24,0.24,0.297,0.261,0.351,0.351,0.39,0.39,0.311,0.311
Joint 0: ,-1.7,-1.493,-1.277,-1.11,-0.884,-0.648,-0.439,-0.23,0.03,0.275,0.567,0.86,1.115,1.371,1.535,1.699
Joint 1: ,-1.0,-0.902,-0.823,-0.861,-0.941,-0.953,-0.897,-0.841,-0.799,-0.802,-0.816,-0.831,-0.965,-1.099,-1.049,-0.999
Joint 2: ,0.2,0.088,-0.092,-0.319,-0.474,-0.478,-0.453,-0.428,-0.354,-0.276,-0.148,-0.021,0.201,0.423,0.458,0.494
Joint 3: ,-0.1,-0.141,-0.179,-0.077,-0.082,-0.105,-0.132,-0.158,-0.172,-0.161,-0.11,-0.059,0.025,0.11,0.197,0.284
Joint 4: ,0.3,0.099,-0.139,-0.391,-0.626,-0.681,-0.705,-0.728,-0.698,-0.677,-0.592,-0.508,-0.481,-0.453,-0.325,-0.197
Joint 5: ,0.2,0.321,0.402,0.322,0.39,0.441,0.437,0.433,0.339,0.303,0.313,0.322,0.43,0.538,0.366,0.194
Joint 6: ,0.1,-0.027,-0.133,-0.171,-0.292,-0.391,-0.485,-0.579,-0.635,-0.629,-0.522,-0.415,-0.421,-0.426,-0.314,-0.202
Trial,3,2D Sim,False,Distance Weight,0.8,Random Seed,45,Min Iterations,1200,Lazy,False,Distance cost,0.8217909547295658,Manip Cost,8.675670684748846,Total cost,2.3925669007334216,Node cost function,True,Percent Manip Threshold,20,Update Path,False,Increasing weight,False,Parent finding radius R,0.9,Step Size,0.3,Goal Area Sample Probability,0.05,Goal Area Delta,0.6
Manipulability,0.032,0.04,0.05,0.056,0.079,0.108,0.132,0.118,0.099,0.045,0.046,0.104,0.156,0.143,0.129,0.108,0.131,0.152,0.123,0.143,0.157,0.162,0.169,0.161,0.146,0.179,0.135,0.145,0.159,0.171,0.178,0.185,0.192,0.176,0.153,0.177,0.199,0.185,0.167,0.135,0.101
Distance to Last Node,0.0,0.402,0.402,0.288,0.288,0.288,0.404,0.368,0.316,0.292,0.372,0.296,0.296,0.309,0.309,0.246,0.232,0.232,0.276,0.242,0.242,0.397,0.397,0.343,0.343,0.3,0.314,0.344,0.282,0.282,0.282,0.3,0.3,0.298,0.298,0.399,0.399,0.272,0.272,0.26,0.26
Joint 0: ,-1.7,-1.444,-1.188,-0.974,-0.759,-0.545,-0.281,0.009,0.245,0.447,0.629,0.697,0.766,0.988,1.209,1.142,1.226,1.31,1.344,1.37,1.396,1.252,1.107,1.272,1.436,1.418,1.518,1.394,1.333,1.272,1.211,1.248,1.504,1.492,1.479,1.518,1.558,1.602,1.647,1.674,1.7
Joint 1: ,-1.0,-0.853,-0.707,-0.681,-0.655,-0.628,-0.6,-0.657,-0.74,-0.797,-0.88,-0.964,-1.048,-1.075,-1.103,-1.097,-1.135,-1.173,-1.101,-1.079,-1.056,-1.065,-1.074,-1.168,-1.261,-1.377,-1.208,-1.265,-1.198,-1.132,-1.065,-1.011,-1.022,-0.995,-0.969,-1.066,-1.163,-1.159,-1.154,-1.077,-1.0
Joint 2: ,0.2,0.204,0.208,0.125,0.043,-0.04,0.231,0.401,0.509,0.43,0.313,0.224,0.135,0.179,0.223,0.249,0.192,0.136,0.252,0.193,0.134,0.08,0.026,0.201,0.375,0.486,0.478,0.358,0.291,0.225,0.159,0.051,0.035,0.175,0.316,0.195,0.074,0.203,0.332,0.416,0.5
Joint 3: ,-0.1,-0.214,-0.328,-0.372,-0.416,-0.459,-0.474,-0.38,-0.3,-0.174,-0.058,0.068,0.193,0.243,0.292,0.304,0.362,0.42,0.375,0.482,0.589,0.414,0.24,0.287,0.333,0.414,0.409,0.411,0.323,0.236,0.149,0.214,0.281,0.279,0.278,0.498,0.718,0.624,0.529,0.415,0.3
Joint 4: ,0.3,0.126,-0.049,0.076,0.201,0.327,0.407,0.314,0.183,0.105,0.016,-0.083,-0.181,-0.087,0.007,0.013,-0.081,-0.176,-0.036,-0.2,-0.364,-0.171,0.022,0.058,0.095,0.293,0.2,-0.091,-0.02,0.052,0.123,0.014,-0.092,-0.067,-0.041,-0.225,-0.41,-0.278,-0.146,-0.173,-0.2
Joint 5: ,0.2,0.274,0.349,0.24,0.131,0.022,-0.087,-0.124,-0.108,0.004,0.255,0.436,0.617,0.466,0.316,0.192,0.244,0.295,0.203,0.248,0.293,0.475,0.657,0.476,0.295,0.356,0.189,0.207,0.411,0.616,0.82,0.956,1.015,0.816,0.616,0.541,0.466,0.389,0.312,0.256,0.2
Joint 6: ,0.1,-0.06,-0.22,-0.218,-0.216,-0.213,-0.228,-0.243,-0.285,-0.314,-0.325,-0.423,-0.521,-0.421,-0.321,-0.521,-0.355,-0.19,-0.351,-0.236,-0.121,-0.302,-0.483,-0.36,-0.236,-0.116,-0.268,-0.274,-0.387,-0.5,-0.612,-0.811,-0.878,-0.711,-0.545,-0.332,-0.119,0.032,0.184,-0.008,-0.2
Trial,4,2D Sim,False,Distance Weight,0.8,Random Seed,60,Min Iterations,1200,Lazy,False,Distance cost,0.29383804805880703,Manip Cost,13.386763399494555,Total cost,2.912423118345956,Node cost function,True,Percent Manip Threshold,20,Update Path,False,Increasing weight,False,Parent finding radius R,0.9,Step Size,0.3,Goal Area Sample Probability,0.05,Goal Area Delta,0.6
Manipulability,0.032,0.106,0.088,0.066,0.074,0.084,0.079,0.07,0.061,0.057,0.044,0.052,0.068,0.084,0.101
Distance to Last Node,0.0,0.454,0.444,0.394,0.274,0.3,0.285,0.267,0.23,0.23,0.297,0.396,0.293,0.293,0.293
Joint 0: ,-1.7,-1.55,-1.285,-0.986,-0.74,-0.482,-0.223,0.027,0.237,0.447,0.705,0.959,1.206,1.453,1.7
Joint 1: ,-1.0,-0.909,-0.881,-0.897,-0.866,-0.849,-0.85,-0.867,-0.876,-0.885,-0.913,-0.962,-0.975,-0.987,-1.0
Joint 2: ,0.2,0.386,0.639,0.811,0.888,0.858,0.843,0.825,0.827,0.829,0.84,0.786,0.691,0.595,0.5
Joint 3: ,-0.1,-0.302,-0.169,-0.039,-0.049,-0.008,0.06,0.115,0.204,0.294,0.303,0.271,0.281,0.29,0.3
Joint 4: ,0.3,0.279,0.199,0.073,-0.007,-0.108,-0.18,-0.248,-0.229,-0.209,-0.243,-0.17,-0.18,-0.19,-0.2
Joint 5: ,0.2,-0.091,-0.177,-0.216,-0.242,-0.325,-0.36,-0.362,-0.375,-0.388,-0.273,-0.05,0.034,0.117,0.2
Joint 6: ,0.1,-0.022,0.153,0.196,0.21,0.268,0.319,0.301,0.315,0.329,0.251,0.077,-0.015,-0.108,-0.2
Trial,5,2D Sim,False,Distance Weight,0.8,Random Seed,75,Min Iterations,1200,Lazy,False,Distance cost,0.28729372143018767,Manip Cost,15.682845075291379,Total cost,3.366403992202425,Node cost function,True,Percent Manip Threshold,20,Update Path,False,Increasing weight,False,Parent finding radius R,0.9,Step Size,0.3,Goal Area Sample Probability,0.05,Goal Area Delta,0.6
Manipulability,0.032,0.046,0.048,0.056,0.056,0.057,0.053,0.041,0.049,0.061,0.069,0.073,0.072,0.081,0.091,0.101
Distance to Last Node,0.0,0.408,0.263,0.292,0.266,0.266,0.283,0.3,0.267,0.388,0.28,0.283,0.26,0.264,0.264,0.264
Joint 0: ,-1.7,-1.511,-1.268,-1.028,-0.804,-0.579,-0.353,-0.076,0.153,0.423,0.631,0.844,1.059,1.272,1.486,1.7
Joint 1: ,-1.0,-0.879,-0.852,-0.869,-0.893,-0.916,-0.894,-0.851,-0.817,-0.816,-0.909,-1.015,-1.044,-1.03,-1.015,-1.0
Joint 2: ,0.2,0.198,0.235,0.291,0.316,0.341,0.379,0.403,0.373,0.306,0.307,0.332,0.368,0.412,0.456,0.5
Joint 3: ,-0.1,-0.222,-0.216,-0.143,-0.102,-0.06,-0.044,-0.08,-0.149,-0.304,-0.268,-0.129,-0.019,0.087,0.194,0.3
Joint 4: ,0.3,0.132,0.053,-0.047,-0.094,-0.142,-0.209,-0.179,-0.254,-0.083,0.069,0.042,0.028,-0.048,-0.124,-0.2
Joint 5: ,0.2,0.309,0.329,0.35,0.323,0.297,0.272,0.242,0.317,0.426,0.451,0.398,0.315,0.277,0.238,0.2
Joint 6: ,0.1,0.347,0.384,0.29,0.168,0.047,-0.1,-0.187,-0.219,-0.31,-0.348,-0.354,-0.372,-0.315,-0.257,-0.2
Trial,1,2D Sim,False,Distance Weight,0.7,Random Seed,15,Min Iterations,1200,Lazy,False,Distance cost,0.32704707452051407,Manip Cost,14.606564390308757,Total cost,4.610902269256988,Node cost function,True,Percent Manip Threshold,20,Update Path,False,Increasing weight,False,Parent finding radius R,0.9,Step Size,0.3,Goal Area Sample Probability,0.05,Goal Area Delta,0.6
Manipulability,0.032,0.045,0.028,0.023,0.036,0.062,0.092,0.097,0.108,0.115,0.114,0.122,0.131,0.136,0.118,0.101
Distance to Last Node,0.0,0.3,0.265,0.28,0.411,0.411,0.38,0.36,0.356,0.412,0.27,0.285,0.27,0.267,0.342,0.342
Joint 0: ,-1.7,-1.503,-1.295,-1.029,-0.749,-0.469,-0.239,-0.042,0.079,0.285,0.506,0.736,0.963,1.19,1.445,1.7
Joint 1: ,-1.0,-0.987,-0.945,-0.917,-0.976,-1.035,-1.062,-1.136,-1.045,-1.005,-0.99,-0.994,-1.003,-1.043,-1.022,-1.0
Joint 2: ,0.2,0.036,0.1,0.1,0.115,0.13,0.336,0.6,0.77,0.935,0.975,0.933,0.845,0.765,0.633,0.5
Joint 3: ,-0.1,-0.074,-0.068,-0.074,0.098,0.27,0.408,0.467,0.612,0.694,0.67,0.622,0.591,0.532,0.416,0.3
Joint 4: ,0.3,0.165,0.292,0.366,0.485,0.605,0.522,0.512,0.401,0.182,0.074,-0.006,-0.035,-0.088,-0.144,-0.2
Joint 5: ,0.2,0.242,0.173,0.154,0.078,0.001,0.012,-0.078,-0.159,-0.195,-0.159,-0.028,0.079,0.151,0.176,0.2
Joint 6: ,0.1,0.043,0.062,0.093,-0.1,-0.292,-0.441,-0.374,-0.187,0.021,0.114,0.099,0.082,0.057,-0.071,-0.2
Trial,2,2D Sim,False,Distance Weight,0.7,Random Seed,30,Min Iterations,1200,Lazy,False,Distance cost,0.3289986332737601,Manip Cost,12.615395140516547,Total cost,4.014917585446597,Node cost function,True,Percent Manip Threshold,20,Update Path,False,Increasing weight,False,Parent finding radius R,0.9,Step Size,0.3,Goal Area Sample Probability,0.05,Goal Area Delta,0.6
Manipulability,0.032,0.052,0.062,0.062,0.084,0.094,0.088,0.083,0.062,0.055,0.057,0.062,0.099,0.14,0.118,0.097
Distance to Last Node,0.0,0.371,0.402,0.404,0.394,0.268,0.24,0.24,0.297,0.261,0.351,0.351,0.39,0.39,0.311,0.311
Joint 0: ,-1.7,-1.493,-1.277,-1.11,-0.884,-0.648,-0.439,-0.23,0.03,0.275,0.567,0.86,1.115,1.371,1.535,1.699
Joint 1: ,-1.0,-0.902,-0.823,-0.861,-0.941,-0.953,-0.897,-0.841,-0.799,-0.802,-0.816,-0.831,-0.965,-1.099,-1.049,-0.999
Joint 2: ,0.2,0.088,-0.092,-0.319,-0.474,-0.478,-0.453,-0.428,-0.354,-0.276,-0.148,-0.021,0.201,0.423,0.458,0.494
Joint 3: ,-0.1,-0.141,-0.179,-0.077,-0.082,-0.105,-0.132,-0.158,-0.172,-0.161,-0.11,-0.059,0.025,0.11,0.197,0.284
Joint 4: ,0.3,0.099,-0.139,-0.391,-0.626,-0.681,-0.705,-0.728,-0.698,-0.677,-0.592,-0.508,-0.481,-0.453,-0.325,-0.197
Joint 5: ,0.2,0.321,0.402,0.322,0.39,0.441,0.437,0.433,0.339,0.303,0.313,0.322,0.43,0.538,0.366,0.194
Joint 6: ,0.1,-0.027,-0.133,-0.171,-0.292,-0.391,-0.485,-0.579,-0.635,-0.629,-0.522,-0.415,-0.421,-0.426,-0.314,-0.202
Trial,3,2D Sim,False,Distance Weight,0.7,Random Seed,45,Min Iterations,1200,Lazy,False,Distance cost,0.8648741262132136,Manip Cost,8.566707755780559,Total cost,3.1754242150834173,Node cost function,True,Percent Manip Threshold,20,Update Path,False,Increasing weight,False,Parent finding radius R,0.9,Step Size,0.3,Goal Area Sample Probability,0.05,Goal Area Delta,0.6
Manipulability,0.032,0.04,0.05,0.056,0.079,0.108,0.132,0.118,0.099,0.045,0.046,0.104,0.156,0.143,0.129,0.108,0.131,0.152,0.123,0.143,0.157,0.162,0.169,0.161,0.146,0.138,0.159,0.179,0.135,0.145,0.159,0.171,0.178,0.185,0.192,0.176,0.153,0.177,0.199,0.185,0.167,0.144,0.105
Distance to Last Node,0.0,0.402,0.402,0.288,0.288,0.288,0.404,0.368,0.316,0.292,0.372,0.296,0.296,0.309,0.309,0.246,0.232,0.232,0.276,0.242,0.242,0.397,0.397,0.343,0.343,0.293,0.251,0.251,0.314,0.344,0.282,0.282,0.282,0.3,0.3,0.298,0.298,0.399,0.399,0.272,0.272,0.377,0.3
Joint 0: ,-1.7,-1.444,-1.188,-0.974,-0.759,-0.545,-0.281,0.009,0.245,0.447,0.629,0.697,0.766,0.988,1.209,1.142,1.226,1.31,1.344,1.37,1.396,1.252,1.107,1.272,1.436,1.287,1.353,1.418,1.518,1.394,1.333,1.272,1.211,1.248,1.504,1.492,1.479,1.518,1.558,1.602,1.647,1.603,1.691
Joint 1: ,-1.0,-0.853,-0.707,-0.681,-0.655,-0.628,-0.6,-0.657,-0.74,-0.797,-0.88,-0.964,-1.048,-1.075,-1.103,-1.097,-1.135,-1.173,-1.101,-1.079,-1.056,-1.065,-1.074,-1.168,-1.261,-1.203,-1.29,-1.377,-1.208,-1.265,-1.198,-1.132,-1.065,-1.011,-1.022,-0.995,-0.969,-1.066,-1.163,-1.159,-1.154,-1.203,-1.02
Joint 2: ,0.2,0.204,0.208,0.125,0.043,-0.04,0.231,0.401,0.509,0.43,0.313,0.224,0.135,0.179,0.223,0.249,0.192,0.136,0.252,0.193,0.134,0.08,0.026,0.201,0.375,0.375,0.43,0.486,0.478,0.358,0.291,0.225,0.159,0.051,0.035,0.175,0.316,0.195,0.074,0.203,0.332,0.491,0.499
Joint 3: ,-0.1,-0.214,-0.328,-0.372,-0.416,-0.459,-0.474,-0.38,-0.3,-0.174,-0.058,0.068,0.193,0.243,0.292,0.304,0.362,0.42,0.375,0.482,0.589,0.414,0.24,0.287,0.333,0.387,0.4,0.414,0.409,0.411,0.323,0.236,0.149,0.214,0.281,0.279,0.278,0.498,0.718,0.624,0.529,0.366,0.306
Joint 4: ,0.3,0.126,-0.049,0.076,0.201,0.327,0.407,0.314,0.183,0.105,0.016,-0.083,-0.181,-0.087,0.007,0.013,-0.081,-0.176,-0.036,-0.2,-0.364,-0.171,0.022,0.058,0.095,0.06,0.176,0.293,0.2,-0.091,-0.02,0.052,0.123,0.014,-0.092,-0.067,-0.041,-0.225,-0.41,-0.278,-0.146,-0.015,-0.182
Joint 5: ,0.2,0.274,0.349,0.24,0.131,0.022,-0.087,-0.124,-0.108,0.004,0.255,0.436,0.617,0.466,0.316,0.192,0.244,0.295,0.203,0.248,0.293,0.475,0.657,0.476,0.295,0.229,0.293,0.356,0.189,0.207,0.411,0.616,0.82,0.956,1.015,0.816,0.616,0.541,0.466,0.389,0.312,0.276,0.207
Joint 6: ,0.1,-0.06,-0.22,-0.218,-0.216,-0.213,-0.228,-0.243,-0.285,-0.314,-0.325,-0.423,-0.521,-0.421,-0.321,-0.521,-0.355,-0.19,-0.351,-0.236,-0.121,-0.302,-0.483,-0.36,-0.236,-0.464,-0.29,-0.116,-0.268,-0.274,-0.387,-0.5,-0.612,-0.811,-0.878,-0.711,-0.545,-0.332,-0.119,0.032,0.184,-0.075,-0.188
Trial,4,2D Sim,False,Distance Weight,0.7,Random Seed,60,Min Iterations,1200,Lazy,False,Distance cost,0.29383804805880703,Manip Cost,13.386763399494555,Total cost,4.221715653489532,Node cost function,True,Percent Manip Threshold,20,Update Path,False,Increasing weight,False,Parent finding radius R,0.9,Step Size,0.3,Goal Area Sample Probability,0.05,Goal Area Delta,0.6
Manipulability,0.032,0.106,0.088,0.066,0.074,0.084,0.079,0.07,0.061,0.057,0.044,0.052,0.068,0.084,0.101
Distance to Last Node,0.0,0.454,0.444,0.394,0.274,0.3,0.285,0.267,0.23,0.23,0.297,0.396,0.293,0.293,0.293
Joint 0: ,-1.7,-1.55,-1.285,-0.986,-0.74,-0.482,-0.223,0.027,0.237,0.447,0.705,0.959,1.206,1.453,1.7
Joint 1: ,-1.0,-0.909,-0.881,-0.897,-0.866,-0.849,-0.85,-0.867,-0.876,-0.885,-0.913,-0.962,-0.975,-0.987,-1.0
Joint 2: ,0.2,0.386,0.639,0.811,0.888,0.858,0.843,0.825,0.827,0.829,0.84,0.786,0.691,0.595,0.5
Joint 3: ,-0.1,-0.302,-0.169,-0.039,-0.049,-0.008,0.06,0.115,0.204,0.294,0.303,0.271,0.281,0.29,0.3
Joint 4: ,0.3,0.279,0.199,0.073,-0.007,-0.108,-0.18,-0.248,-0.229,-0.209,-0.243,-0.17,-0.18,-0.19,-0.2
Joint 5: ,0.2,-0.091,-0.177,-0.216,-0.242,-0.325,-0.36,-0.362,-0.375,-0.388,-0.273,-0.05,0.034,0.117,0.2
Joint 6: ,0.1,-0.022,0.153,0.196,0.21,0.268,0.319,0.301,0.315,0.329,0.251,0.077,-0.015,-0.108,-0.2
Trial,5,2D Sim,False,Distance Weight,0.7,Random Seed,75,Min Iterations,1200,Lazy,False,Distance cost,0.28729372143018767,Manip Cost,15.682845075291379,Total cost,4.905959127588545,Node cost function,True,Percent Manip Threshold,20,Update Path,False,Increasing weight,False,Parent finding radius R,0.9,Step Size,0.3,Goal Area Sample Probability,0.05,Goal Area Delta,0.6
Manipulability,0.032,0.046,0.048,0.056,0.056,0.057,0.053,0.041,0.049,0.061,0.069,0.073,0.072,0.081,0.091,0.101
Distance to Last Node,0.0,0.408,0.263,0.292,0.266,0.266,0.283,0.3,0.267,0.388,0.28,0.283,0.26,0.264,0.264,0.264
Joint 0: ,-1.7,-1.511,-1.268,-1.028,-0.804,-0.579,-0.353,-0.076,0.153,0.423,0.631,0.844,1.059,1.272,1.486,1.7
Joint 1: ,-1.0,-0.879,-0.852,-0.869,-0.893,-0.916,-0.894,-0.851,-0.817,-0.816,-0.909,-1.015,-1.044,-1.03,-1.015,-1.0
Joint 2: ,0.2,0.198,0.235,0.291,0.316,0.341,0.379,0.403,0.373,0.306,0.307,0.332,0.368,0.412,0.456,0.5
Joint 3: ,-0.1,-0.222,-0.216,-0.143,-0.102,-0.06,-0.044,-0.08,-0.149,-0.304,-0.268,-0.129,-0.019,0.087,0.194,0.3
Joint 4: ,0.3,0.132,0.053,-0.047,-0.094,-0.142,-0.209,-0.179,-0.254,-0.083,0.069,0.042,0.028,-0.048,-0.124,-0.2
Joint 5: ,0.2,0.309,0.329,0.35,0.323,0.297,0.272,0.242,0.317,0.426,0.451,0.398,0.315,0.277,0.238,0.2
Joint 6: ,0.1,0.347,0.384,0.29,0.168,0.047,-0.1,-0.187,-0.219,-0.31,-0.348,-0.354,-0.372,-0.315,-0.257,-0.2
