Trial,1,2D Sim,False,Distance Weight,0.9,Random Seed,15,Min Iterations,1200,Lazy,False,Distance cost,0.6932633153209468,Manip Cost,11.098682557553465,Total cost,1.7338052395441985,Node cost function,False,Percent Manip Threshold,20,Update Path,False,Increasing weight,False,Parent finding radius R,0.9,Step Size,0.3,Goal Area Sample Probability,0.05,Goal Area Delta,0.6
Manipulability,0.032,0.045,0.028,0.024,0.02,0.037,0.052,0.069,0.086,0.095,0.109,0.115,0.127,0.133,0.137,0.15,0.174,0.19,0.187,0.187,0.165,0.143,0.141,0.139,0.146,0.152,0.197,0.227,0.2,0.21,0.159,0.101
Distance to Last Node,0.0,0.3,0.265,0.232,0.232,0.298,0.278,0.278,0.436,0.373,0.303,0.293,0.376,0.294,0.277,0.402,0.392,0.297,0.441,0.441,0.391,0.391,0.449,0.449,0.35,0.35,0.423,0.423,0.291,0.236,0.269,0.269
Joint 0: ,-1.7,-1.503,-1.295,-1.081,-0.868,-0.62,-0.403,-0.187,0.048,0.193,0.341,0.61,0.904,1.15,1.352,1.617,1.819,1.878,1.697,1.517,1.791,2.065,1.936,1.807,1.576,1.345,1.574,1.804,1.789,1.595,1.647,1.7
Joint 1: ,-1.0,-0.987,-0.945,-0.951,-0.958,-0.987,-1.014,-1.041,-1.061,-1.027,-0.996,-0.972,-0.986,-1.032,-1.094,-1.173,-1.242,-1.335,-1.308,-1.282,-1.257,-1.232,-1.207,-1.181,-1.201,-1.221,-1.264,-1.308,-1.207,-1.27,-1.135,-1.0
Joint 2: ,0.2,0.036,0.1,0.132,0.163,0.198,0.277,0.355,0.634,0.873,0.986,0.978,0.913,0.811,0.7,0.518,0.43,0.41,0.516,0.622,0.542,0.463,0.611,0.759,0.701,0.642,0.428,0.213,0.436,0.341,0.421,0.5
Joint 3: ,-0.1,-0.074,-0.068,-0.047,-0.026,0.073,0.185,0.297,0.463,0.571,0.673,0.666,0.596,0.535,0.539,0.597,0.767,0.879,0.707,0.535,0.543,0.551,0.476,0.4,0.363,0.326,0.476,0.627,0.498,0.498,0.399,0.3
Joint 4: ,0.3,0.165,0.292,0.359,0.427,0.383,0.363,0.342,0.412,0.273,0.118,0.052,-0.057,-0.102,-0.146,-0.283,-0.477,-0.689,-0.404,-0.12,-0.329,-0.538,-0.278,-0.018,-0.051,-0.083,-0.169,-0.255,-0.235,-0.252,-0.226,-0.2
Joint 5: ,0.2,0.242,0.173,0.144,0.114,0.104,0.055,0.006,-0.121,-0.211,-0.221,-0.133,0.051,0.132,0.121,0.102,0.055,-0.014,0.158,0.33,0.2,0.07,0.146,0.221,0.286,0.35,0.481,0.612,0.556,0.572,0.386,0.2
Joint 6: ,0.1,0.043,0.062,0.028,-0.006,-0.122,-0.211,-0.301,-0.208,-0.065,0.081,0.109,0.089,0.062,-0.071,-0.243,-0.421,-0.537,-0.438,-0.34,-0.439,-0.538,-0.249,0.041,-0.201,-0.443,-0.268,-0.094,-0.157,-0.222,-0.211,-0.2
Trial,2,2D Sim,False,Distance Weight,0.9,Random Seed,30,Min Iterations,1200,Lazy,False,Distance cost,0.32624496576377643,Manip Cost,14.179223638500046,Total cost,1.7115428330374032,Node cost function,False,Percent Manip Threshold,20,Update Path,False,Increasing weight,False,Parent finding radius R,0.9,Step Size,0.3,Goal Area Sample Probability,0.05,Goal Area Delta,0.6
Manipulability,0.032,0.052,0.062,0.063,0.085,0.094,0.088,0.07,0.055,0.054,0.057,0.062,0.099,0.14,0.12,0.102
Distance to Last Node,0.0,0.371,0.402,0.278,0.449,0.279,0.245,0.362,0.259,0.296,0.296,0.296,0.389,0.389,0.315,0.315
Joint 0: ,-1.7,-1.493,-1.277,-1.157,-0.907,-0.664,-0.45,-0.151,0.083,0.342,0.601,0.86,1.119,1.378,1.539,1.701
Joint 1: ,-1.0,-0.902,-0.823,-0.818,-0.919,-0.938,-0.888,-0.794,-0.767,-0.788,-0.809,-0.831,-0.958,-1.085,-1.045,-1.005
Joint 2: ,0.2,0.088,-0.092,-0.236,-0.432,-0.45,-0.435,-0.336,-0.292,-0.201,-0.111,-0.021,0.197,0.415,0.456,0.498
Joint 3: ,-0.1,-0.141,-0.179,-0.138,-0.112,-0.125,-0.145,-0.223,-0.215,-0.163,-0.111,-0.059,0.026,0.112,0.208,0.304
Joint 4: ,0.3,0.099,-0.139,-0.338,-0.599,-0.664,-0.693,-0.712,-0.687,-0.627,-0.568,-0.508,-0.485,-0.461,-0.334,-0.208
Joint 5: ,0.2,0.321,0.402,0.376,0.417,0.459,0.449,0.385,0.307,0.312,0.317,0.322,0.433,0.544,0.371,0.198
Joint 6: ,0.1,-0.027,-0.133,-0.126,-0.269,-0.376,-0.475,-0.588,-0.641,-0.566,-0.491,-0.415,-0.426,-0.437,-0.317,-0.197
Trial,3,2D Sim,False,Distance Weight,0.9,Random Seed,45,Min Iterations,1200,Lazy,False,Distance cost,0.5516522081441674,Manip Cost,9.929850207394415,Total cost,1.4894720080691919,Node cost function,False,Percent Manip Threshold,20,Update Path,False,Increasing weight,False,Parent finding radius R,0.9,Step Size,0.3,Goal Area Sample Probability,0.05,Goal Area Delta,0.6
Manipulability,0.032,0.038,0.042,0.043,0.056,0.089,0.111,0.131,0.148,0.153,0.087,0.035,0.098,0.156,0.14,0.124,0.123,0.149,0.172,0.201,0.216,0.208,0.177,0.174,0.162,0.106
Distance to Last Node,0.0,0.211,0.211,0.275,0.392,0.271,0.262,0.262,0.262,0.3,0.412,0.411,0.319,0.319,0.292,0.292,0.321,0.433,0.433,0.395,0.395,0.426,0.426,0.437,0.297,0.3
Joint 0: ,-1.7,-1.546,-1.392,-1.131,-0.838,-0.635,-0.429,-0.222,-0.016,0.191,0.468,0.639,0.703,0.766,0.985,1.203,1.097,1.282,1.467,1.532,1.597,1.558,1.52,1.571,1.682,1.699
Joint 1: ,-1.0,-0.882,-0.765,-0.768,-0.698,-0.686,-0.648,-0.61,-0.571,-0.709,-0.785,-0.874,-0.961,-1.048,-1.044,-1.039,-1.062,-1.208,-1.354,-1.285,-1.215,-1.346,-1.476,-1.308,-1.23,-1.018
Joint 2: ,0.2,0.199,0.199,0.174,0.067,0.172,0.282,0.393,0.503,0.419,0.391,0.293,0.214,0.135,0.206,0.276,0.325,0.437,0.55,0.717,0.884,0.816,0.748,0.527,0.413,0.493
Joint 3: ,-0.1,-0.143,-0.185,-0.215,-0.337,-0.414,-0.439,-0.464,-0.489,-0.446,-0.294,-0.118,0.038,0.193,0.236,0.279,0.387,0.385,0.384,0.465,0.546,0.411,0.275,0.397,0.384,0.306
Joint 4: ,0.3,0.296,0.292,0.215,0.271,0.354,0.399,0.443,0.487,0.376,0.168,0.048,-0.067,-0.181,-0.088,0.005,-0.002,0.189,0.381,0.617,0.854,0.571,0.288,0.053,-0.172,-0.198
Joint 5: ,0.2,0.256,0.312,0.319,0.171,0.089,-0.007,-0.102,-0.197,-0.187,-0.047,0.23,0.423,0.617,0.478,0.34,0.217,0.29,0.363,0.537,0.71,0.576,0.442,0.364,0.354,0.212
Joint 6: ,0.1,0.055,0.01,-0.002,-0.108,-0.146,-0.179,-0.211,-0.243,-0.327,-0.326,-0.33,-0.426,-0.521,-0.471,-0.42,-0.67,-0.392,-0.114,0.049,0.211,0.008,-0.196,-0.01,-0.086,-0.191
Trial,4,2D Sim,False,Distance Weight,0.9,Random Seed,60,Min Iterations,1200,Lazy,False,Distance cost,0.3177016382877118,Manip Cost,13.393861136179938,Total cost,1.6253175880769342,Node cost function,False,Percent Manip Threshold,20,Update Path,False,Increasing weight,False,Parent finding radius R,0.9,Step Size,0.3,Goal Area Sample Probability,0.05,Goal Area Delta,0.6
Manipulability,0.032,0.077,0.168,0.139,0.104,0.074,0.079,0.087,0.08,0.071,0.061,0.057,0.044,0.051,0.067,0.084,0.101
Distance to Last Node,0.0,0.298,0.298,0.36,0.373,0.36,0.258,0.292,0.28,0.264,0.228,0.228,0.296,0.396,0.293,0.293,0.293
Joint 0: ,-1.7,-1.612,-1.524,-1.396,-1.208,-0.948,-0.714,-0.465,-0.211,0.035,0.242,0.449,0.707,0.96,1.207,1.453,1.7
Joint 1: ,-1.0,-0.995,-0.991,-0.85,-0.851,-0.882,-0.856,-0.843,-0.845,-0.864,-0.874,-0.884,-0.912,-0.962,-0.975,-0.987,-1.0
Joint 2: ,0.2,0.242,0.285,0.482,0.687,0.835,0.904,0.869,0.85,0.829,0.83,0.831,0.841,0.787,0.691,0.596,0.5
Joint 3: ,-0.1,-0.312,-0.524,-0.4,-0.218,-0.063,-0.065,-0.019,0.053,0.11,0.201,0.292,0.302,0.27,0.28,0.29,0.3
Joint 4: ,0.3,0.244,0.187,0.241,0.18,0.064,-0.013,-0.112,-0.183,-0.25,-0.23,-0.21,-0.244,-0.17,-0.18,-0.19,-0.2
Joint 5: ,0.2,0.071,-0.059,-0.129,-0.195,-0.225,-0.249,-0.329,-0.363,-0.364,-0.376,-0.388,-0.273,-0.05,0.033,0.117,0.2
Joint 6: ,0.1,-0.019,-0.138,0.039,0.184,0.212,0.22,0.274,0.323,0.304,0.317,0.33,0.252,0.077,-0.015,-0.108,-0.2
Trial,5,2D Sim,False,Distance Weight,0.9,Random Seed,75,Min Iterations,1200,Lazy,False,Distance cost,0.2922256659679024,Manip Cost,15.976710620387973,Total cost,1.860674161409909,Node cost function,False,Percent Manip Threshold,20,Update Path,False,Increasing weight,False,Parent finding radius R,0.9,Step Size,0.3,Goal Area Sample Probability,0.05,Goal Area Delta,0.6
Manipulability,0.032,0.053,0.053,0.052,0.061,0.06,0.059,0.055,0.042,0.05,0.062,0.087,0.105,0.103,0.1,0.099
Distance to Last Node,0.0,0.229,0.289,0.265,0.289,0.266,0.266,0.283,0.3,0.268,0.425,0.266,0.295,0.291,0.347,0.347
Joint 0: ,-1.7,-1.752,-1.517,-1.272,-1.031,-0.805,-0.58,-0.354,-0.077,0.152,0.428,0.631,0.884,1.161,1.428,1.695
Joint 1: ,-1.0,-0.93,-0.869,-0.845,-0.864,-0.89,-0.915,-0.893,-0.85,-0.817,-0.836,-0.895,-0.951,-0.942,-0.969,-0.996
Joint 2: ,0.2,0.279,0.271,0.284,0.324,0.338,0.352,0.386,0.408,0.377,0.204,0.2,0.22,0.284,0.389,0.494
Joint 3: ,-0.1,-0.094,-0.157,-0.173,-0.115,-0.083,-0.051,-0.038,-0.076,-0.147,-0.21,-0.078,0.051,0.08,0.178,0.276
Joint 4: ,0.3,0.269,0.157,0.069,-0.036,-0.087,-0.138,-0.207,-0.178,-0.253,-0.038,0.017,0.043,0.033,-0.078,-0.188
Joint 5: ,0.2,0.305,0.341,0.35,0.364,0.333,0.301,0.275,0.244,0.318,0.417,0.476,0.466,0.437,0.324,0.212
Joint 6: ,0.1,0.264,0.346,0.383,0.289,0.168,0.047,-0.1,-0.187,-0.219,-0.34,-0.385,-0.343,-0.3,-0.25,-0.2
Trial,1,2D Sim,False,Distance Weight,0.85,Random Seed,15,Min Iterations,1200,Lazy,False,Distance cost,0.8979203068625581,Manip Cost,9.921342073503624,Total cost,2.251433571858718,Node cost function,False,Percent Manip Threshold,20,Update Path,False,Increasing weight,False,Parent finding radius R,0.9,Step Size,0.3,Goal Area Sample Probability,0.05,Goal Area Delta,0.6
Manipulability,0.032,0.045,0.028,0.024,0.02,0.037,0.052,0.069,0.086,0.095,0.109,0.115,0.127,0.133,0.137,0.15,0.174,0.19,0.187,0.187,0.165,0.143,0.137,0.131,0.136,0.139,0.146,0.152,0.154,0.155,0.157,0.165,0.172,0.173,0.169,0.204,0.201,0.22,0.236,0.206,0.16,0.101
Distance to Last Node,0.0,0.3,0.265,0.232,0.232,0.298,0.278,0.278,0.436,0.373,0.303,0.293,0.376,0.294,0.277,0.402,0.392,0.297,0.441,0.441,0.391,0.391,0.288,0.288,0.31,0.31,0.35,0.35,0.27,0.27,0.27,0.375,0.375,0.255,0.255,0.375,0.401,0.417,0.417,0.441,0.295,0.295
Joint 0: ,-1.7,-1.503,-1.295,-1.081,-0.868,-0.62,-0.403,-0.187,0.048,0.193,0.341,0.61,0.904,1.15,1.352,1.617,1.819,1.878,1.697,1.517,1.791,2.065,2.043,2.02,1.914,1.807,1.576,1.345,1.597,1.85,2.103,1.992,1.882,1.954,2.025,1.915,2.049,1.801,1.554,1.799,1.75,1.7
Joint 1: ,-1.0,-0.987,-0.945,-0.951,-0.958,-0.987,-1.014,-1.041,-1.061,-1.027,-0.996,-0.972,-0.986,-1.032,-1.094,-1.173,-1.242,-1.335,-1.308,-1.282,-1.257,-1.232,-1.283,-1.333,-1.257,-1.181,-1.201,-1.221,-1.229,-1.237,-1.245,-1.226,-1.207,-1.274,-1.341,-1.325,-1.275,-1.317,-1.359,-1.192,-1.096,-1.0
Joint 2: ,0.2,0.036,0.1,0.132,0.163,0.198,0.277,0.355,0.634,0.873,0.986,0.978,0.913,0.811,0.7,0.518,0.43,0.41,0.516,0.622,0.542,0.463,0.544,0.624,0.692,0.759,0.701,0.642,0.684,0.726,0.767,0.561,0.354,0.452,0.55,0.382,0.662,0.389,0.116,0.385,0.442,0.5
Joint 3: ,-0.1,-0.074,-0.068,-0.047,-0.026,0.073,0.185,0.297,0.463,0.571,0.673,0.666,0.596,0.535,0.539,0.597,0.767,0.879,0.707,0.535,0.543,0.551,0.389,0.227,0.314,0.4,0.363,0.326,0.301,0.276,0.252,0.466,0.681,0.626,0.572,0.599,0.512,0.552,0.593,0.551,0.426,0.3
Joint 4: ,0.3,0.165,0.292,0.359,0.427,0.383,0.363,0.342,0.412,0.273,0.118,0.052,-0.057,-0.102,-0.146,-0.283,-0.477,-0.689,-0.404,-0.12,-0.329,-0.538,-0.36,-0.182,-0.1,-0.018,-0.051,-0.083,-0.126,-0.169,-0.211,-0.13,-0.05,-0.254,-0.459,-0.357,-0.311,-0.316,-0.321,-0.384,-0.292,-0.2
Joint 5: ,0.2,0.242,0.173,0.144,0.114,0.104,0.055,0.006,-0.121,-0.211,-0.221,-0.133,0.051,0.132,0.121,0.102,0.055,-0.014,0.158,0.33,0.2,0.07,0.185,0.299,0.26,0.221,0.286,0.35,0.377,0.403,0.429,0.292,0.156,0.152,0.149,0.381,0.468,0.568,0.667,0.615,0.408,0.2
Joint 6: ,0.1,0.043,0.062,0.028,-0.006,-0.122,-0.211,-0.301,-0.208,-0.065,0.081,0.109,0.089,0.062,-0.071,-0.243,-0.421,-0.537,-0.438,-0.34,-0.439,-0.538,-0.491,-0.444,-0.202,0.041,-0.201,-0.443,-0.507,-0.572,-0.636,-0.518,-0.399,-0.433,-0.468,-0.281,-0.491,-0.333,-0.176,-0.335,-0.267,-0.2
Trial,2,2D Sim,False,Distance Weight,0.85,Random Seed,30,Min Iterations,1200,Lazy,False,Distance cost,0.32624496576377643,Manip Cost,14.179223638500046,Total cost,2.4041917666742174,Node cost function,False,Percent Manip Threshold,20,Update Path,False,Increasing weight,False,Parent finding radius R,0.9,Step Size,0.3,Goal Area Sample Probability,0.05,Goal Area Delta,0.6
Manipulability,0.032,0.052,0.062,0.063,0.085,0.094,0.088,0.07,0.055,0.054,0.057,0.062,0.099,0.14,0.12,0.102
Distance to Last Node,0.0,0.371,0.402,0.278,0.449,0.279,0.245,0.362,0.259,0.296,0.296,0.296,0.389,0.389,0.315,0.315
Joint 0: ,-1.7,-1.493,-1.277,-1.157,-0.907,-0.664,-0.45,-0.151,0.083,0.342,0.601,0.86,1.119,1.378,1.539,1.701
Joint 1: ,-1.0,-0.902,-0.823,-0.818,-0.919,-0.938,-0.888,-0.794,-0.767,-0.788,-0.809,-0.831,-0.958,-1.085,-1.045,-1.005
Joint 2: ,0.2,0.088,-0.092,-0.236,-0.432,-0.45,-0.435,-0.336,-0.292,-0.201,-0.111,-0.021,0.197,0.415,0.456,0.498
Joint 3: ,-0.1,-0.141,-0.179,-0.138,-0.112,-0.125,-0.145,-0.223,-0.215,-0.163,-0.111,-0.059,0.026,0.112,0.208,0.304
Joint 4: ,0.3,0.099,-0.139,-0.338,-0.599,-0.664,-0.693,-0.712,-0.687,-0.627,-0.568,-0.508,-0.485,-0.461,-0.334,-0.208
Joint 5: ,0.2,0.321,0.402,0.376,0.417,0.459,0.449,0.385,0.307,0.312,0.317,0.322,0.433,0.544,0.371,0.198
Joint 6: ,0.1,-0.027,-0.133,-0.126,-0.269,-0.376,-0.475,-0.588,-0.641,-0.566,-0.491,-0.415,-0.426,-0.437,-0.317,-0.197
Trial,3,2D Sim,False,Distance Weight,0.85,Random Seed,45,Min Iterations,1200,Lazy,False,Distance cost,0.6386315860875209,Manip Cost,9.588077305006951,Total cost,1.9810484439254354,Node cost function,False,Percent Manip Threshold,20,Update Path,False,Increasing weight,False,Parent finding radius R,0.9,Step Size,0.3,Goal Area Sample Probability,0.05,Goal Area Delta,0.6
Manipulability,0.032,0.038,0.042,0.043,0.056,0.089,0.111,0.131,0.148,0.153,0.087,0.035,0.098,0.156,0.14,0.124,0.107,0.115,0.144,0.172,0.168,0.161,0.169,0.174,0.177,0.187,0.194,0.194,0.185,0.174,0.107
Distance to Last Node,0.0,0.211,0.211,0.275,0.392,0.271,0.262,0.262,0.262,0.3,0.412,0.411,0.319,0.319,0.292,0.292,0.292,0.369,0.397,0.397,0.292,0.292,0.263,0.263,0.425,0.392,0.392,0.334,0.298,0.298,0.473
Joint 0: ,-1.7,-1.546,-1.392,-1.131,-0.838,-0.635,-0.429,-0.222,-0.016,0.191,0.468,0.639,0.703,0.766,0.985,1.203,1.422,1.206,1.337,1.467,1.402,1.336,1.391,1.447,1.329,1.462,1.596,1.558,1.58,1.601,1.687
Joint 1: ,-1.0,-0.882,-0.765,-0.768,-0.698,-0.686,-0.648,-0.61,-0.571,-0.709,-0.785,-0.874,-0.961,-1.048,-1.044,-1.039,-1.034,-1.06,-1.207,-1.354,-1.343,-1.333,-1.306,-1.28,-1.16,-1.18,-1.199,-1.337,-1.271,-1.205,-1.025
Joint 2: ,0.2,0.199,0.199,0.174,0.067,0.172,0.282,0.393,0.503,0.419,0.391,0.293,0.214,0.135,0.206,0.276,0.347,0.36,0.455,0.55,0.446,0.342,0.369,0.396,0.288,0.419,0.549,0.649,0.534,0.42,0.487
Joint 3: ,-0.1,-0.143,-0.185,-0.215,-0.337,-0.414,-0.439,-0.464,-0.489,-0.446,-0.294,-0.118,0.038,0.193,0.236,0.279,0.322,0.408,0.396,0.384,0.393,0.403,0.412,0.422,0.282,0.404,0.525,0.4,0.44,0.479,0.321
Joint 4: ,0.3,0.296,0.292,0.215,0.271,0.354,0.399,0.443,0.487,0.376,0.168,0.048,-0.067,-0.181,-0.088,0.005,0.099,0.045,0.213,0.381,0.126,-0.128,0.118,0.365,0.245,0.5,0.756,0.522,0.287,0.052,-0.197
Joint 5: ,0.2,0.256,0.312,0.319,0.171,0.089,-0.007,-0.102,-0.197,-0.187,-0.047,0.23,0.423,0.617,0.478,0.34,0.201,0.148,0.256,0.363,0.317,0.271,0.326,0.382,0.606,0.585,0.564,0.503,0.431,0.358,0.202
Joint 6: ,0.1,0.055,0.01,-0.002,-0.108,-0.146,-0.179,-0.211,-0.243,-0.327,-0.326,-0.33,-0.426,-0.521,-0.471,-0.42,-0.369,-0.644,-0.379,-0.114,-0.17,-0.225,-0.202,-0.178,-0.415,-0.22,-0.025,-0.111,-0.015,0.081,-0.179
Trial,4,2D Sim,False,Distance Weight,0.85,Random Seed,60,Min Iterations,1200,Lazy,False,Distance cost,0.3177016382877118,Manip Cost,13.393861136179938,Total cost,2.279125562971546,Node cost function,False,Percent Manip Threshold,20,Update Path,False,Increasing weight,False,Parent finding radius R,0.9,Step Size,0.3,Goal Area Sample Probability,0.05,Goal Area Delta,0.6
Manipulability,0.032,0.077,0.168,0.139,0.104,0.074,0.079,0.087,0.08,0.071,0.061,0.057,0.044,0.051,0.067,0.084,0.101
Distance to Last Node,0.0,0.298,0.298,0.36,0.373,0.36,0.258,0.292,0.28,0.264,0.228,0.228,0.296,0.396,0.293,0.293,0.293
Joint 0: ,-1.7,-1.612,-1.524,-1.396,-1.208,-0.948,-0.714,-0.465,-0.211,0.035,0.242,0.449,0.707,0.96,1.207,1.453,1.7
Joint 1: ,-1.0,-0.995,-0.991,-0.85,-0.851,-0.882,-0.856,-0.843,-0.845,-0.864,-0.874,-0.884,-0.912,-0.962,-0.975,-0.987,-1.0
Joint 2: ,0.2,0.242,0.285,0.482,0.687,0.835,0.904,0.869,0.85,0.829,0.83,0.831,0.841,0.787,0.691,0.596,0.5
Joint 3: ,-0.1,-0.312,-0.524,-0.4,-0.218,-0.063,-0.065,-0.019,0.053,0.11,0.201,0.292,0.302,0.27,0.28,0.29,0.3
Joint 4: ,0.3,0.244,0.187,0.241,0.18,0.064,-0.013,-0.112,-0.183,-0.25,-0.23,-0.21,-0.244,-0.17,-0.18,-0.19,-0.2
Joint 5: ,0.2,0.071,-0.059,-0.129,-0.195,-0.225,-0.249,-0.329,-0.363,-0.364,-0.376,-0.388,-0.273,-0.05,0.033,0.117,0.2
Joint 6: ,0.1,-0.019,-0.138,0.039,0.184,0.212,0.22,0.274,0.323,0.304,0.317,0.33,0.252,0.077,-0.015,-0.108,-0.2
Trial,5,2D Sim,False,Distance Weight,0.85,Random Seed,75,Min Iterations,1200,Lazy,False,Distance cost,0.2922256659679024,Manip Cost,15.976710620387973,Total cost,2.6448984091309136,Node cost function,False,Percent Manip Threshold,20,Update Path,False,Increasing weight,False,Parent finding radius R,0.9,Step Size,0.3,Goal Area Sample Probability,0.05,Goal Area Delta,0.6
Manipulability,0.032,0.053,0.053,0.052,0.061,0.06,0.059,0.055,0.042,0.05,0.062,0.087,0.105,0.103,0.1,0.099
Distance to Last Node,0.0,0.229,0.289,0.265,0.289,0.266,0.266,0.283,0.3,0.268,0.425,0.266,0.295,0.291,0.347,0.347
Joint 0: ,-1.7,-1.752,-1.517,-1.272,-1.031,-0.805,-0.58,-0.354,-0.077,0.152,0.428,0.631,0.884,1.161,1.428,1.695
Joint 1: ,-1.0,-0.93,-0.869,-0.845,-0.864,-0.89,-0.915,-0.893,-0.85,-0.817,-0.836,-0.895,-0.951,-0.942,-0.969,-0.996
Joint 2: ,0.2,0.279,0.271,0.284,0.324,0.338,0.352,0.386,0.408,0.377,0.204,0.2,0.22,0.284,0.389,0.494
Joint 3: ,-0.1,-0.094,-0.157,-0.173,-0.115,-0.083,-0.051,-0.038,-0.076,-0.147,-0.21,-0.078,0.051,0.08,0.178,0.276
Joint 4: ,0.3,0.269,0.157,0.069,-0.036,-0.087,-0.138,-0.207,-0.178,-0.253,-0.038,0.017,0.043,0.033,-0.078,-0.188
Joint 5: ,0.2,0.305,0.341,0.35,0.364,0.333,0.301,0.275,0.244,0.318,0.417,0.476,0.466,0.437,0.324,0.212
Joint 6: ,0.1,0.264,0.346,0.383,0.289,0.168,0.047,-0.1,-0.187,-0.219,-0.34,-0.385,-0.343,-0.3,-0.25,-0.2
Trial,1,2D Sim,False,Distance Weight,0.8,Random Seed,15,Min Iterations,1200,Lazy,False,Distance cost,1.0286393604285156,Manip Cost,9.508676664543836,Total cost,2.724646821251579,Node cost function,False,Percent Manip Threshold,20,Update Path,False,Increasing weight,False,Parent finding radius R,0.9,Step Size,0.3,Goal Area Sample Probability,0.05,Goal Area Delta,0.6
Manipulability,0.032,0.045,0.028,0.024,0.02,0.037,0.052,0.069,0.086,0.095,0.109,0.115,0.127,0.133,0.137,0.15,0.174,0.19,0.187,0.187,0.165,0.143,0.137,0.131,0.136,0.139,0.146,0.152,0.154,0.155,0.157,0.142,0.161,0.172,0.173,0.169,0.146,0.151,0.156,0.157,0.161,0.207,0.203,0.221,0.236,0.216,0.162,0.101
Distance to Last Node,0.0,0.3,0.265,0.232,0.232,0.298,0.278,0.278,0.436,0.373,0.303,0.293,0.376,0.294,0.277,0.402,0.392,0.297,0.441,0.441,0.391,0.391,0.288,0.288,0.31,0.31,0.35,0.35,0.27,0.27,0.27,0.267,0.322,0.322,0.255,0.255,0.295,0.393,0.393,0.398,0.398,0.364,0.417,0.408,0.408,0.304,0.339,0.339
Joint 0: ,-1.7,-1.503,-1.295,-1.081,-0.868,-0.62,-0.403,-0.187,0.048,0.193,0.341,0.61,0.904,1.15,1.352,1.617,1.819,1.878,1.697,1.517,1.791,2.065,2.043,2.02,1.914,1.807,1.576,1.345,1.597,1.85,2.103,2.077,1.979,1.882,1.954,2.025,1.879,1.626,1.373,1.59,1.807,1.805,1.994,1.774,1.554,1.767,1.734,1.7
Joint 1: ,-1.0,-0.987,-0.945,-0.951,-0.958,-0.987,-1.014,-1.041,-1.061,-1.027,-0.996,-0.972,-0.986,-1.032,-1.094,-1.173,-1.242,-1.335,-1.308,-1.282,-1.257,-1.232,-1.283,-1.333,-1.257,-1.181,-1.201,-1.221,-1.229,-1.237,-1.245,-1.325,-1.266,-1.207,-1.274,-1.341,-1.228,-1.273,-1.318,-1.368,-1.419,-1.363,-1.294,-1.327,-1.359,-1.316,-1.158,-1.0
Joint 2: ,0.2,0.036,0.1,0.132,0.163,0.198,0.277,0.355,0.634,0.873,0.986,0.978,0.913,0.811,0.7,0.518,0.43,0.41,0.516,0.622,0.542,0.463,0.544,0.624,0.692,0.759,0.701,0.642,0.684,0.726,0.767,0.795,0.575,0.354,0.452,0.55,0.56,0.486,0.412,0.577,0.743,0.478,0.71,0.413,0.116,0.141,0.321,0.5
Joint 3: ,-0.1,-0.074,-0.068,-0.047,-0.026,0.073,0.185,0.297,0.463,0.571,0.673,0.666,0.596,0.535,0.539,0.597,0.767,0.879,0.707,0.535,0.543,0.551,0.389,0.227,0.314,0.4,0.363,0.326,0.301,0.276,0.252,0.309,0.495,0.681,0.626,0.572,0.539,0.544,0.549,0.372,0.194,0.411,0.417,0.505,0.593,0.483,0.391,0.3
Joint 4: ,0.3,0.165,0.292,0.359,0.427,0.383,0.363,0.342,0.412,0.273,0.118,0.052,-0.057,-0.102,-0.146,-0.283,-0.477,-0.689,-0.404,-0.12,-0.329,-0.538,-0.36,-0.182,-0.1,-0.018,-0.051,-0.083,-0.126,-0.169,-0.211,-0.176,-0.113,-0.05,-0.254,-0.459,-0.527,-0.295,-0.063,-0.102,-0.14,-0.198,-0.231,-0.276,-0.321,-0.316,-0.258,-0.2
Joint 5: ,0.2,0.242,0.173,0.144,0.114,0.104,0.055,0.006,-0.121,-0.211,-0.221,-0.133,0.051,0.132,0.121,0.102,0.055,-0.014,0.158,0.33,0.2,0.07,0.185,0.299,0.26,0.221,0.286,0.35,0.377,0.403,0.429,0.269,0.212,0.156,0.152,0.149,0.103,0.099,0.095,0.27,0.444,0.528,0.542,0.604,0.667,0.599,0.399,0.2
Joint 6: ,0.1,0.043,0.062,0.028,-0.006,-0.122,-0.211,-0.301,-0.208,-0.065,0.081,0.109,0.089,0.062,-0.071,-0.243,-0.421,-0.537,-0.438,-0.34,-0.439,-0.538,-0.491,-0.444,-0.202,0.041,-0.201,-0.443,-0.507,-0.572,-0.636,-0.453,-0.426,-0.399,-0.433,-0.468,-0.255,-0.085,0.086,-0.05,-0.186,-0.14,-0.42,-0.298,-0.176,-0.341,-0.27,-0.2
Trial,2,2D Sim,False,Distance Weight,0.8,Random Seed,30,Min Iterations,1200,Lazy,False,Distance cost,0.5118907569343499,Manip Cost,13.243929265081082,Total cost,3.0582984585636956,Node cost function,False,Percent Manip Threshold,20,Update Path,False,Increasing weight,False,Parent finding radius R,0.9,Step Size,0.3,Goal Area Sample Probability,0.05,Goal Area Delta,0.6
Manipulability,0.032,0.052,0.062,0.063,0.085,0.094,0.088,0.07,0.055,0.054,0.047,0.038,0.04,0.045,0.055,0.122,0.19,0.22,0.24,0.217,0.182,0.143,0.102
Distance to Last Node,0.0,0.371,0.402,0.278,0.449,0.279,0.245,0.362,0.259,0.296,0.275,0.258,0.288,0.38,0.414,0.438,0.438,0.388,0.388,0.448,0.448,0.323,0.323
Joint 0: ,-1.7,-1.493,-1.277,-1.157,-0.907,-0.664,-0.45,-0.151,0.083,0.342,0.559,0.795,1.048,1.348,1.594,1.725,1.856,2.027,2.198,2.077,1.956,1.829,1.701
Joint 1: ,-1.0,-0.902,-0.823,-0.818,-0.919,-0.938,-0.888,-0.794,-0.767,-0.788,-0.821,-0.823,-0.798,-0.802,-0.928,-1.142,-1.356,-1.424,-1.492,-1.412,-1.331,-1.168,-1.005
Joint 2: ,0.2,0.088,-0.092,-0.236,-0.432,-0.45,-0.435,-0.336,-0.292,-0.201,-0.09,-0.021,0.111,0.32,0.514,0.427,0.34,0.271,0.203,0.392,0.581,0.539,0.498
Joint 3: ,-0.1,-0.141,-0.179,-0.138,-0.112,-0.125,-0.145,-0.223,-0.215,-0.163,-0.147,-0.124,-0.137,-0.084,0.118,0.403,0.689,0.85,1.012,0.75,0.487,0.395,0.304
Joint 4: ,0.3,0.099,-0.139,-0.338,-0.599,-0.664,-0.693,-0.712,-0.687,-0.627,-0.548,-0.498,-0.481,-0.484,-0.49,-0.425,-0.36,-0.423,-0.486,-0.502,-0.518,-0.363,-0.208
Joint 5: ,0.2,0.321,0.402,0.376,0.417,0.459,0.449,0.385,0.307,0.312,0.269,0.219,0.243,0.257,0.147,0.152,0.156,0.193,0.229,0.281,0.333,0.266,0.198
Joint 6: ,0.1,-0.027,-0.133,-0.126,-0.269,-0.376,-0.475,-0.588,-0.641,-0.566,-0.485,-0.457,-0.46,-0.37,-0.306,-0.118,0.07,0.355,0.639,0.37,0.102,-0.048,-0.197
Trial,3,2D Sim,False,Distance Weight,0.8,Random Seed,45,Min Iterations,1200,Lazy,False,Distance cost,0.8239559970808731,Manip Cost,8.844143415532525,Total cost,2.427993480771203,Node cost function,False,Percent Manip Threshold,20,Update Path,False,Increasing weight,False,Parent finding radius R,0.9,Step Size,0.3,Goal Area Sample Probability,0.05,Goal Area Delta,0.6
Manipulability,0.032,0.038,0.042,0.043,0.056,0.089,0.111,0.131,0.148,0.153,0.087,0.035,0.098,0.156,0.14,0.124,0.107,0.115,0.144,0.172,0.168,0.161,0.169,0.174,0.177,0.187,0.194,0.152,0.145,0.137,0.158,0.151,0.142,0.178,0.193,0.195,0.199,0.16,0.101
Distance to Last Node,0.0,0.211,0.211,0.275,0.392,0.271,0.262,0.262,0.262,0.3,0.412,0.411,0.319,0.319,0.292,0.292,0.292,0.369,0.397,0.397,0.292,0.292,0.263,0.263,0.425,0.392,0.392,0.448,0.277,0.277,0.324,0.295,0.295,0.418,0.418,0.363,0.363,0.374,0.358
Joint 0: ,-1.7,-1.546,-1.392,-1.131,-0.838,-0.635,-0.429,-0.222,-0.016,0.191,0.468,0.639,0.703,0.766,0.985,1.203,1.422,1.206,1.337,1.467,1.402,1.336,1.391,1.447,1.329,1.462,1.596,1.395,1.407,1.418,1.469,1.442,1.416,1.672,1.928,1.743,1.558,1.628,1.7
Joint 1: ,-1.0,-0.882,-0.765,-0.768,-0.698,-0.686,-0.648,-0.61,-0.571,-0.709,-0.785,-0.874,-0.961,-1.048,-1.044,-1.039,-1.034,-1.06,-1.207,-1.354,-1.343,-1.333,-1.306,-1.28,-1.16,-1.18,-1.199,-1.126,-1.173,-1.22,-1.348,-1.333,-1.318,-1.224,-1.13,-1.146,-1.163,-1.103,-1.0
Joint 2: ,0.2,0.199,0.199,0.174,0.067,0.172,0.282,0.393,0.503,0.419,0.391,0.293,0.214,0.135,0.206,0.276,0.347,0.36,0.455,0.55,0.446,0.342,0.369,0.396,0.288,0.419,0.549,0.455,0.37,0.286,0.517,0.478,0.439,0.537,0.634,0.354,0.074,0.289,0.5
Joint 3: ,-0.1,-0.143,-0.185,-0.215,-0.337,-0.414,-0.439,-0.464,-0.489,-0.446,-0.294,-0.118,0.038,0.193,0.236,0.279,0.322,0.408,0.396,0.384,0.393,0.403,0.412,0.422,0.282,0.404,0.525,0.293,0.331,0.368,0.322,0.369,0.415,0.528,0.641,0.679,0.718,0.52,0.3
Joint 4: ,0.3,0.296,0.292,0.215,0.271,0.354,0.399,0.443,0.487,0.376,0.168,0.048,-0.067,-0.181,-0.088,0.005,0.099,0.045,0.213,0.381,0.126,-0.128,0.118,0.365,0.245,0.5,0.756,0.471,0.38,0.289,0.288,0.02,-0.249,-0.457,-0.666,-0.538,-0.41,-0.257,-0.2
Joint 5: ,0.2,0.256,0.312,0.319,0.171,0.089,-0.007,-0.102,-0.197,-0.187,-0.047,0.23,0.423,0.617,0.478,0.34,0.201,0.148,0.256,0.363,0.317,0.271,0.326,0.382,0.606,0.585,0.564,0.461,0.352,0.244,0.343,0.254,0.166,0.343,0.52,0.493,0.466,0.324,0.2
Joint 6: ,0.1,0.055,0.01,-0.002,-0.108,-0.146,-0.179,-0.211,-0.243,-0.327,-0.326,-0.33,-0.426,-0.521,-0.471,-0.42,-0.369,-0.644,-0.379,-0.114,-0.17,-0.225,-0.202,-0.178,-0.415,-0.22,-0.025,-0.056,-0.271,-0.485,-0.341,-0.294,-0.246,-0.191,-0.137,-0.128,-0.119,-0.167,-0.2
Trial,4,2D Sim,False,Distance Weight,0.8,Random Seed,60,Min Iterations,1200,Lazy,False,Distance cost,0.3177016382877118,Manip Cost,13.393861136179938,Total cost,2.9329335378661563,Node cost function,False,Percent Manip Threshold,20,Update Path,False,Increasing weight,False,Parent finding radius R,0.9,Step Size,0.3,Goal Area Sample Probability,0.05,Goal Area Delta,0.6
Manipulability,0.032,0.077,0.168,0.139,0.104,0.074,0.079,0.087,0.08,0.071,0.061,0.057,0.044,0.051,0.067,0.084,0.101
Distance to Last Node,0.0,0.298,0.298,0.36,0.373,0.36,0.258,0.292,0.28,0.264,0.228,0.228,0.296,0.396,0.293,0.293,0.293
Joint 0: ,-1.7,-1.612,-1.524,-1.396,-1.208,-0.948,-0.714,-0.465,-0.211,0.035,0.242,0.449,0.707,0.96,1.207,1.453,1.7
Joint 1: ,-1.0,-0.995,-0.991,-0.85,-0.851,-0.882,-0.856,-0.843,-0.845,-0.864,-0.874,-0.884,-0.912,-0.962,-0.975,-0.987,-1.0
Joint 2: ,0.2,0.242,0.285,0.482,0.687,0.835,0.904,0.869,0.85,0.829,0.83,0.831,0.841,0.787,0.691,0.596,0.5
Joint 3: ,-0.1,-0.312,-0.524,-0.4,-0.218,-0.063,-0.065,-0.019,0.053,0.11,0.201,0.292,0.302,0.27,0.28,0.29,0.3
Joint 4: ,0.3,0.244,0.187,0.241,0.18,0.064,-0.013,-0.112,-0.183,-0.25,-0.23,-0.21,-0.244,-0.17,-0.18,-0.19,-0.2
Joint 5: ,0.2,0.071,-0.059,-0.129,-0.195,-0.225,-0.249,-0.329,-0.363,-0.364,-0.376,-0.388,-0.273,-0.05,0.033,0.117,0.2
Joint 6: ,0.1,-0.019,-0.138,0.039,0.184,0.212,0.22,0.274,0.323,0.304,0.317,0.33,0.252,0.077,-0.015,-0.108,-0.2
Trial,5,2D Sim,False,Distance Weight,0.8,Random Seed,75,Min Iterations,1200,Lazy,False,Distance cost,0.2922256659679024,Manip Cost,15.976710620387973,Total cost,3.4291226568519155,Node cost function,False,Percent Manip Threshold,20,Update Path,False,Increasing weight,False,Parent finding radius R,0.9,Step Size,0.3,Goal Area Sample Probability,0.05,Goal Area Delta,0.6
Manipulability,0.032,0.053,0.053,0.052,0.061,0.06,0.059,0.055,0.042,0.05,0.062,0.087,0.105,0.103,0.1,0.099
Distance to Last Node,0.0,0.229,0.289,0.265,0.289,0.266,0.266,0.283,0.3,0.268,0.425,0.266,0.295,0.291,0.347,0.347
Joint 0: ,-1.7,-1.752,-1.517,-1.272,-1.031,-0.805,-0.58,-0.354,-0.077,0.152,0.428,0.631,0.884,1.161,1.428,1.695
Joint 1: ,-1.0,-0.93,-0.869,-0.845,-0.864,-0.89,-0.915,-0.893,-0.85,-0.817,-0.836,-0.895,-0.951,-0.942,-0.969,-0.996
Joint 2: ,0.2,0.279,0.271,0.284,0.324,0.338,0.352,0.386,0.408,0.377,0.204,0.2,0.22,0.284,0.389,0.494
Joint 3: ,-0.1,-0.094,-0.157,-0.173,-0.115,-0.083,-0.051,-0.038,-0.076,-0.147,-0.21,-0.078,0.051,0.08,0.178,0.276
Joint 4: ,0.3,0.269,0.157,0.069,-0.036,-0.087,-0.138,-0.207,-0.178,-0.253,-0.038,0.017,0.043,0.033,-0.078,-0.188
Joint 5: ,0.2,0.305,0.341,0.35,0.364,0.333,0.301,0.275,0.244,0.318,0.417,0.476,0.466,0.437,0.324,0.212
Joint 6: ,0.1,0.264,0.346,0.383,0.289,0.168,0.047,-0.1,-0.187,-0.219,-0.34,-0.385,-0.343,-0.3,-0.25,-0.2
Trial,1,2D Sim,False,Distance Weight,0.7,Random Seed,15,Min Iterations,1200,Lazy,False,Distance cost,1.2036715855408524,Manip Cost,9.121090345998208,Total cost,3.5788972136780597,Node cost function,False,Percent Manip Threshold,20,Update Path,False,Increasing weight,False,Parent finding radius R,0.9,Step Size,0.3,Goal Area Sample Probability,0.05,Goal Area Delta,0.6
Manipulability,0.032,0.045,0.028,0.024,0.02,0.037,0.052,0.069,0.086,0.095,0.109,0.115,0.127,0.133,0.137,0.15,0.174,0.19,0.187,0.187,0.165,0.143,0.137,0.131,0.136,0.139,0.146,0.152,0.154,0.155,0.157,0.142,0.124,0.112,0.149,0.172,0.173,0.169,0.146,0.151,0.156,0.148,0.144,0.153,0.161,0.207,0.203,0.221,0.236,0.199,0.191,0.193,0.191,0.152,0.101
Distance to Last Node,0.0,0.3,0.265,0.232,0.232,0.298,0.278,0.278,0.436,0.373,0.303,0.293,0.376,0.294,0.277,0.402,0.392,0.297,0.441,0.441,0.391,0.391,0.288,0.288,0.31,0.31,0.35,0.35,0.27,0.27,0.27,0.267,0.267,0.444,0.376,0.376,0.255,0.255,0.295,0.393,0.393,0.421,0.421,0.395,0.395,0.364,0.417,0.408,0.408,0.418,0.3,0.289,0.289,0.34,0.34
Joint 0: ,-1.7,-1.503,-1.295,-1.081,-0.868,-0.62,-0.403,-0.187,0.048,0.193,0.341,0.61,0.904,1.15,1.352,1.617,1.819,1.878,1.697,1.517,1.791,2.065,2.043,2.02,1.914,1.807,1.576,1.345,1.597,1.85,2.103,2.077,2.051,1.872,1.877,1.882,1.954,2.025,1.879,1.626,1.373,1.439,1.505,1.656,1.807,1.805,1.994,1.774,1.554,1.772,1.981,1.943,1.906,1.803,1.7
Joint 1: ,-1.0,-0.987,-0.945,-0.951,-0.958,-0.987,-1.014,-1.041,-1.061,-1.027,-0.996,-0.972,-0.986,-1.032,-1.094,-1.173,-1.242,-1.335,-1.308,-1.282,-1.257,-1.232,-1.283,-1.333,-1.257,-1.181,-1.201,-1.221,-1.229,-1.237,-1.245,-1.325,-1.405,-1.316,-1.261,-1.207,-1.274,-1.341,-1.228,-1.273,-1.318,-1.339,-1.36,-1.389,-1.419,-1.363,-1.294,-1.327,-1.359,-1.369,-1.272,-1.191,-1.109,-1.055,-1.0
Joint 2: ,0.2,0.036,0.1,0.132,0.163,0.198,0.277,0.355,0.634,0.873,0.986,0.978,0.913,0.811,0.7,0.518,0.43,0.41,0.516,0.622,0.542,0.463,0.544,0.624,0.692,0.759,0.701,0.642,0.684,0.726,0.767,0.795,0.822,0.696,0.525,0.354,0.452,0.55,0.56,0.486,0.412,0.476,0.54,0.642,0.743,0.478,0.71,0.413,0.116,0.251,0.166,0.147,0.128,0.314,0.5
Joint 3: ,-0.1,-0.074,-0.068,-0.047,-0.026,0.073,0.185,0.297,0.463,0.571,0.673,0.666,0.596,0.535,0.539,0.597,0.767,0.879,0.707,0.535,0.543,0.551,0.389,0.227,0.314,0.4,0.363,0.326,0.301,0.276,0.252,0.309,0.367,0.26,0.471,0.681,0.626,0.572,0.539,0.544,0.549,0.341,0.133,0.164,0.194,0.411,0.417,0.505,0.593,0.408,0.372,0.43,0.487,0.394,0.3
Joint 4: ,0.3,0.165,0.292,0.359,0.427,0.383,0.363,0.342,0.412,0.273,0.118,0.052,-0.057,-0.102,-0.146,-0.283,-0.477,-0.689,-0.404,-0.12,-0.329,-0.538,-0.36,-0.182,-0.1,-0.018,-0.051,-0.083,-0.126,-0.169,-0.211,-0.176,-0.141,-0.377,-0.214,-0.05,-0.254,-0.459,-0.527,-0.295,-0.063,-0.35,-0.637,-0.389,-0.14,-0.198,-0.231,-0.276,-0.321,-0.39,-0.312,-0.262,-0.212,-0.206,-0.2
Joint 5: ,0.2,0.242,0.173,0.144,0.114,0.104,0.055,0.006,-0.121,-0.211,-0.221,-0.133,0.051,0.132,0.121,0.102,0.055,-0.014,0.158,0.33,0.2,0.07,0.185,0.299,0.26,0.221,0.286,0.35,0.377,0.403,0.429,0.269,0.109,0.188,0.172,0.156,0.152,0.149,0.103,0.099,0.095,0.27,0.446,0.445,0.444,0.528,0.542,0.604,0.667,0.481,0.53,0.583,0.635,0.418,0.2
Joint 6: ,0.1,0.043,0.062,0.028,-0.006,-0.122,-0.211,-0.301,-0.208,-0.065,0.081,0.109,0.089,0.062,-0.071,-0.243,-0.421,-0.537,-0.438,-0.34,-0.439,-0.538,-0.491,-0.444,-0.202,0.041,-0.201,-0.443,-0.507,-0.572,-0.636,-0.453,-0.271,-0.01,-0.204,-0.399,-0.433,-0.468,-0.255,-0.085,0.086,0.194,0.303,0.058,-0.186,-0.14,-0.42,-0.298,-0.176,-0.364,-0.506,-0.247,0.012,-0.094,-0.2
Trial,2,2D Sim,False,Distance Weight,0.7,Random Seed,30,Min Iterations,1200,Lazy,False,Distance cost,0.5118907569343499,Manip Cost,13.243929265081082,Total cost,4.33150230937837,Node cost function,False,Percent Manip Threshold,20,Update Path,False,Increasing weight,False,Parent finding radius R,0.9,Step Size,0.3,Goal Area Sample Probability,0.05,Goal Area Delta,0.6
Manipulability,0.032,0.052,0.062,0.063,0.085,0.094,0.088,0.07,0.055,0.054,0.047,0.038,0.04,0.045,0.055,0.122,0.19,0.22,0.24,0.217,0.182,0.143,0.102
Distance to Last Node,0.0,0.371,0.402,0.278,0.449,0.279,0.245,0.362,0.259,0.296,0.275,0.258,0.288,0.38,0.414,0.438,0.438,0.388,0.388,0.448,0.448,0.323,0.323
Joint 0: ,-1.7,-1.493,-1.277,-1.157,-0.907,-0.664,-0.45,-0.151,0.083,0.342,0.559,0.795,1.048,1.348,1.594,1.725,1.856,2.027,2.198,2.077,1.956,1.829,1.701
Joint 1: ,-1.0,-0.902,-0.823,-0.818,-0.919,-0.938,-0.888,-0.794,-0.767,-0.788,-0.821,-0.823,-0.798,-0.802,-0.928,-1.142,-1.356,-1.424,-1.492,-1.412,-1.331,-1.168,-1.005
Joint 2: ,0.2,0.088,-0.092,-0.236,-0.432,-0.45,-0.435,-0.336,-0.292,-0.201,-0.09,-0.021,0.111,0.32,0.514,0.427,0.34,0.271,0.203,0.392,0.581,0.539,0.498
Joint 3: ,-0.1,-0.141,-0.179,-0.138,-0.112,-0.125,-0.145,-0.223,-0.215,-0.163,-0.147,-0.124,-0.137,-0.084,0.118,0.403,0.689,0.85,1.012,0.75,0.487,0.395,0.304
Joint 4: ,0.3,0.099,-0.139,-0.338,-0.599,-0.664,-0.693,-0.712,-0.687,-0.627,-0.548,-0.498,-0.481,-0.484,-0.49,-0.425,-0.36,-0.423,-0.486,-0.502,-0.518,-0.363,-0.208
Joint 5: ,0.2,0.321,0.402,0.376,0.417,0.459,0.449,0.385,0.307,0.312,0.269,0.219,0.243,0.257,0.147,0.152,0.156,0.193,0.229,0.281,0.333,0.266,0.198
Joint 6: ,0.1,-0.027,-0.133,-0.126,-0.269,-0.376,-0.475,-0.588,-0.641,-0.566,-0.485,-0.457,-0.46,-0.37,-0.306,-0.118,0.07,0.355,0.639,0.37,0.102,-0.048,-0.197
Trial,3,2D Sim,False,Distance Weight,0.7,Random Seed,45,Min Iterations,1200,Lazy,False,Distance cost,0.9406645749348692,Manip Cost,8.725626494069495,Total cost,3.276153150675257,Node cost function,False,Percent Manip Threshold,20,Update Path,False,Increasing weight,False,Parent finding radius R,0.9,Step Size,0.3,Goal Area Sample Probability,0.05,Goal Area Delta,0.6
Manipulability,0.032,0.038,0.042,0.043,0.056,0.089,0.111,0.131,0.148,0.153,0.087,0.035,0.098,0.156,0.124,0.115,0.107,0.115,0.144,0.172,0.117,0.11,0.103,0.125,0.146,0.166,0.167,0.16,0.187,0.176,0.163,0.133,0.173,0.193,0.195,0.199,0.16,0.184,0.198,0.178,0.167,0.17,0.165,0.101
Distance to Last Node,0.0,0.211,0.211,0.275,0.392,0.271,0.262,0.262,0.262,0.3,0.412,0.411,0.319,0.319,0.358,0.313,0.313,0.369,0.397,0.397,0.462,0.29,0.29,0.29,0.29,0.29,0.343,0.343,0.3,0.3,0.375,0.375,0.397,0.397,0.363,0.363,0.52,0.343,0.343,0.269,0.295,0.283,0.283,0.382
Joint 0: ,-1.7,-1.546,-1.392,-1.131,-0.838,-0.635,-0.429,-0.222,-0.016,0.191,0.468,0.639,0.703,0.766,0.921,1.171,1.422,1.206,1.337,1.467,1.695,1.616,1.536,1.518,1.5,1.482,1.588,1.694,1.769,1.734,1.561,1.389,1.658,1.928,1.743,1.558,1.623,1.686,1.749,1.677,1.814,1.773,1.731,1.7
Joint 1: ,-1.0,-0.882,-0.765,-0.768,-0.698,-0.686,-0.648,-0.61,-0.571,-0.709,-0.785,-0.874,-0.961,-1.048,-1.07,-1.052,-1.034,-1.06,-1.207,-1.354,-1.16,-1.218,-1.276,-1.312,-1.349,-1.385,-1.217,-1.049,-1.133,-1.032,-1.168,-1.304,-1.217,-1.13,-1.146,-1.163,-1.139,-1.116,-1.092,-1.134,-1.059,-1.165,-1.271,-1.001
Joint 2: ,0.2,0.199,0.199,0.174,0.067,0.172,0.282,0.393,0.503,0.419,0.391,0.293,0.214,0.135,0.205,0.276,0.347,0.36,0.455,0.55,0.518,0.309,0.101,0.221,0.341,0.462,0.509,0.556,0.718,0.714,0.557,0.4,0.517,0.634,0.354,0.074,0.306,0.328,0.349,0.325,0.552,0.588,0.625,0.5
Joint 3: ,-0.1,-0.143,-0.185,-0.215,-0.337,-0.414,-0.439,-0.464,-0.489,-0.446,-0.294,-0.118,0.038,0.193,0.254,0.288,0.322,0.408,0.396,0.384,0.386,0.384,0.383,0.504,0.624,0.745,0.728,0.711,0.772,0.597,0.529,0.462,0.552,0.641,0.679,0.718,0.519,0.629,0.739,0.628,0.571,0.531,0.492,0.3
Joint 4: ,0.3,0.296,0.292,0.215,0.271,0.354,0.399,0.443,0.487,0.376,0.168,0.048,-0.067,-0.181,-0.081,0.009,0.099,0.045,0.213,0.381,0.158,0.048,-0.062,-0.167,-0.271,-0.376,-0.531,-0.685,-0.767,-0.637,-0.577,-0.518,-0.592,-0.666,-0.538,-0.41,-0.182,-0.279,-0.376,-0.451,-0.529,-0.297,-0.065,-0.199
Joint 5: ,0.2,0.256,0.312,0.319,0.171,0.089,-0.007,-0.102,-0.197,-0.187,-0.047,0.23,0.423,0.617,0.343,0.272,0.201,0.148,0.256,0.363,0.132,0.067,0.002,-0.034,-0.07,-0.106,0.058,0.221,0.342,0.5,0.289,0.078,0.299,0.52,0.493,0.466,0.286,0.428,0.571,0.354,0.395,0.314,0.233,0.201
Joint 6: ,0.1,0.055,0.01,-0.002,-0.108,-0.146,-0.179,-0.211,-0.243,-0.327,-0.326,-0.33,-0.426,-0.521,-0.621,-0.495,-0.369,-0.644,-0.379,-0.114,-0.253,-0.131,-0.01,0.193,0.396,0.599,0.441,0.282,0.121,0.045,-0.077,-0.199,-0.168,-0.137,-0.128,-0.119,0.177,-0.089,-0.354,-0.339,-0.31,-0.247,-0.184,-0.2
Trial,4,2D Sim,False,Distance Weight,0.7,Random Seed,60,Min Iterations,1200,Lazy,False,Distance cost,0.3177016382877118,Manip Cost,13.393861136179938,Total cost,4.240549487655381,Node cost function,False,Percent Manip Threshold,20,Update Path,False,Increasing weight,False,Parent finding radius R,0.9,Step Size,0.3,Goal Area Sample Probability,0.05,Goal Area Delta,0.6
Manipulability,0.032,0.077,0.168,0.139,0.104,0.074,0.079,0.087,0.08,0.071,0.061,0.057,0.044,0.051,0.067,0.084,0.101
Distance to Last Node,0.0,0.298,0.298,0.36,0.373,0.36,0.258,0.292,0.28,0.264,0.228,0.228,0.296,0.396,0.293,0.293,0.293
Joint 0: ,-1.7,-1.612,-1.524,-1.396,-1.208,-0.948,-0.714,-0.465,-0.211,0.035,0.242,0.449,0.707,0.96,1.207,1.453,1.7
Joint 1: ,-1.0,-0.995,-0.991,-0.85,-0.851,-0.882,-0.856,-0.843,-0.845,-0.864,-0.874,-0.884,-0.912,-0.962,-0.975,-0.987,-1.0
Joint 2: ,0.2,0.242,0.285,0.482,0.687,0.835,0.904,0.869,0.85,0.829,0.83,0.831,0.841,0.787,0.691,0.596,0.5
Joint 3: ,-0.1,-0.312,-0.524,-0.4,-0.218,-0.063,-0.065,-0.019,0.053,0.11,0.201,0.292,0.302,0.27,0.28,0.29,0.3
Joint 4: ,0.3,0.244,0.187,0.241,0.18,0.064,-0.013,-0.112,-0.183,-0.25,-0.23,-0.21,-0.244,-0.17,-0.18,-0.19,-0.2
Joint 5: ,0.2,0.071,-0.059,-0.129,-0.195,-0.225,-0.249,-0.329,-0.363,-0.364,-0.376,-0.388,-0.273,-0.05,0.033,0.117,0.2
Joint 6: ,0.1,-0.019,-0.138,0.039,0.184,0.212,0.22,0.274,0.323,0.304,0.317,0.33,0.252,0.077,-0.015,-0.108,-0.2
Trial,5,2D Sim,False,Distance Weight,0.7,Random Seed,75,Min Iterations,1200,Lazy,False,Distance cost,0.2922256659679024,Manip Cost,15.976710620387973,Total cost,4.997571152293925,Node cost function,False,Percent Manip Threshold,20,Update Path,False,Increasing weight,False,Parent finding radius R,0.9,Step Size,0.3,Goal Area Sample Probability,0.05,Goal Area Delta,0.6
Manipulability,0.032,0.053,0.053,0.052,0.061,0.06,0.059,0.055,0.042,0.05,0.062,0.087,0.105,0.103,0.1,0.099
Distance to Last Node,0.0,0.229,0.289,0.265,0.289,0.266,0.266,0.283,0.3,0.268,0.425,0.266,0.295,0.291,0.347,0.347
Joint 0: ,-1.7,-1.752,-1.517,-1.272,-1.031,-0.805,-0.58,-0.354,-0.077,0.152,0.428,0.631,0.884,1.161,1.428,1.695
Joint 1: ,-1.0,-0.93,-0.869,-0.845,-0.864,-0.89,-0.915,-0.893,-0.85,-0.817,-0.836,-0.895,-0.951,-0.942,-0.969,-0.996
Joint 2: ,0.2,0.279,0.271,0.284,0.324,0.338,0.352,0.386,0.408,0.377,0.204,0.2,0.22,0.284,0.389,0.494
Joint 3: ,-0.1,-0.094,-0.157,-0.173,-0.115,-0.083,-0.051,-0.038,-0.076,-0.147,-0.21,-0.078,0.051,0.08,0.178,0.276
Joint 4: ,0.3,0.269,0.157,0.069,-0.036,-0.087,-0.138,-0.207,-0.178,-0.253,-0.038,0.017,0.043,0.033,-0.078,-0.188
Joint 5: ,0.2,0.305,0.341,0.35,0.364,0.333,0.301,0.275,0.244,0.318,0.417,0.476,0.466,0.437,0.324,0.212
Joint 6: ,0.1,0.264,0.346,0.383,0.289,0.168,0.047,-0.1,-0.187,-0.219,-0.34,-0.385,-0.343,-0.3,-0.25,-0.2
