Trial,1,2D Sim,False,Distance Weight,0.9,Random Seed,15,Min Iterations,1200,Lazy,False,Distance cost,0.5347576190475571,Manip Cost,12.51447977006955,Total cost,1.7327298341497561,Node cost function,True,Percent Manip Threshold,10,Update Path,False,Increasing weight,False,Parent finding radius R,0.9,Step Size,0.3,Goal Area Sample Probability,0.05,Goal Area Delta,0.6
Manipulability,0.032,0.045,0.028,0.02,0.038,0.062,0.074,0.086,0.121,0.109,0.141,0.125,0.104,0.108,0.115,0.121,0.126,0.134,0.136,0.105,0.123,0.123,0.131,0.135,0.118,0.101
Distance to Last Node,0.0,0.3,0.265,0.286,0.378,0.378,0.337,0.337,0.3,0.3,0.461,0.35,0.35,0.3,0.3,0.241,0.241,0.302,0.302,0.442,0.3,0.247,0.353,0.288,0.368,0.368
Joint 0: ,-1.7,-1.503,-1.295,-1.054,-0.761,-0.469,-0.22,0.03,-0.009,0.128,-0.14,0.007,0.154,0.283,0.201,0.276,0.351,0.34,0.33,0.338,0.49,0.709,0.953,1.183,1.442,1.7
Joint 1: ,-1.0,-0.987,-0.945,-0.925,-0.98,-1.035,-1.051,-1.068,-1.09,-1.165,-1.038,-1.124,-1.209,-1.082,-0.954,-1.027,-1.099,-1.01,-0.922,-0.992,-0.966,-0.952,-0.976,-1.025,-1.013,-1.0
Joint 2: ,0.2,0.036,0.1,0.076,0.103,0.13,0.282,0.434,0.542,0.764,0.639,0.751,0.864,0.912,0.94,1.006,1.072,0.996,0.921,1.112,1.099,1.054,0.951,0.836,0.668,0.5
Joint 3: ,-0.1,-0.074,-0.068,-0.021,0.124,0.27,0.34,0.409,0.546,0.464,0.621,0.573,0.525,0.63,0.758,0.722,0.686,0.831,0.975,0.68,0.776,0.734,0.63,0.558,0.429,0.3
Joint 4: ,0.3,0.165,0.292,0.385,0.495,0.605,0.463,0.322,0.439,0.511,0.518,0.51,0.502,0.482,0.291,0.493,0.696,0.467,0.238,0.135,-0.037,-0.051,-0.109,-0.137,-0.168,-0.2
Joint 5: ,0.2,0.242,0.173,0.112,0.057,0.001,-0.021,-0.043,0.022,-0.003,0.147,-0.011,-0.168,-0.249,-0.24,-0.223,-0.206,-0.219,-0.233,-0.3,-0.231,-0.14,0.047,0.13,0.165,0.2
Joint 6: ,0.1,0.043,0.062,-0.028,-0.16,-0.292,-0.341,-0.39,-0.589,-0.522,-0.771,-0.539,-0.307,-0.115,0.0,-0.011,-0.023,-0.086,-0.148,0.077,0.228,0.206,0.138,0.095,-0.053,-0.2
Trial,2,2D Sim,False,Distance Weight,0.9,Random Seed,30,Min Iterations,1200,Lazy,False,Distance cost,0.3805326946350466,Manip Cost,11.844392237315,Total cost,1.5269186489030417,Node cost function,True,Percent Manip Threshold,10,Update Path,False,Increasing weight,False,Parent finding radius R,0.9,Step Size,0.3,Goal Area Sample Probability,0.05,Goal Area Delta,0.6
Manipulability,0.032,0.063,0.067,0.073,0.09,0.098,0.091,0.084,0.063,0.056,0.057,0.062,0.055,0.1,0.153,0.184,0.143,0.101
Distance to Last Node,0.0,0.525,0.364,0.364,0.403,0.254,0.229,0.229,0.296,0.26,0.351,0.351,0.271,0.411,0.411,0.41,0.316,0.316
Joint 0: ,-1.7,-1.451,-1.256,-1.06,-0.859,-0.632,-0.428,-0.225,0.033,0.277,0.568,0.86,1.091,1.29,1.488,1.748,1.724,1.7
Joint 1: ,-1.0,-0.903,-0.823,-0.743,-0.882,-0.913,-0.871,-0.828,-0.79,-0.796,-0.813,-0.831,-0.803,-0.939,-1.075,-1.224,-1.112,-1.0
Joint 2: ,0.2,0.144,-0.063,-0.271,-0.45,-0.462,-0.442,-0.423,-0.35,-0.274,-0.147,-0.021,0.111,0.333,0.556,0.54,0.52,0.5
Joint 3: ,-0.1,-0.271,-0.244,-0.217,-0.152,-0.152,-0.163,-0.174,-0.182,-0.167,-0.113,-0.059,-0.094,0.077,0.248,0.257,0.279,0.3
Joint 4: ,0.3,0.019,-0.179,-0.377,-0.619,-0.677,-0.702,-0.727,-0.697,-0.676,-0.592,-0.508,-0.488,-0.342,-0.196,0.046,-0.077,-0.2
Joint 5: ,0.2,0.416,0.45,0.484,0.471,0.495,0.473,0.451,0.351,0.311,0.317,0.322,0.312,0.417,0.522,0.601,0.401,0.2
Joint 6: ,0.1,-0.116,-0.177,-0.239,-0.325,-0.414,-0.5,-0.587,-0.64,-0.632,-0.524,-0.415,-0.432,-0.432,-0.433,-0.551,-0.375,-0.2
Trial,3,2D Sim,False,Distance Weight,0.9,Random Seed,45,Min Iterations,1200,Lazy,False,Distance cost,0.4121464942041451,Manip Cost,10.037952505647468,Total cost,1.3747270953484771,Node cost function,True,Percent Manip Threshold,10,Update Path,False,Increasing weight,False,Parent finding radius R,0.9,Step Size,0.3,Goal Area Sample Probability,0.05,Goal Area Delta,0.6
Manipulability,0.032,0.04,0.042,0.049,0.085,0.123,0.159,0.148,0.153,0.195,0.139,0.145,0.149,0.153,0.079,0.069,0.108,0.152,0.146,0.101
Distance to Last Node,0.0,0.402,0.283,0.274,0.358,0.302,0.302,0.3,0.3,0.3,0.352,0.293,0.293,0.293,0.25,0.4,0.397,0.397,0.266,0.48
Joint 0: ,-1.7,-1.444,-1.166,-0.959,-0.682,-0.455,-0.229,-0.016,0.191,0.255,0.368,0.536,0.705,0.874,0.866,0.816,1.063,1.31,1.401,1.7
Joint 1: ,-1.0,-0.853,-0.827,-0.761,-0.686,-0.674,-0.662,-0.571,-0.709,-0.82,-0.822,-0.827,-0.832,-0.837,-0.862,-0.955,-1.064,-1.173,-1.203,-1.0
Joint 2: ,0.2,0.204,0.177,0.105,0.146,0.265,0.383,0.503,0.419,0.371,0.494,0.398,0.302,0.205,0.228,0.181,0.159,0.136,0.29,0.5
Joint 3: ,-0.1,-0.214,-0.234,-0.309,-0.39,-0.478,-0.566,-0.489,-0.446,-0.609,-0.415,-0.467,-0.518,-0.57,-0.354,-0.081,0.17,0.42,0.358,0.3
Joint 4: ,0.3,0.126,0.104,0.178,0.304,0.413,0.522,0.487,0.376,0.501,0.276,0.069,-0.138,-0.345,-0.246,-0.214,-0.195,-0.176,0.006,-0.2
Joint 5: ,0.2,0.274,0.294,0.203,0.071,-0.002,-0.076,-0.197,-0.187,-0.141,-0.116,-0.069,-0.021,0.026,0.093,0.355,0.325,0.295,0.299,0.2
Joint 6: ,0.1,-0.06,-0.048,-0.103,-0.171,-0.198,-0.224,-0.243,-0.327,-0.491,-0.409,-0.423,-0.437,-0.451,-0.425,-0.473,-0.331,-0.19,-0.214,-0.2
Trial,4,2D Sim,False,Distance Weight,0.9,Random Seed,60,Min Iterations,1200,Lazy,False,Distance cost,0.4196150984010271,Manip Cost,9.482189186078909,Total cost,1.325872507168815,Node cost function,True,Percent Manip Threshold,10,Update Path,False,Increasing weight,False,Parent finding radius R,0.9,Step Size,0.3,Goal Area Sample Probability,0.05,Goal Area Delta,0.6
Manipulability,0.032,0.106,0.088,0.066,0.074,0.084,0.094,0.105,0.101,0.097,0.084,0.069,0.085,0.104,0.133,0.164,0.191,0.187,0.163,0.101
Distance to Last Node,0.0,0.454,0.444,0.394,0.274,0.3,0.3,0.3,0.32,0.32,0.253,0.253,0.443,0.265,0.265,0.265,0.422,0.416,0.322,0.343
Joint 0: ,-1.7,-1.55,-1.285,-0.986,-0.74,-0.482,-0.224,0.034,0.327,0.62,0.83,1.04,1.036,1.085,1.134,1.183,1.349,1.533,1.544,1.7
Joint 1: ,-1.0,-0.909,-0.881,-0.897,-0.866,-0.849,-0.833,-0.816,-0.827,-0.838,-0.921,-1.004,-1.076,-1.138,-1.199,-1.26,-1.31,-1.18,-1.171,-1.0
Joint 2: ,0.2,0.386,0.639,0.811,0.888,0.858,0.829,0.799,0.804,0.808,0.807,0.806,0.805,0.776,0.747,0.717,0.759,0.51,0.637,0.5
Joint 3: ,-0.1,-0.302,-0.169,-0.039,-0.049,-0.008,0.033,0.074,0.086,0.099,0.131,0.164,0.463,0.381,0.298,0.215,0.496,0.448,0.474,0.3
Joint 4: ,0.3,0.279,0.199,0.073,-0.007,-0.108,-0.209,-0.311,-0.437,-0.563,-0.492,-0.421,-0.302,-0.293,-0.283,-0.273,-0.055,-0.13,-0.182,-0.2
Joint 5: ,0.2,-0.091,-0.177,-0.216,-0.242,-0.325,-0.408,-0.491,-0.481,-0.47,-0.42,-0.369,-0.15,0.066,0.282,0.498,0.362,0.506,0.308,0.2
Joint 6: ,0.1,-0.022,0.153,0.196,0.21,0.268,0.325,0.383,0.393,0.403,0.337,0.271,0.47,0.372,0.274,0.176,0.132,-0.045,-0.257,-0.2
Trial,5,2D Sim,False,Distance Weight,0.9,Random Seed,75,Min Iterations,1200,Lazy,False,Distance cost,0.5441008893196743,Manip Cost,12.250841174254079,Total cost,1.7147749178131146,Node cost function,True,Percent Manip Threshold,10,Update Path,False,Increasing weight,False,Parent finding radius R,0.9,Step Size,0.3,Goal Area Sample Probability,0.05,Goal Area Delta,0.6
Manipulability,0.032,0.046,0.048,0.056,0.056,0.057,0.053,0.041,0.032,0.054,0.085,0.118,0.156,0.108,0.146,0.161,0.111,0.082,0.093,0.129,0.162,0.203,0.163,0.136,0.11,0.107,0.101
Distance to Last Node,0.0,0.408,0.263,0.292,0.266,0.266,0.283,0.3,0.3,0.378,0.405,0.307,0.307,0.37,0.463,0.3,0.273,0.273,0.273,0.3,0.3,0.3,0.351,0.286,0.286,0.343,0.343
Joint 0: ,-1.7,-1.511,-1.268,-1.028,-0.804,-0.579,-0.353,-0.076,0.201,0.447,0.657,0.729,0.801,0.889,0.869,0.996,1.013,1.03,1.047,1.101,1.169,1.188,1.057,1.18,1.303,1.502,1.7
Joint 1: ,-1.0,-0.879,-0.852,-0.869,-0.893,-0.916,-0.894,-0.851,-0.807,-0.811,-0.826,-0.745,-0.665,-0.792,-1.021,-1.021,-1.045,-1.069,-1.093,-1.041,-1.034,-1.164,-1.257,-1.247,-1.237,-1.119,-1.0
Joint 2: ,0.2,0.198,0.235,0.291,0.316,0.341,0.379,0.403,0.428,0.333,0.379,0.409,0.439,0.332,0.124,-0.104,0.033,0.171,0.309,0.301,0.451,0.55,0.442,0.469,0.495,0.498,0.5
Joint 3: ,-0.1,-0.222,-0.216,-0.143,-0.102,-0.06,-0.044,-0.08,-0.116,-0.287,-0.51,-0.678,-0.845,-0.602,-0.737,-0.821,-0.612,-0.404,-0.195,0.023,0.169,0.22,0.035,0.139,0.243,0.272,0.3
Joint 4: ,0.3,0.132,0.053,-0.047,-0.094,-0.142,-0.209,-0.179,-0.15,-0.031,0.197,0.409,0.621,0.494,0.218,0.102,0.192,0.283,0.373,0.199,0.115,0.293,0.353,0.269,0.184,-0.008,-0.2
Joint 5: ,0.2,0.309,0.329,0.35,0.323,0.297,0.272,0.242,0.213,0.374,0.436,0.48,0.523,0.524,0.402,0.419,0.447,0.475,0.503,0.574,0.691,0.858,0.654,0.436,0.217,0.208,0.2
Joint 6: ,0.1,0.347,0.384,0.29,0.168,0.047,-0.1,-0.187,-0.273,-0.337,-0.449,-0.53,-0.61,-0.446,-0.538,-0.568,-0.52,-0.471,-0.423,-0.459,-0.604,-0.632,-0.55,-0.538,-0.525,-0.363,-0.2
Trial,1,2D Sim,False,Distance Weight,0.85,Random Seed,15,Min Iterations,1200,Lazy,False,Distance cost,0.5663995689203749,Manip Cost,12.502173835419914,Total cost,2.356765708895306,Node cost function,True,Percent Manip Threshold,10,Update Path,False,Increasing weight,False,Parent finding radius R,0.9,Step Size,0.3,Goal Area Sample Probability,0.05,Goal Area Delta,0.6
Manipulability,0.032,0.045,0.028,0.02,0.038,0.062,0.074,0.086,0.121,0.109,0.141,0.125,0.104,0.108,0.082,0.115,0.121,0.126,0.134,0.136,0.105,0.123,0.123,0.131,0.135,0.118,0.101
Distance to Last Node,0.0,0.3,0.265,0.286,0.378,0.378,0.337,0.337,0.3,0.3,0.461,0.35,0.35,0.3,0.3,0.479,0.241,0.241,0.302,0.302,0.442,0.3,0.247,0.353,0.288,0.368,0.368
Joint 0: ,-1.7,-1.503,-1.295,-1.054,-0.761,-0.469,-0.22,0.03,-0.009,0.128,-0.14,0.007,0.154,0.283,0.376,0.201,0.276,0.351,0.34,0.33,0.338,0.49,0.709,0.953,1.183,1.442,1.7
Joint 1: ,-1.0,-0.987,-0.945,-0.925,-0.98,-1.035,-1.051,-1.068,-1.09,-1.165,-1.038,-1.124,-1.209,-1.082,-0.963,-0.954,-1.027,-1.099,-1.01,-0.922,-0.992,-0.966,-0.952,-0.976,-1.025,-1.013,-1.0
Joint 2: ,0.2,0.036,0.1,0.076,0.103,0.13,0.282,0.434,0.542,0.764,0.639,0.751,0.864,0.912,0.999,0.94,1.006,1.072,0.996,0.921,1.112,1.099,1.054,0.951,0.836,0.668,0.5
Joint 3: ,-0.1,-0.074,-0.068,-0.021,0.124,0.27,0.34,0.409,0.546,0.464,0.621,0.573,0.525,0.63,0.528,0.758,0.722,0.686,0.831,0.975,0.68,0.776,0.734,0.63,0.558,0.429,0.3
Joint 4: ,0.3,0.165,0.292,0.385,0.495,0.605,0.463,0.322,0.439,0.511,0.518,0.51,0.502,0.482,0.478,0.291,0.493,0.696,0.467,0.238,0.135,-0.037,-0.051,-0.109,-0.137,-0.168,-0.2
Joint 5: ,0.2,0.242,0.173,0.112,0.057,0.001,-0.021,-0.043,0.022,-0.003,0.147,-0.011,-0.168,-0.249,-0.372,-0.24,-0.223,-0.206,-0.219,-0.233,-0.3,-0.231,-0.14,0.047,0.13,0.165,0.2
Joint 6: ,0.1,0.043,0.062,-0.028,-0.16,-0.292,-0.341,-0.39,-0.589,-0.522,-0.771,-0.539,-0.307,-0.115,-0.3,0.0,-0.011,-0.023,-0.086,-0.148,0.077,0.228,0.206,0.138,0.095,-0.053,-0.2
Trial,2,2D Sim,False,Distance Weight,0.85,Random Seed,30,Min Iterations,1200,Lazy,False,Distance cost,0.3805326946350466,Manip Cost,11.844392237315,Total cost,2.10011162603704,Node cost function,True,Percent Manip Threshold,10,Update Path,False,Increasing weight,False,Parent finding radius R,0.9,Step Size,0.3,Goal Area Sample Probability,0.05,Goal Area Delta,0.6
Manipulability,0.032,0.063,0.067,0.073,0.09,0.098,0.091,0.084,0.063,0.056,0.057,0.062,0.055,0.1,0.153,0.184,0.143,0.101
Distance to Last Node,0.0,0.525,0.364,0.364,0.403,0.254,0.229,0.229,0.296,0.26,0.351,0.351,0.271,0.411,0.411,0.41,0.316,0.316
Joint 0: ,-1.7,-1.451,-1.256,-1.06,-0.859,-0.632,-0.428,-0.225,0.033,0.277,0.568,0.86,1.091,1.29,1.488,1.748,1.724,1.7
Joint 1: ,-1.0,-0.903,-0.823,-0.743,-0.882,-0.913,-0.871,-0.828,-0.79,-0.796,-0.813,-0.831,-0.803,-0.939,-1.075,-1.224,-1.112,-1.0
Joint 2: ,0.2,0.144,-0.063,-0.271,-0.45,-0.462,-0.442,-0.423,-0.35,-0.274,-0.147,-0.021,0.111,0.333,0.556,0.54,0.52,0.5
Joint 3: ,-0.1,-0.271,-0.244,-0.217,-0.152,-0.152,-0.163,-0.174,-0.182,-0.167,-0.113,-0.059,-0.094,0.077,0.248,0.257,0.279,0.3
Joint 4: ,0.3,0.019,-0.179,-0.377,-0.619,-0.677,-0.702,-0.727,-0.697,-0.676,-0.592,-0.508,-0.488,-0.342,-0.196,0.046,-0.077,-0.2
Joint 5: ,0.2,0.416,0.45,0.484,0.471,0.495,0.473,0.451,0.351,0.311,0.317,0.322,0.312,0.417,0.522,0.601,0.401,0.2
Joint 6: ,0.1,-0.116,-0.177,-0.239,-0.325,-0.414,-0.5,-0.587,-0.64,-0.632,-0.524,-0.415,-0.432,-0.432,-0.433,-0.551,-0.375,-0.2
Trial,3,2D Sim,False,Distance Weight,0.85,Random Seed,45,Min Iterations,1200,Lazy,False,Distance cost,0.5435128559339613,Manip Cost,8.961619176752125,Total cost,1.806228804056686,Node cost function,True,Percent Manip Threshold,10,Update Path,False,Increasing weight,False,Parent finding radius R,0.9,Step Size,0.3,Goal Area Sample Probability,0.05,Goal Area Delta,0.6
Manipulability,0.032,0.04,0.042,0.049,0.085,0.123,0.159,0.148,0.153,0.195,0.139,0.145,0.155,0.172,0.189,0.132,0.066,0.101,0.122,0.153,0.158,0.206,0.204,0.195,0.101
Distance to Last Node,0.0,0.402,0.283,0.274,0.358,0.302,0.302,0.3,0.3,0.3,0.352,0.293,0.38,0.281,0.281,0.295,0.284,0.437,0.432,0.432,0.337,0.409,0.3,0.443,0.45
Joint 0: ,-1.7,-1.444,-1.166,-0.959,-0.682,-0.455,-0.229,-0.016,0.191,0.255,0.368,0.536,0.669,0.763,0.856,0.946,0.901,0.908,1.089,1.27,1.441,1.64,1.683,1.686,1.7
Joint 1: ,-1.0,-0.853,-0.827,-0.761,-0.686,-0.674,-0.662,-0.571,-0.709,-0.82,-0.822,-0.827,-0.793,-0.759,-0.725,-0.749,-0.82,-0.935,-1.129,-1.322,-1.168,-1.203,-1.127,-1.252,-1.0
Joint 2: ,0.2,0.204,0.177,0.105,0.146,0.265,0.383,0.503,0.419,0.371,0.494,0.398,0.219,0.117,0.014,0.073,0.113,0.051,0.144,0.238,0.363,0.167,0.229,0.445,0.5
Joint 3: ,-0.1,-0.214,-0.234,-0.309,-0.39,-0.478,-0.566,-0.489,-0.446,-0.609,-0.415,-0.467,-0.59,-0.722,-0.853,-0.614,-0.39,-0.096,0.158,0.412,0.451,0.676,0.738,0.595,0.3
Joint 4: ,0.3,0.126,0.104,0.178,0.304,0.413,0.522,0.487,0.376,0.501,0.276,0.069,-0.183,-0.341,-0.498,-0.374,-0.273,-0.166,-0.274,-0.383,-0.425,-0.413,-0.292,-0.063,-0.2
Joint 5: ,0.2,0.274,0.294,0.203,0.071,-0.002,-0.076,-0.197,-0.187,-0.141,-0.116,-0.069,0.038,0.132,0.226,0.183,0.291,0.539,0.382,0.225,0.321,0.513,0.586,0.369,0.2
Joint 6: ,0.1,-0.06,-0.048,-0.103,-0.171,-0.198,-0.224,-0.243,-0.327,-0.491,-0.409,-0.423,-0.483,-0.395,-0.307,-0.325,-0.328,-0.449,-0.365,-0.281,-0.1,-0.124,-0.358,-0.24,-0.2
Trial,4,2D Sim,False,Distance Weight,0.85,Random Seed,60,Min Iterations,1200,Lazy,False,Distance cost,0.49127698159089117,Manip Cost,9.255738299371535,Total cost,1.805946179257988,Node cost function,True,Percent Manip Threshold,10,Update Path,False,Increasing weight,False,Parent finding radius R,0.9,Step Size,0.3,Goal Area Sample Probability,0.05,Goal Area Delta,0.6
Manipulability,0.032,0.106,0.088,0.066,0.074,0.084,0.094,0.105,0.101,0.097,0.055,0.063,0.13,0.123,0.116,0.141,0.159,0.162,0.174,0.184,0.169,0.158,0.101
Distance to Last Node,0.0,0.454,0.444,0.394,0.274,0.3,0.3,0.3,0.32,0.32,0.293,0.349,0.349,0.4,0.4,0.3,0.3,0.3,0.246,0.246,0.383,0.309,0.459
Joint 0: ,-1.7,-1.55,-1.285,-0.986,-0.74,-0.482,-0.224,0.034,0.327,0.62,0.82,0.947,1.074,1.249,1.424,1.475,1.56,1.577,1.498,1.42,1.372,1.483,1.7
Joint 1: ,-1.0,-0.909,-0.881,-0.897,-0.866,-0.849,-0.833,-0.816,-0.827,-0.838,-0.881,-0.986,-1.091,-1.139,-1.187,-1.278,-1.242,-1.077,-1.087,-1.098,-1.11,-1.114,-1.0
Joint 2: ,0.2,0.386,0.639,0.811,0.888,0.858,0.829,0.799,0.804,0.808,0.826,0.786,0.747,0.84,0.932,1.027,1.175,1.168,1.049,0.931,0.664,0.685,0.5
Joint 3: ,-0.1,-0.302,-0.169,-0.039,-0.049,-0.008,0.033,0.074,0.086,0.099,0.173,0.387,0.6,0.438,0.275,0.397,0.497,0.644,0.675,0.706,0.512,0.542,0.3
Joint 4: ,0.3,0.279,0.199,0.073,-0.007,-0.108,-0.209,-0.311,-0.437,-0.563,-0.479,-0.354,-0.229,-0.289,-0.349,-0.577,-0.756,-0.917,-0.828,-0.739,-0.568,-0.376,-0.2
Joint 5: ,0.2,-0.091,-0.177,-0.216,-0.242,-0.325,-0.408,-0.491,-0.481,-0.47,-0.328,-0.165,-0.003,0.11,0.223,0.207,0.227,0.232,0.305,0.378,0.395,0.255,0.2
Joint 6: ,0.1,-0.022,0.153,0.196,0.21,0.268,0.325,0.383,0.393,0.403,0.3,0.375,0.45,0.175,-0.099,-0.047,0.084,0.207,0.046,-0.115,-0.195,-0.353,-0.2
Trial,5,2D Sim,False,Distance Weight,0.85,Random Seed,75,Min Iterations,1200,Lazy,False,Distance cost,0.6785558162076114,Manip Cost,11.812380013525724,Total cost,2.3486294458053285,Node cost function,True,Percent Manip Threshold,10,Update Path,False,Increasing weight,False,Parent finding radius R,0.9,Step Size,0.3,Goal Area Sample Probability,0.05,Goal Area Delta,0.6
Manipulability,0.032,0.046,0.048,0.056,0.056,0.057,0.053,0.041,0.032,0.054,0.085,0.118,0.156,0.108,0.082,0.096,0.117,0.146,0.16,0.101,0.128,0.161,0.111,0.082,0.093,0.129,0.162,0.127,0.121,0.141,0.118,0.11,0.101
Distance to Last Node,0.0,0.408,0.263,0.292,0.266,0.266,0.283,0.3,0.3,0.378,0.405,0.307,0.307,0.37,0.37,0.484,0.356,0.356,0.419,0.406,0.302,0.302,0.273,0.273,0.273,0.3,0.3,0.417,0.243,0.3,0.383,0.185,0.185
Joint 0: ,-1.7,-1.511,-1.268,-1.028,-0.804,-0.579,-0.353,-0.076,0.201,0.447,0.657,0.729,0.801,0.889,0.977,1.051,0.96,0.869,0.879,0.997,0.997,0.996,1.013,1.03,1.047,1.101,1.169,1.356,1.314,1.252,1.383,1.541,1.7
Joint 1: ,-1.0,-0.879,-0.852,-0.869,-0.893,-0.916,-0.894,-0.851,-0.807,-0.811,-0.826,-0.745,-0.665,-0.792,-0.919,-0.675,-0.848,-1.021,-0.771,-0.854,-0.938,-1.021,-1.045,-1.069,-1.093,-1.041,-1.034,-0.958,-1.093,-0.975,-0.968,-0.984,-1.0
Joint 2: ,0.2,0.198,0.235,0.291,0.316,0.341,0.379,0.403,0.428,0.333,0.379,0.409,0.439,0.332,0.226,0.423,0.274,0.124,0.259,0.171,0.033,-0.104,0.033,0.171,0.309,0.301,0.451,0.231,0.306,0.349,0.506,0.503,0.5
Joint 3: ,-0.1,-0.222,-0.216,-0.143,-0.102,-0.06,-0.044,-0.08,-0.116,-0.287,-0.51,-0.678,-0.845,-0.602,-0.36,-0.527,-0.632,-0.737,-0.818,-0.553,-0.687,-0.821,-0.612,-0.404,-0.195,0.023,0.169,0.063,0.105,0.297,0.293,0.296,0.3
Joint 4: ,0.3,0.132,0.053,-0.047,-0.094,-0.142,-0.209,-0.179,-0.15,-0.031,0.197,0.409,0.621,0.494,0.368,0.66,0.439,0.218,0.49,0.505,0.303,0.102,0.192,0.283,0.373,0.199,0.115,0.171,0.078,0.084,-0.162,-0.181,-0.2
Joint 5: ,0.2,0.309,0.329,0.35,0.323,0.297,0.272,0.242,0.213,0.374,0.436,0.48,0.523,0.524,0.525,0.45,0.426,0.402,0.413,0.442,0.43,0.419,0.447,0.475,0.503,0.574,0.691,0.594,0.442,0.496,0.335,0.267,0.2
Joint 6: ,0.1,0.347,0.384,0.29,0.168,0.047,-0.1,-0.187,-0.273,-0.337,-0.449,-0.53,-0.61,-0.446,-0.281,-0.389,-0.464,-0.538,-0.656,-0.401,-0.484,-0.568,-0.52,-0.471,-0.423,-0.459,-0.604,-0.358,-0.362,-0.187,-0.322,-0.261,-0.2
Trial,1,2D Sim,False,Distance Weight,0.8,Random Seed,15,Min Iterations,1200,Lazy,False,Distance cost,0.5663995689203749,Manip Cost,12.502173835419914,Total cost,2.9535544222202823,Node cost function,True,Percent Manip Threshold,10,Update Path,False,Increasing weight,False,Parent finding radius R,0.9,Step Size,0.3,Goal Area Sample Probability,0.05,Goal Area Delta,0.6
Manipulability,0.032,0.045,0.028,0.02,0.038,0.062,0.074,0.086,0.121,0.109,0.141,0.125,0.104,0.108,0.082,0.115,0.121,0.126,0.134,0.136,0.105,0.123,0.123,0.131,0.135,0.118,0.101
Distance to Last Node,0.0,0.3,0.265,0.286,0.378,0.378,0.337,0.337,0.3,0.3,0.461,0.35,0.35,0.3,0.3,0.479,0.241,0.241,0.302,0.302,0.442,0.3,0.247,0.353,0.288,0.368,0.368
Joint 0: ,-1.7,-1.503,-1.295,-1.054,-0.761,-0.469,-0.22,0.03,-0.009,0.128,-0.14,0.007,0.154,0.283,0.376,0.201,0.276,0.351,0.34,0.33,0.338,0.49,0.709,0.953,1.183,1.442,1.7
Joint 1: ,-1.0,-0.987,-0.945,-0.925,-0.98,-1.035,-1.051,-1.068,-1.09,-1.165,-1.038,-1.124,-1.209,-1.082,-0.963,-0.954,-1.027,-1.099,-1.01,-0.922,-0.992,-0.966,-0.952,-0.976,-1.025,-1.013,-1.0
Joint 2: ,0.2,0.036,0.1,0.076,0.103,0.13,0.282,0.434,0.542,0.764,0.639,0.751,0.864,0.912,0.999,0.94,1.006,1.072,0.996,0.921,1.112,1.099,1.054,0.951,0.836,0.668,0.5
Joint 3: ,-0.1,-0.074,-0.068,-0.021,0.124,0.27,0.34,0.409,0.546,0.464,0.621,0.573,0.525,0.63,0.528,0.758,0.722,0.686,0.831,0.975,0.68,0.776,0.734,0.63,0.558,0.429,0.3
Joint 4: ,0.3,0.165,0.292,0.385,0.495,0.605,0.463,0.322,0.439,0.511,0.518,0.51,0.502,0.482,0.478,0.291,0.493,0.696,0.467,0.238,0.135,-0.037,-0.051,-0.109,-0.137,-0.168,-0.2
Joint 5: ,0.2,0.242,0.173,0.112,0.057,0.001,-0.021,-0.043,0.022,-0.003,0.147,-0.011,-0.168,-0.249,-0.372,-0.24,-0.223,-0.206,-0.219,-0.233,-0.3,-0.231,-0.14,0.047,0.13,0.165,0.2
Joint 6: ,0.1,0.043,0.062,-0.028,-0.16,-0.292,-0.341,-0.39,-0.589,-0.522,-0.771,-0.539,-0.307,-0.115,-0.3,0.0,-0.011,-0.023,-0.086,-0.148,0.077,0.228,0.206,0.138,0.095,-0.053,-0.2
Trial,2,2D Sim,False,Distance Weight,0.8,Random Seed,30,Min Iterations,1200,Lazy,False,Distance cost,0.48442981544958824,Manip Cost,11.397700296280954,Total cost,2.667083911615861,Node cost function,True,Percent Manip Threshold,10,Update Path,False,Increasing weight,False,Parent finding radius R,0.9,Step Size,0.3,Goal Area Sample Probability,0.05,Goal Area Delta,0.6
Manipulability,0.032,0.063,0.067,0.073,0.09,0.098,0.091,0.084,0.063,0.056,0.057,0.062,0.055,0.083,0.113,0.092,0.114,0.136,0.095,0.141,0.183,0.143,0.101
Distance to Last Node,0.0,0.525,0.364,0.364,0.403,0.254,0.229,0.229,0.296,0.26,0.351,0.351,0.271,0.397,0.397,0.299,0.289,0.289,0.431,0.341,0.341,0.327,0.327
Joint 0: ,-1.7,-1.451,-1.256,-1.06,-0.859,-0.632,-0.428,-0.225,0.033,0.277,0.568,0.86,1.091,1.374,1.658,1.673,1.8,1.926,1.782,1.868,1.953,1.827,1.7
Joint 1: ,-1.0,-0.903,-0.823,-0.743,-0.882,-0.913,-0.871,-0.828,-0.79,-0.796,-0.813,-0.831,-0.803,-1.009,-1.216,-1.106,-1.147,-1.187,-1.15,-1.242,-1.334,-1.167,-1.0
Joint 2: ,0.2,0.144,-0.063,-0.271,-0.45,-0.462,-0.442,-0.423,-0.35,-0.274,-0.147,-0.021,0.111,0.262,0.413,0.446,0.474,0.503,0.455,0.517,0.578,0.539,0.5
Joint 3: ,-0.1,-0.271,-0.244,-0.217,-0.152,-0.152,-0.163,-0.174,-0.182,-0.167,-0.113,-0.059,-0.094,-0.066,-0.038,0.022,0.102,0.182,0.093,0.293,0.492,0.396,0.3
Joint 4: ,0.3,0.019,-0.179,-0.377,-0.619,-0.677,-0.702,-0.727,-0.697,-0.676,-0.592,-0.508,-0.488,-0.562,-0.637,-0.386,-0.154,0.078,-0.178,-0.349,-0.519,-0.36,-0.2
Joint 5: ,0.2,0.416,0.45,0.484,0.471,0.495,0.473,0.451,0.351,0.311,0.317,0.322,0.312,0.383,0.455,0.355,0.384,0.413,0.303,0.318,0.332,0.266,0.2
Joint 6: ,0.1,-0.116,-0.177,-0.239,-0.325,-0.414,-0.5,-0.587,-0.64,-0.632,-0.524,-0.415,-0.432,-0.409,-0.385,-0.381,-0.444,-0.507,-0.232,-0.067,0.099,-0.05,-0.2
Trial,3,2D Sim,False,Distance Weight,0.8,Random Seed,45,Min Iterations,1200,Lazy,False,Distance cost,0.5883698523912982,Manip Cost,9.190097193156456,Total cost,2.308715320544329,Node cost function,True,Percent Manip Threshold,10,Update Path,False,Increasing weight,False,Parent finding radius R,0.9,Step Size,0.3,Goal Area Sample Probability,0.05,Goal Area Delta,0.6
Manipulability,0.032,0.04,0.042,0.049,0.085,0.123,0.159,0.148,0.153,0.104,0.15,0.195,0.139,0.124,0.148,0.123,0.153,0.177,0.171,0.158,0.153,0.068,0.058,0.115,0.126,0.137,0.148,0.152,0.15,0.112
Distance to Last Node,0.0,0.402,0.283,0.274,0.358,0.302,0.302,0.3,0.3,0.3,0.27,0.27,0.352,0.226,0.466,0.275,0.307,0.307,0.372,0.372,0.3,0.285,0.285,0.285,0.282,0.282,0.282,0.285,0.285,0.3
Joint 0: ,-1.7,-1.444,-1.166,-0.959,-0.682,-0.455,-0.229,-0.016,0.191,0.299,0.277,0.255,0.368,0.508,0.342,0.466,0.627,0.789,0.764,0.739,0.874,0.852,0.831,0.81,1.024,1.238,1.452,1.577,1.701,1.7
Joint 1: ,-1.0,-0.853,-0.827,-0.761,-0.686,-0.674,-0.662,-0.571,-0.709,-0.714,-0.767,-0.82,-0.822,-0.834,-0.806,-0.849,-0.873,-0.897,-0.861,-0.825,-0.837,-0.879,-0.921,-0.962,-1.064,-1.166,-1.268,-1.174,-1.08,-1.018
Joint 2: ,0.2,0.204,0.177,0.105,0.146,0.265,0.383,0.503,0.419,0.571,0.471,0.371,0.494,0.647,0.459,0.454,0.678,0.901,0.618,0.335,0.205,0.202,0.199,0.195,0.252,0.308,0.364,0.303,0.242,0.441
Joint 3: ,-0.1,-0.214,-0.234,-0.309,-0.39,-0.478,-0.566,-0.489,-0.446,-0.285,-0.447,-0.609,-0.415,-0.379,-0.247,-0.291,-0.385,-0.479,-0.487,-0.495,-0.57,-0.361,-0.151,0.058,0.105,0.152,0.199,0.242,0.284,0.296
Joint 4: ,0.3,0.126,0.104,0.178,0.304,0.413,0.522,0.487,0.376,0.221,0.361,0.501,0.276,0.219,0.193,0.048,0.137,0.226,0.007,-0.212,-0.345,-0.254,-0.163,-0.072,0.005,0.082,0.16,-0.047,-0.253,-0.212
Joint 5: ,0.2,0.274,0.294,0.203,0.071,-0.002,-0.076,-0.197,-0.187,-0.161,-0.151,-0.141,-0.116,-0.096,-0.359,-0.188,-0.21,-0.232,-0.164,-0.097,0.026,0.186,0.346,0.506,0.481,0.456,0.431,0.452,0.474,0.262
Joint 6: ,0.1,-0.06,-0.048,-0.103,-0.171,-0.198,-0.224,-0.243,-0.327,-0.258,-0.374,-0.491,-0.409,-0.355,-0.097,-0.176,-0.187,-0.197,-0.259,-0.321,-0.451,-0.412,-0.373,-0.335,-0.229,-0.123,-0.018,-0.109,-0.2,-0.2
Trial,4,2D Sim,False,Distance Weight,0.8,Random Seed,60,Min Iterations,1200,Lazy,False,Distance cost,0.6221772905889661,Manip Cost,8.47338680258148,Total cost,2.192419192987469,Node cost function,True,Percent Manip Threshold,10,Update Path,False,Increasing weight,False,Parent finding radius R,0.9,Step Size,0.3,Goal Area Sample Probability,0.05,Goal Area Delta,0.6
Manipulability,0.032,0.106,0.088,0.066,0.074,0.084,0.094,0.105,0.101,0.097,0.055,0.063,0.13,0.123,0.116,0.141,0.159,0.162,0.174,0.184,0.172,0.158,0.145,0.159,0.169,0.175,0.167,0.158,0.175,0.139,0.102
Distance to Last Node,0.0,0.454,0.444,0.394,0.274,0.3,0.3,0.3,0.32,0.32,0.293,0.349,0.349,0.4,0.4,0.3,0.3,0.3,0.246,0.246,0.281,0.281,0.281,0.362,0.362,0.306,0.231,0.231,0.357,0.221,0.221
Joint 0: ,-1.7,-1.55,-1.285,-0.986,-0.74,-0.482,-0.224,0.034,0.327,0.62,0.82,0.947,1.074,1.249,1.424,1.475,1.56,1.577,1.498,1.42,1.379,1.337,1.296,1.235,1.173,1.266,1.31,1.354,1.502,1.594,1.687
Joint 1: ,-1.0,-0.909,-0.881,-0.897,-0.866,-0.849,-0.833,-0.816,-0.827,-0.838,-0.881,-0.986,-1.091,-1.139,-1.187,-1.278,-1.242,-1.077,-1.087,-1.098,-1.075,-1.053,-1.031,-1.17,-1.31,-1.281,-1.282,-1.283,-1.149,-1.086,-1.023
Joint 2: ,0.2,0.386,0.639,0.811,0.888,0.858,0.829,0.799,0.804,0.808,0.826,0.786,0.747,0.84,0.932,1.027,1.175,1.168,1.049,0.931,0.717,0.503,0.289,0.49,0.691,0.742,0.744,0.747,0.503,0.512,0.52
Joint 3: ,-0.1,-0.302,-0.169,-0.039,-0.049,-0.008,0.033,0.074,0.086,0.099,0.173,0.387,0.6,0.438,0.275,0.397,0.497,0.644,0.675,0.706,0.592,0.478,0.364,0.244,0.124,0.357,0.294,0.231,0.307,0.308,0.308
Joint 4: ,0.3,0.279,0.199,0.073,-0.007,-0.108,-0.209,-0.311,-0.437,-0.563,-0.479,-0.354,-0.229,-0.289,-0.349,-0.577,-0.756,-0.917,-0.828,-0.739,-0.615,-0.491,-0.367,-0.272,-0.177,-0.167,-0.111,-0.054,-0.13,-0.16,-0.19
Joint 5: ,0.2,-0.091,-0.177,-0.216,-0.242,-0.325,-0.408,-0.491,-0.481,-0.47,-0.328,-0.165,-0.003,0.11,0.223,0.207,0.227,0.232,0.305,0.378,0.391,0.405,0.418,0.498,0.579,0.419,0.427,0.436,0.561,0.374,0.186
Joint 6: ,0.1,-0.022,0.153,0.196,0.21,0.268,0.325,0.383,0.393,0.403,0.3,0.375,0.45,0.175,-0.099,-0.047,0.084,0.207,0.046,-0.115,-0.165,-0.216,-0.267,-0.075,0.117,0.153,-0.057,-0.267,-0.232,-0.223,-0.213
Trial,5,2D Sim,False,Distance Weight,0.8,Random Seed,75,Min Iterations,1200,Lazy,False,Distance cost,0.7971044577782748,Manip Cost,10.998690017145009,Total cost,2.8374215696516214,Node cost function,True,Percent Manip Threshold,10,Update Path,False,Increasing weight,False,Parent finding radius R,0.9,Step Size,0.3,Goal Area Sample Probability,0.05,Goal Area Delta,0.6
Manipulability,0.032,0.046,0.048,0.056,0.056,0.057,0.053,0.041,0.032,0.054,0.085,0.118,0.156,0.108,0.082,0.096,0.117,0.146,0.16,0.101,0.128,0.161,0.111,0.082,0.093,0.129,0.162,0.127,0.121,0.167,0.203,0.173,0.141,0.158,0.148,0.138,0.116,0.101
Distance to Last Node,0.0,0.408,0.263,0.292,0.266,0.266,0.283,0.3,0.3,0.378,0.405,0.307,0.307,0.37,0.37,0.484,0.356,0.356,0.419,0.406,0.302,0.302,0.273,0.273,0.273,0.3,0.3,0.417,0.243,0.31,0.31,0.338,0.338,0.408,0.292,0.292,0.386,0.173
Joint 0: ,-1.7,-1.511,-1.268,-1.028,-0.804,-0.579,-0.353,-0.076,0.201,0.447,0.657,0.729,0.801,0.889,0.977,1.051,0.96,0.869,0.879,0.997,0.997,0.996,1.013,1.03,1.047,1.101,1.169,1.356,1.314,1.251,1.188,1.22,1.252,1.49,1.703,1.916,1.714,1.7
Joint 1: ,-1.0,-0.879,-0.852,-0.869,-0.893,-0.916,-0.894,-0.851,-0.807,-0.811,-0.826,-0.745,-0.665,-0.792,-0.919,-0.675,-0.848,-1.021,-0.771,-0.854,-0.938,-1.021,-1.045,-1.069,-1.093,-1.041,-1.034,-0.958,-1.093,-1.129,-1.164,-1.07,-0.975,-1.144,-1.077,-1.01,-0.985,-1.0
Joint 2: ,0.2,0.198,0.235,0.291,0.316,0.341,0.379,0.403,0.428,0.333,0.379,0.409,0.439,0.332,0.226,0.423,0.274,0.124,0.259,0.171,0.033,-0.104,0.033,0.171,0.309,0.301,0.451,0.231,0.306,0.428,0.55,0.449,0.349,0.333,0.484,0.635,0.649,0.5
Joint 3: ,-0.1,-0.222,-0.216,-0.143,-0.102,-0.06,-0.044,-0.08,-0.116,-0.287,-0.51,-0.678,-0.845,-0.602,-0.36,-0.527,-0.632,-0.737,-0.818,-0.553,-0.687,-0.821,-0.612,-0.404,-0.195,0.023,0.169,0.063,0.105,0.162,0.22,0.258,0.297,0.269,0.308,0.347,0.318,0.3
Joint 4: ,0.3,0.132,0.053,-0.047,-0.094,-0.142,-0.209,-0.179,-0.15,-0.031,0.197,0.409,0.621,0.494,0.368,0.66,0.439,0.218,0.49,0.505,0.303,0.102,0.192,0.283,0.373,0.199,0.115,0.171,0.078,0.186,0.293,0.189,0.084,-0.153,-0.065,0.024,-0.192,-0.2
Joint 5: ,0.2,0.309,0.329,0.35,0.323,0.297,0.272,0.242,0.213,0.374,0.436,0.48,0.523,0.524,0.525,0.45,0.426,0.402,0.413,0.442,0.43,0.419,0.447,0.475,0.503,0.574,0.691,0.594,0.442,0.65,0.858,0.677,0.496,0.486,0.433,0.379,0.276,0.2
Joint 6: ,0.1,0.347,0.384,0.29,0.168,0.047,-0.1,-0.187,-0.273,-0.337,-0.449,-0.53,-0.61,-0.446,-0.281,-0.389,-0.464,-0.538,-0.656,-0.401,-0.484,-0.568,-0.52,-0.471,-0.423,-0.459,-0.604,-0.358,-0.362,-0.497,-0.632,-0.409,-0.187,-0.033,-0.022,-0.01,-0.234,-0.2
Trial,1,2D Sim,False,Distance Weight,0.7,Random Seed,15,Min Iterations,1200,Lazy,False,Distance cost,0.5663995689203749,Manip Cost,12.502173835419914,Total cost,4.147131848870237,Node cost function,True,Percent Manip Threshold,10,Update Path,False,Increasing weight,False,Parent finding radius R,0.9,Step Size,0.3,Goal Area Sample Probability,0.05,Goal Area Delta,0.6
Manipulability,0.032,0.045,0.028,0.02,0.038,0.062,0.074,0.086,0.121,0.109,0.141,0.125,0.104,0.108,0.082,0.115,0.121,0.126,0.134,0.136,0.105,0.123,0.123,0.131,0.135,0.118,0.101
Distance to Last Node,0.0,0.3,0.265,0.286,0.378,0.378,0.337,0.337,0.3,0.3,0.461,0.35,0.35,0.3,0.3,0.479,0.241,0.241,0.302,0.302,0.442,0.3,0.247,0.353,0.288,0.368,0.368
Joint 0: ,-1.7,-1.503,-1.295,-1.054,-0.761,-0.469,-0.22,0.03,-0.009,0.128,-0.14,0.007,0.154,0.283,0.376,0.201,0.276,0.351,0.34,0.33,0.338,0.49,0.709,0.953,1.183,1.442,1.7
Joint 1: ,-1.0,-0.987,-0.945,-0.925,-0.98,-1.035,-1.051,-1.068,-1.09,-1.165,-1.038,-1.124,-1.209,-1.082,-0.963,-0.954,-1.027,-1.099,-1.01,-0.922,-0.992,-0.966,-0.952,-0.976,-1.025,-1.013,-1.0
Joint 2: ,0.2,0.036,0.1,0.076,0.103,0.13,0.282,0.434,0.542,0.764,0.639,0.751,0.864,0.912,0.999,0.94,1.006,1.072,0.996,0.921,1.112,1.099,1.054,0.951,0.836,0.668,0.5
Joint 3: ,-0.1,-0.074,-0.068,-0.021,0.124,0.27,0.34,0.409,0.546,0.464,0.621,0.573,0.525,0.63,0.528,0.758,0.722,0.686,0.831,0.975,0.68,0.776,0.734,0.63,0.558,0.429,0.3
Joint 4: ,0.3,0.165,0.292,0.385,0.495,0.605,0.463,0.322,0.439,0.511,0.518,0.51,0.502,0.482,0.478,0.291,0.493,0.696,0.467,0.238,0.135,-0.037,-0.051,-0.109,-0.137,-0.168,-0.2
Joint 5: ,0.2,0.242,0.173,0.112,0.057,0.001,-0.021,-0.043,0.022,-0.003,0.147,-0.011,-0.168,-0.249,-0.372,-0.24,-0.223,-0.206,-0.219,-0.233,-0.3,-0.231,-0.14,0.047,0.13,0.165,0.2
Joint 6: ,0.1,0.043,0.062,-0.028,-0.16,-0.292,-0.341,-0.39,-0.589,-0.522,-0.771,-0.539,-0.307,-0.115,-0.3,0.0,-0.011,-0.023,-0.086,-0.148,0.077,0.228,0.206,0.138,0.095,-0.053,-0.2
Trial,2,2D Sim,False,Distance Weight,0.7,Random Seed,30,Min Iterations,1200,Lazy,False,Distance cost,0.5331094485875864,Manip Cost,10.74273385131082,Total cost,3.5959967694045574,Node cost function,True,Percent Manip Threshold,10,Update Path,False,Increasing weight,False,Parent finding radius R,0.9,Step Size,0.3,Goal Area Sample Probability,0.05,Goal Area Delta,0.6
Manipulability,0.032,0.063,0.067,0.073,0.09,0.098,0.091,0.084,0.063,0.056,0.057,0.062,0.055,0.083,0.113,0.092,0.114,0.144,0.171,0.164,0.153,0.169,0.183,0.143,0.101
Distance to Last Node,0.0,0.525,0.364,0.364,0.403,0.254,0.229,0.229,0.296,0.26,0.351,0.351,0.271,0.397,0.397,0.299,0.289,0.269,0.269,0.362,0.362,0.438,0.438,0.327,0.327
Joint 0: ,-1.7,-1.451,-1.256,-1.06,-0.859,-0.632,-0.428,-0.225,0.033,0.277,0.568,0.86,1.091,1.374,1.658,1.673,1.8,1.886,1.973,1.731,1.488,1.721,1.953,1.827,1.7
Joint 1: ,-1.0,-0.903,-0.823,-0.743,-0.882,-0.913,-0.871,-0.828,-0.79,-0.796,-0.813,-0.831,-0.803,-1.009,-1.216,-1.106,-1.147,-1.214,-1.28,-1.178,-1.075,-1.204,-1.334,-1.167,-1.0
Joint 2: ,0.2,0.144,-0.063,-0.271,-0.45,-0.462,-0.442,-0.423,-0.35,-0.274,-0.147,-0.021,0.111,0.262,0.413,0.446,0.474,0.479,0.484,0.52,0.556,0.567,0.578,0.539,0.5
Joint 3: ,-0.1,-0.271,-0.244,-0.217,-0.152,-0.152,-0.163,-0.174,-0.182,-0.167,-0.113,-0.059,-0.094,-0.066,-0.038,0.022,0.102,0.186,0.269,0.259,0.248,0.37,0.492,0.396,0.3
Joint 4: ,0.3,0.019,-0.179,-0.377,-0.619,-0.677,-0.702,-0.727,-0.697,-0.676,-0.592,-0.508,-0.488,-0.562,-0.637,-0.386,-0.154,0.071,0.295,0.05,-0.196,-0.357,-0.519,-0.36,-0.2
Joint 5: ,0.2,0.416,0.45,0.484,0.471,0.495,0.473,0.451,0.351,0.311,0.317,0.322,0.312,0.383,0.455,0.355,0.384,0.437,0.49,0.506,0.522,0.427,0.332,0.266,0.2
Joint 6: ,0.1,-0.116,-0.177,-0.239,-0.325,-0.414,-0.5,-0.587,-0.64,-0.632,-0.524,-0.415,-0.432,-0.409,-0.385,-0.381,-0.444,-0.45,-0.456,-0.445,-0.433,-0.167,0.099,-0.05,-0.2
Trial,3,2D Sim,False,Distance Weight,0.7,Random Seed,45,Min Iterations,1200,Lazy,False,Distance cost,0.6986856529402985,Manip Cost,8.987534861292568,Total cost,3.18534041544598,Node cost function,True,Percent Manip Threshold,10,Update Path,False,Increasing weight,False,Parent finding radius R,0.9,Step Size,0.3,Goal Area Sample Probability,0.05,Goal Area Delta,0.6
Manipulability,0.032,0.04,0.042,0.049,0.085,0.123,0.159,0.148,0.153,0.104,0.15,0.195,0.139,0.124,0.11,0.128,0.148,0.123,0.153,0.177,0.171,0.158,0.153,0.082,0.065,0.156,0.139,0.124,0.167,0.132,0.128,0.121,0.114,0.101
Distance to Last Node,0.0,0.402,0.283,0.274,0.358,0.302,0.302,0.3,0.3,0.3,0.27,0.27,0.352,0.226,0.226,0.293,0.293,0.275,0.307,0.307,0.372,0.372,0.3,0.281,0.429,0.429,0.406,0.406,0.384,0.436,0.361,0.267,0.267,0.232
Joint 0: ,-1.7,-1.444,-1.166,-0.959,-0.682,-0.455,-0.229,-0.016,0.191,0.299,0.277,0.255,0.368,0.508,0.648,0.495,0.342,0.466,0.627,0.789,0.764,0.739,0.874,1.0,0.883,0.766,0.878,0.99,1.026,1.22,1.409,1.502,1.594,1.7
Joint 1: ,-1.0,-0.853,-0.827,-0.761,-0.686,-0.674,-0.662,-0.571,-0.709,-0.714,-0.767,-0.82,-0.822,-0.834,-0.847,-0.826,-0.806,-0.849,-0.873,-0.897,-0.861,-0.825,-0.837,-0.818,-0.933,-1.048,-1.067,-1.086,-1.1,-1.246,-1.277,-1.182,-1.087,-1.0
Joint 2: ,0.2,0.204,0.177,0.105,0.146,0.265,0.383,0.503,0.419,0.571,0.471,0.371,0.494,0.647,0.799,0.629,0.459,0.454,0.678,0.901,0.618,0.335,0.205,0.197,0.166,0.135,0.254,0.374,0.623,0.494,0.572,0.524,0.477,0.5
Joint 3: ,-0.1,-0.214,-0.234,-0.309,-0.39,-0.478,-0.566,-0.489,-0.446,-0.285,-0.447,-0.609,-0.415,-0.379,-0.343,-0.295,-0.247,-0.291,-0.385,-0.479,-0.487,-0.495,-0.57,-0.353,-0.08,0.193,0.344,0.494,0.668,0.546,0.357,0.336,0.315,0.3
Joint 4: ,0.3,0.126,0.104,0.178,0.304,0.413,0.522,0.487,0.376,0.221,0.361,0.501,0.276,0.219,0.162,0.178,0.193,0.048,0.137,0.226,0.007,-0.212,-0.345,-0.234,-0.208,-0.181,-0.095,-0.009,-0.175,0.022,0.049,-0.054,-0.156,-0.2
Joint 5: ,0.2,0.274,0.294,0.203,0.071,-0.002,-0.076,-0.197,-0.187,-0.161,-0.151,-0.141,-0.116,-0.096,-0.077,-0.218,-0.359,-0.188,-0.21,-0.232,-0.164,-0.097,0.026,0.061,0.339,0.617,0.356,0.095,0.219,-0.006,0.171,0.192,0.214,0.2
Joint 6: ,0.1,-0.06,-0.048,-0.103,-0.171,-0.198,-0.224,-0.243,-0.327,-0.258,-0.374,-0.491,-0.409,-0.355,-0.3,-0.199,-0.097,-0.176,-0.187,-0.197,-0.259,-0.321,-0.451,-0.405,-0.463,-0.521,-0.72,-0.919,-1.023,-0.92,-0.779,-0.579,-0.379,-0.2
Trial,4,2D Sim,False,Distance Weight,0.7,Random Seed,60,Min Iterations,1200,Lazy,False,Distance cost,0.6770561724152186,Manip Cost,8.629733089194284,Total cost,3.0628592474489382,Node cost function,True,Percent Manip Threshold,10,Update Path,False,Increasing weight,False,Parent finding radius R,0.9,Step Size,0.3,Goal Area Sample Probability,0.05,Goal Area Delta,0.6
Manipulability,0.032,0.106,0.088,0.066,0.074,0.084,0.094,0.105,0.101,0.097,0.055,0.063,0.13,0.123,0.116,0.141,0.169,0.169,0.184,0.158,0.128,0.148,0.166,0.181,0.164,0.146,0.159,0.158,0.152,0.101
Distance to Last Node,0.0,0.454,0.444,0.394,0.274,0.3,0.3,0.3,0.32,0.32,0.293,0.349,0.349,0.4,0.4,0.3,0.373,0.373,0.508,0.444,0.444,0.322,0.322,0.351,0.278,0.278,0.338,0.338,0.403,0.282
Joint 0: ,-1.7,-1.55,-1.285,-0.986,-0.74,-0.482,-0.224,0.034,0.327,0.62,0.82,0.947,1.074,1.249,1.424,1.475,1.563,1.652,1.42,1.428,1.436,1.313,1.189,1.242,1.312,1.383,1.531,1.679,1.636,1.7
Joint 1: ,-1.0,-0.909,-0.881,-0.897,-0.866,-0.849,-0.833,-0.816,-0.827,-0.838,-0.881,-0.986,-1.091,-1.139,-1.187,-1.278,-1.1,-0.921,-1.098,-1.066,-1.033,-1.167,-1.301,-1.278,-1.256,-1.235,-1.106,-0.978,-1.047,-1.0
Joint 2: ,0.2,0.386,0.639,0.811,0.888,0.858,0.829,0.799,0.804,0.808,0.826,0.786,0.747,0.84,0.932,1.027,1.089,1.15,0.931,0.634,0.336,0.51,0.685,0.733,0.695,0.657,0.441,0.224,0.465,0.5
Joint 3: ,-0.1,-0.302,-0.169,-0.039,-0.049,-0.008,0.033,0.074,0.086,0.099,0.173,0.387,0.6,0.438,0.275,0.397,0.594,0.791,0.706,0.457,0.207,0.168,0.129,0.408,0.292,0.175,0.281,0.386,0.483,0.3
Joint 4: ,0.3,0.279,0.199,0.073,-0.007,-0.108,-0.209,-0.311,-0.437,-0.563,-0.479,-0.354,-0.229,-0.289,-0.349,-0.577,-0.772,-0.966,-0.739,-0.535,-0.33,-0.25,-0.17,-0.147,-0.111,-0.074,-0.178,-0.283,-0.231,-0.2
Joint 5: ,0.2,-0.091,-0.177,-0.216,-0.242,-0.325,-0.408,-0.491,-0.481,-0.47,-0.328,-0.165,-0.003,0.11,0.223,0.207,0.308,0.41,0.378,0.402,0.427,0.495,0.563,0.405,0.425,0.446,0.509,0.573,0.344,0.2
Joint 6: ,0.1,-0.022,0.153,0.196,0.21,0.268,0.325,0.383,0.393,0.403,0.3,0.375,0.45,0.175,-0.099,-0.047,0.047,0.141,-0.115,-0.173,-0.232,-0.065,0.101,0.218,-0.017,-0.252,-0.199,-0.147,-0.329,-0.2
Trial,5,2D Sim,False,Distance Weight,0.7,Random Seed,75,Min Iterations,1200,Lazy,False,Distance cost,0.9360369716261242,Manip Cost,10.550865832865384,Total cost,3.8204856299979024,Node cost function,True,Percent Manip Threshold,10,Update Path,False,Increasing weight,False,Parent finding radius R,0.9,Step Size,0.3,Goal Area Sample Probability,0.05,Goal Area Delta,0.6
Manipulability,0.032,0.046,0.048,0.056,0.056,0.057,0.053,0.041,0.032,0.054,0.085,0.118,0.156,0.108,0.082,0.096,0.117,0.146,0.16,0.101,0.128,0.161,0.111,0.082,0.093,0.129,0.162,0.101,0.127,0.121,0.107,0.166,0.203,0.222,0.186,0.141,0.158,0.148,0.138,0.116,0.128,0.139,0.128,0.101
Distance to Last Node,0.0,0.408,0.263,0.292,0.266,0.266,0.283,0.3,0.3,0.378,0.405,0.307,0.307,0.37,0.37,0.484,0.356,0.356,0.419,0.406,0.302,0.302,0.273,0.273,0.273,0.3,0.3,0.415,0.419,0.243,0.243,0.364,0.364,0.3,0.355,0.355,0.408,0.292,0.292,0.386,0.24,0.24,0.277,0.419
Joint 0: ,-1.7,-1.511,-1.268,-1.028,-0.804,-0.579,-0.353,-0.076,0.201,0.447,0.657,0.729,0.801,0.889,0.977,1.051,0.96,0.869,0.879,0.997,0.997,0.996,1.013,1.03,1.047,1.101,1.169,1.154,1.356,1.314,1.271,1.23,1.188,1.265,1.259,1.252,1.49,1.703,1.916,1.714,1.599,1.484,1.465,1.7
Joint 1: ,-1.0,-0.879,-0.852,-0.869,-0.893,-0.916,-0.894,-0.851,-0.807,-0.811,-0.826,-0.745,-0.665,-0.792,-0.919,-0.675,-0.848,-1.021,-0.771,-0.854,-0.938,-1.021,-1.045,-1.069,-1.093,-1.041,-1.034,-1.142,-0.958,-1.093,-1.227,-1.196,-1.164,-1.18,-1.077,-0.975,-1.144,-1.077,-1.01,-0.985,-0.988,-0.991,-1.07,-1.0
Joint 2: ,0.2,0.198,0.235,0.291,0.316,0.341,0.379,0.403,0.428,0.333,0.379,0.409,0.439,0.332,0.226,0.423,0.274,0.124,0.259,0.171,0.033,-0.104,0.033,0.171,0.309,0.301,0.451,0.3,0.231,0.306,0.381,0.466,0.55,0.702,0.525,0.349,0.333,0.484,0.635,0.649,0.72,0.791,0.701,0.5
Joint 3: ,-0.1,-0.222,-0.216,-0.143,-0.102,-0.06,-0.044,-0.08,-0.116,-0.287,-0.51,-0.678,-0.845,-0.602,-0.36,-0.527,-0.632,-0.737,-0.818,-0.553,-0.687,-0.821,-0.612,-0.404,-0.195,0.023,0.169,-0.016,0.063,0.105,0.147,0.183,0.22,0.382,0.339,0.297,0.269,0.308,0.347,0.318,0.367,0.415,0.392,0.3
Joint 4: ,0.3,0.132,0.053,-0.047,-0.094,-0.142,-0.209,-0.179,-0.15,-0.031,0.197,0.409,0.621,0.494,0.368,0.66,0.439,0.218,0.49,0.505,0.303,0.102,0.192,0.283,0.373,0.199,0.115,-0.021,0.171,0.078,-0.014,0.139,0.293,0.345,0.215,0.084,-0.153,-0.065,0.024,-0.192,-0.367,-0.542,-0.328,-0.2
Joint 5: ,0.2,0.309,0.329,0.35,0.323,0.297,0.272,0.242,0.213,0.374,0.436,0.48,0.523,0.524,0.525,0.45,0.426,0.402,0.413,0.442,0.43,0.419,0.447,0.475,0.503,0.574,0.691,0.416,0.594,0.442,0.29,0.574,0.858,0.924,0.71,0.496,0.486,0.433,0.379,0.276,0.312,0.349,0.232,0.2
Joint 6: ,0.1,0.347,0.384,0.29,0.168,0.047,-0.1,-0.187,-0.273,-0.337,-0.449,-0.53,-0.61,-0.446,-0.281,-0.389,-0.464,-0.538,-0.656,-0.401,-0.484,-0.568,-0.52,-0.471,-0.423,-0.459,-0.604,-0.507,-0.358,-0.362,-0.366,-0.499,-0.632,-0.467,-0.327,-0.187,-0.033,-0.022,-0.01,-0.234,-0.304,-0.374,-0.42,-0.2
