Trial,5,2D Sim,False,Distance Weight,0.85,Random Seed,75,Min Iterations,500,Lazy,False,Distance cost,0.6077813756496885,Manip Cost,10.742597961432104,Total cost,2.1280038635170513,Node cost function,True,Percent Manip Threshold,0,Update Path,False,Increasing weight,False,Parent finding radius R,0.9,Step Size,0.3,Goal Area Sample Probability,0.05,Goal Area Delta,0.6
Manipulability,0.032,0.046,0.048,0.056,0.069,0.083,0.082,0.08,0.047,0.053,0.086,0.079,0.1,0.135,0.156,0.108,0.146,0.16,0.161,0.161,0.111,0.081,0.096,0.129,0.162,0.126,0.127,0.133,0.118,0.103
Distance to Last Node,0.0,0.408,0.263,0.292,0.292,0.292,0.331,0.331,0.3,0.396,0.396,0.3,0.3,0.3,0.3,0.37,0.463,0.419,0.303,0.303,0.273,0.236,0.236,0.236,0.3,0.263,0.368,0.3,0.26,0.368
Joint 0: ,-1.7,-1.511,-1.268,-1.028,-0.788,-0.548,-0.286,-0.025,0.098,0.353,0.608,0.693,0.863,0.867,0.801,0.889,0.869,0.879,0.937,0.996,1.013,1.042,1.072,1.101,1.169,1.153,1.356,1.432,1.597,1.709
Joint 1: ,-1.0,-0.879,-0.852,-0.869,-0.886,-0.904,-0.947,-0.99,-0.85,-0.888,-0.926,-0.815,-0.894,-0.841,-0.665,-0.792,-1.021,-0.771,-0.896,-1.021,-1.045,-1.044,-1.042,-1.041,-1.034,-1.09,-0.958,-1.08,-1.083,-0.995
Joint 2: ,0.2,0.198,0.235,0.291,0.348,0.405,0.477,0.55,0.454,0.439,0.424,0.238,0.271,0.425,0.439,0.332,0.124,0.259,0.077,-0.104,0.033,0.123,0.212,0.301,0.451,0.348,0.231,0.326,0.318,0.505
Joint 3: ,-0.1,-0.222,-0.216,-0.143,-0.071,0.001,0.037,0.073,-0.013,-0.255,-0.498,-0.458,-0.575,-0.732,-0.845,-0.602,-0.737,-0.818,-0.819,-0.821,-0.612,-0.4,-0.189,0.023,0.169,0.01,0.063,0.209,0.292,0.295
Joint 4: ,0.3,0.132,0.053,-0.047,-0.147,-0.247,-0.242,-0.238,-0.344,-0.209,-0.073,0.088,0.283,0.424,0.621,0.494,0.218,0.49,0.296,0.102,0.192,0.194,0.196,0.199,0.115,0.044,0.171,0.139,0.073,-0.197
Joint 5: ,0.2,0.309,0.329,0.35,0.371,0.392,0.343,0.294,0.223,0.336,0.449,0.535,0.495,0.498,0.523,0.524,0.402,0.413,0.416,0.419,0.447,0.49,0.532,0.574,0.691,0.539,0.594,0.432,0.265,0.216
Joint 6: ,0.1,0.347,0.384,0.29,0.196,0.102,-0.072,-0.245,-0.395,-0.411,-0.428,-0.4,-0.423,-0.561,-0.61,-0.446,-0.538,-0.656,-0.612,-0.568,-0.52,-0.499,-0.479,-0.459,-0.604,-0.562,-0.358,-0.249,-0.281,-0.207
