Trial,1,2D Sim,True,Distance Weight,0.85,Random Seed,15,Min Iterations,500,Lazy,False,Distance cost,0.31298293756035306,Manip Cost,7.078245138277143,Total cost,1.3277722676678718,Node cost function,True,Percent Manip Threshold,0,Update Path,False,Increasing weight,False,Parent finding radius R,0.6,Step Size,0.2,Goal Area Sample Probability,0.05,Goal Area Delta,0.6
Manipulability,0.081,0.103,0.145,0.188,0.226,0.226,0.255,0.281,0.288,0.271,0.269,0.253,0.23,0.23,0.2,0.182,0.187,0.173,0.146,0.1,0.026,0.081,0.081
Distance to Last Node,0.0,0.381,0.273,0.228,0.228,0.0,0.2,0.2,0.2,0.2,0.2,0.2,0.221,0.0,0.27,0.27,0.296,0.281,0.281,0.267,0.271,0.271,0.0
Joint 0: ,0.0,0.0,0.0,0.0,0.0,0.0,0.0,0.0,0.0,0.0,0.0,0.0,0.0,0.0,0.0,0.0,0.0,0.0,0.0,0.0,0.0,0.0,0.0
Joint 1: ,1.1,0.759,0.589,0.49,0.392,0.392,0.31,0.471,0.349,0.149,0.033,-0.144,-0.364,-0.364,-0.614,-0.864,-1.113,-1.139,-1.164,-1.168,-1.134,-1.1,-1.1
Joint 2: ,0.0,0.0,0.0,0.0,0.0,0.0,0.0,0.0,0.0,0.0,0.0,0.0,0.0,0.0,0.0,0.0,0.0,0.0,0.0,0.0,0.0,0.0,0.0
Joint 3: ,0.1,0.268,0.479,0.683,0.887,0.887,1.069,1.179,1.338,1.346,1.509,1.602,1.59,1.59,1.489,1.387,1.228,0.948,0.667,0.4,0.15,-0.1,-0.1
Joint 4: ,0.0,0.0,0.0,0.0,0.0,0.0,0.0,0.0,0.0,0.0,0.0,0.0,0.0,0.0,0.0,0.0,0.0,0.0,0.0,0.0,0.0,0.0,0.0
Joint 5: ,0.2,0.163,0.137,0.114,0.09,0.09,0.08,0.033,0.029,0.025,0.018,0.016,0.0,0.0,0.0,0.0,0.0,0.0,0.0,0.0,-0.1,-0.199,-0.199
Joint 6: ,0.0,0.0,0.0,0.0,0.0,0.0,0.0,0.0,0.0,0.0,0.0,0.0,0.0,0.0,0.0,0.0,0.0,0.0,0.0,0.0,0.0,0.0,0.0
