Trial,1,2D Sim,True,Distance Weight,0.85,Random Seed,15,Min Iterations,500,Lazy,False,Distance cost,0.3877614214686439,Manip Cost,6.7094907955850775,Total cost,1.3360208275861092,Node cost function,False,Percent Manip Threshold,0,Update Path,True,Increasing weight,False,Parent finding radius R,0.6,Step Size,0.2,Goal Area Sample Probability,0.05,Goal Area Delta,0.6
Manipulability,0.081,0.123,0.172,0.21,0.239,0.252,0.248,0.239,0.259,0.295,0.297,0.292,0.294,0.283,0.254,0.179,0.077,0.099,0.129,0.093,0.024,0.081,0.081
Distance to Last Node,0.0,0.277,0.23,0.23,0.2,0.273,0.273,0.224,0.422,0.254,0.254,0.291,0.257,0.237,0.278,0.331,0.532,0.263,0.263,0.257,0.262,0.262,0.0
Joint 0: ,0.0,0.0,0.0,0.0,0.0,0.0,0.0,0.0,0.0,0.0,0.0,0.0,0.0,0.0,0.0,0.0,0.0,0.0,0.0,0.0,0.0,0.0,0.0
Joint 1: ,1.1,1.23,1.307,1.384,1.435,1.162,0.89,1.108,0.709,0.763,0.817,0.824,0.581,0.346,0.067,-0.149,-0.534,-0.796,-1.058,-1.115,-1.108,-1.1,-1.1
Joint 2: ,0.0,0.0,0.0,0.0,0.0,0.0,0.0,0.0,0.0,0.0,0.0,0.0,0.0,0.0,0.0,0.0,0.0,0.0,0.0,0.0,0.0,0.0,0.0
Joint 3: ,0.1,0.324,0.535,0.746,0.94,0.92,0.9,0.848,0.984,1.233,1.481,1.19,1.273,1.305,1.294,1.045,0.678,0.656,0.634,0.383,0.142,-0.1,-0.1
Joint 4: ,0.0,0.0,0.0,0.0,0.0,0.0,0.0,0.0,0.0,0.0,0.0,0.0,0.0,0.0,0.0,0.0,0.0,0.0,0.0,0.0,0.0,0.0,0.0
Joint 5: ,0.2,0.1,0.05,0.0,0.0,0.0,0.0,0.0,0.0,0.0,0.0,0.0,0.0,0.0,0.0,0.0,0.0,0.0,0.0,0.0,-0.1,-0.199,-0.199
Joint 6: ,0.0,0.0,0.0,0.0,0.0,0.0,0.0,0.0,0.0,0.0,0.0,0.0,0.0,0.0,0.0,0.0,0.0,0.0,0.0,0.0,0.0,0.0,0.0
