Trial,1,2D Sim,True,Distance Weight,0.85,Random Seed,15,Min Iterations,1200,Lazy,False,Distance cost,0.45236736804307887,Manip Cost,5.79947530400369,Total cost,1.2544335584371706,Node cost function,False,Percent Manip Threshold,0,Update Path,False,Increasing weight,False,Parent finding radius R,0.6,Step Size,0.2,Goal Area Sample Probability,0.05,Goal Area Delta,0.6
Manipulability,0.081,0.123,0.172,0.21,0.239,0.252,0.248,0.239,0.259,0.295,0.297,0.292,0.294,0.287,0.262,0.237,0.209,0.195,0.186,0.197,0.22,0.189,0.145,0.092,0.021,0.081,0.081
Distance to Last Node,0.0,0.277,0.23,0.23,0.2,0.273,0.273,0.224,0.422,0.254,0.254,0.291,0.257,0.236,0.487,0.26,0.297,0.27,0.27,0.267,0.267,0.33,0.232,0.232,0.257,0.257,0.0
Joint 0: ,0.0,0.0,0.0,0.0,0.0,0.0,0.0,0.0,0.0,0.0,0.0,0.0,0.0,0.0,0.0,0.0,0.0,0.0,0.0,0.0,0.0,0.0,0.0,0.0,0.0,0.0,0.0
Joint 1: ,1.1,1.23,1.307,1.384,1.435,1.162,0.89,1.108,0.709,0.763,0.817,0.824,0.581,0.357,-0.034,-0.272,-0.566,-0.772,-0.977,-1.192,-1.406,-1.399,-1.339,-1.279,-1.19,-1.1,-1.1
Joint 2: ,0.0,0.0,0.0,0.0,0.0,0.0,0.0,0.0,0.0,0.0,0.0,0.0,0.0,0.0,0.0,0.0,0.0,0.0,0.0,0.0,0.0,0.0,0.0,0.0,0.0,0.0,0.0
Joint 3: ,0.1,0.324,0.535,0.746,0.94,0.92,0.9,0.848,0.984,1.233,1.481,1.19,1.273,1.347,1.636,1.741,1.786,1.611,1.436,1.276,1.116,0.786,0.562,0.338,0.119,-0.1,-0.1
Joint 4: ,0.0,0.0,0.0,0.0,0.0,0.0,0.0,0.0,0.0,0.0,0.0,0.0,0.0,0.0,0.0,0.0,0.0,0.0,0.0,0.0,0.0,0.0,0.0,0.0,0.0,0.0,0.0
Joint 5: ,0.2,0.1,0.05,0.0,0.0,0.0,0.0,0.0,0.0,0.0,0.0,0.0,0.0,0.0,0.0,0.0,0.0,0.0,0.0,0.0,0.0,0.0,0.0,0.0,-0.1,-0.199,-0.199
Joint 6: ,0.0,0.0,0.0,0.0,0.0,0.0,0.0,0.0,0.0,0.0,0.0,0.0,0.0,0.0,0.0,0.0,0.0,0.0,0.0,0.0,0.0,0.0,0.0,0.0,0.0,0.0,0.0
