Trial,5,2D Sim,True,Distance Weight,0.9,Random Seed,75,Min Iterations,1200,Lazy,False,Distance cost,0.23017417820386507,Manip Cost,8.95950378426725,Total cost,0.5444300440221472,Node cost function,True,Percent Manip Threshold,0,Update Path,False,Increasing weight,True,Parent finding radius R,0.6,Step Size,0.2,Goal Area Sample Probability,0.05,Goal Area Delta,0.6
Manipulability,0.081,0.122,0.163,0.193,0.211,0.224,0.232,0.218,0.202,0.186,0.162,0.144,0.122,0.12,0.131,0.121,0.109,0.06,0.021,0.078
Distance to Last Node,0.0,0.189,0.189,0.199,0.195,0.194,0.194,0.147,0.147,0.147,0.174,0.174,0.195,0.195,0.195,0.183,0.172,0.198,0.198,0.198
Joint 0: ,0.0,0.0,0.0,0.0,0.0,0.0,0.0,0.0,0.0,0.0,0.0,0.0,0.0,0.0,0.0,0.0,0.0,0.0,0.0,0.0
Joint 1: ,1.1,1.015,0.929,0.805,0.672,0.525,0.368,0.223,0.078,-0.068,-0.241,-0.415,-0.593,-0.771,-0.949,-1.024,-1.123,-1.116,-1.109,-1.101
Joint 2: ,0.0,0.0,0.0,0.0,0.0,0.0,0.0,0.0,0.0,0.0,0.0,0.0,0.0,0.0,0.0,0.0,0.0,0.0,0.0,0.0
Joint 3: ,0.1,0.268,0.436,0.588,0.723,0.846,0.959,0.98,1.001,1.022,1.018,1.014,0.933,0.852,0.772,0.604,0.464,0.277,0.09,-0.097
Joint 4: ,0.0,0.0,0.0,0.0,0.0,0.0,0.0,0.0,0.0,0.0,0.0,0.0,0.0,0.0,0.0,0.0,0.0,0.0,0.0,0.0
Joint 5: ,0.2,0.183,0.165,0.134,0.089,0.06,0.04,0.029,0.018,0.007,0.005,0.002,0.002,0.001,0.0,0.0,0.0,-0.064,-0.127,-0.191
Joint 6: ,0.0,0.0,0.0,0.0,0.0,0.0,0.0,0.0,0.0,0.0,0.0,0.0,0.0,0.0,0.0,0.0,0.0,0.0,0.0,0.0
Trial,1,2D Sim,True,Distance Weight,0.9,Random Seed,15,Min Iterations,1200,Lazy,False,Distance cost,0.23120489906386182,Manip Cost,9.473781264059292,Total cost,0.5639376482036976,Node cost function,True,Percent Manip Threshold,0,Update Path,False,Increasing weight,True,Parent finding radius R,0.6,Step Size,0.2,Goal Area Sample Probability,0.05,Goal Area Delta,0.6
Manipulability,0.081,0.097,0.11,0.148,0.182,0.184,0.205,0.221,0.2,0.172,0.15,0.14,0.128,0.128,0.12,0.1,0.055,0.023,0.081
Distance to Last Node,0.0,0.193,0.193,0.265,0.265,0.147,0.197,0.197,0.19,0.18,0.18,0.18,0.19,0.19,0.167,0.18,0.195,0.195,0.195
Joint 0: ,0.0,0.0,0.0,0.0,0.0,0.0,0.0,0.0,0.0,0.0,0.0,0.0,0.0,0.0,0.0,0.0,0.0,0.0,0.0
Joint 1: ,1.1,0.936,0.772,0.595,0.419,0.313,0.189,0.064,-0.124,-0.303,-0.482,-0.66,-0.793,-0.926,-1.0,-1.054,-1.069,-1.085,-1.1
Joint 2: ,0.0,0.0,0.0,0.0,0.0,0.0,0.0,0.0,0.0,0.0,0.0,0.0,0.0,0.0,0.0,0.0,0.0,0.0,0.0
Joint 3: ,0.1,0.198,0.296,0.493,0.69,0.781,0.932,1.083,1.11,1.087,1.064,1.042,0.906,0.77,0.621,0.449,0.266,0.083,-0.1
Joint 4: ,0.0,0.0,0.0,0.0,0.0,0.0,0.0,0.0,0.0,0.0,0.0,0.0,0.0,0.0,0.0,0.0,0.0,0.0,0.0
Joint 5: ,0.2,0.177,0.154,0.133,0.112,0.062,0.047,0.032,0.022,0.015,0.008,0.0,0.0,0.0,0.0,0.0,-0.066,-0.133,-0.199
Joint 6: ,0.0,0.0,0.0,0.0,0.0,0.0,0.0,0.0,0.0,0.0,0.0,0.0,0.0,0.0,0.0,0.0,0.0,0.0,0.0
Trial,2,2D Sim,True,Distance Weight,0.9,Random Seed,30,Min Iterations,1200,Lazy,False,Distance cost,0.2601089464910154,Manip Cost,8.052236807066087,Total cost,0.5406255494717183,Node cost function,True,Percent Manip Threshold,0,Update Path,False,Increasing weight,True,Parent finding radius R,0.6,Step Size,0.2,Goal Area Sample Probability,0.05,Goal Area Delta,0.6
Manipulability,0.081,0.108,0.143,0.177,0.208,0.231,0.248,0.258,0.252,0.244,0.226,0.207,0.177,0.157,0.153,0.154,0.157,0.138,0.113,0.057,0.023,0.08
Distance to Last Node,0.0,0.196,0.183,0.183,0.183,0.228,0.213,0.213,0.128,0.128,0.145,0.145,0.191,0.191,0.191,0.276,0.276,0.138,0.138,0.197,0.197,0.197
Joint 0: ,0.0,0.0,0.0,0.0,0.0,0.0,0.0,0.0,0.0,0.0,0.0,0.0,0.0,0.0,0.0,0.0,0.0,0.0,0.0,0.0,0.0,0.0
Joint 1: ,1.1,0.952,0.849,0.747,0.644,0.505,0.365,0.224,0.112,-0.001,-0.146,-0.291,-0.472,-0.653,-0.834,-1.03,-1.227,-1.253,-1.28,-1.22,-1.16,-1.1
Joint 2: ,0.0,0.0,0.0,0.0,0.0,0.0,0.0,0.0,0.0,0.0,0.0,0.0,0.0,0.0,0.0,0.0,0.0,0.0,0.0,0.0,0.0,0.0
Joint 3: ,0.1,0.227,0.377,0.528,0.679,0.854,1.011,1.169,1.226,1.282,1.278,1.273,1.211,1.149,1.086,0.893,0.699,0.564,0.429,0.252,0.075,-0.102
Joint 4: ,0.0,0.0,0.0,0.0,0.0,0.0,0.0,0.0,0.0,0.0,0.0,0.0,0.0,0.0,0.0,0.0,0.0,0.0,0.0,0.0,0.0,0.0
Joint 5: ,0.2,0.187,0.173,0.158,0.143,0.096,0.069,0.043,0.022,0.0,0.0,0.0,0.0,0.0,0.0,0.0,0.0,0.0,0.0,-0.064,-0.129,-0.193
Joint 6: ,0.0,0.0,0.0,0.0,0.0,0.0,0.0,0.0,0.0,0.0,0.0,0.0,0.0,0.0,0.0,0.0,0.0,0.0,0.0,0.0,0.0,0.0
Trial,3,2D Sim,True,Distance Weight,0.9,Random Seed,45,Min Iterations,1200,Lazy,False,Distance cost,0.22254151484783824,Manip Cost,9.472556160215538,Total cost,0.5555420420810757,Node cost function,True,Percent Manip Threshold,0,Update Path,False,Increasing weight,True,Parent finding radius R,0.6,Step Size,0.2,Goal Area Sample Probability,0.05,Goal Area Delta,0.6
Manipulability,0.081,0.119,0.157,0.185,0.191,0.194,0.194,0.181,0.166,0.152,0.13,0.12,0.123,0.117,0.114,0.103,0.056,0.022,0.081
Distance to Last Node,0.0,0.198,0.198,0.238,0.168,0.168,0.168,0.186,0.186,0.186,0.172,0.172,0.172,0.192,0.192,0.192,0.194,0.194,0.194
Joint 0: ,0.0,0.0,0.0,0.0,0.0,0.0,0.0,0.0,0.0,0.0,0.0,0.0,0.0,0.0,0.0,0.0,0.0,0.0,0.0
Joint 1: ,1.1,0.996,0.891,0.759,0.613,0.468,0.322,0.14,-0.042,-0.224,-0.394,-0.565,-0.735,-0.853,-0.972,-1.09,-1.094,-1.097,-1.1
Joint 2: ,0.0,0.0,0.0,0.0,0.0,0.0,0.0,0.0,0.0,0.0,0.0,0.0,0.0,0.0,0.0,0.0,0.0,0.0,0.0
Joint 3: ,0.1,0.266,0.432,0.616,0.696,0.777,0.857,0.894,0.931,0.968,0.945,0.923,0.9,0.749,0.599,0.449,0.266,0.083,-0.1
Joint 4: ,0.0,0.0,0.0,0.0,0.0,0.0,0.0,0.0,0.0,0.0,0.0,0.0,0.0,0.0,0.0,0.0,0.0,0.0,0.0
Joint 5: ,0.2,0.175,0.15,0.075,0.05,0.025,0.0,0.0,0.0,0.001,0.0,0.0,0.0,0.0,0.0,0.0,-0.066,-0.132,-0.198
Joint 6: ,0.0,0.0,0.0,0.0,0.0,0.0,0.0,0.0,0.0,0.0,0.0,0.0,0.0,0.0,0.0,0.0,0.0,0.0,0.0
Trial,4,2D Sim,True,Distance Weight,0.9,Random Seed,60,Min Iterations,1200,Lazy,False,Distance cost,0.24793763137123676,Manip Cost,8.373834490449795,Total cost,0.5404699182980651,Node cost function,True,Percent Manip Threshold,0,Update Path,False,Increasing weight,True,Parent finding radius R,0.6,Step Size,0.2,Goal Area Sample Probability,0.05,Goal Area Delta,0.6
Manipulability,0.081,0.116,0.154,0.189,0.217,0.229,0.232,0.232,0.228,0.219,0.195,0.173,0.16,0.149,0.142,0.138,0.13,0.112,0.059,0.022,0.08
Distance to Last Node,0.0,0.223,0.2,0.2,0.19,0.179,0.184,0.184,0.184,0.106,0.189,0.189,0.189,0.194,0.179,0.189,0.189,0.189,0.197,0.197,0.197
Joint 0: ,0.0,0.0,0.0,0.0,0.0,0.0,0.0,0.0,0.0,0.0,0.0,0.0,0.0,0.0,0.0,0.0,0.0,0.0,0.0,0.0,0.0
Joint 1: ,1.1,1.038,0.929,0.82,0.697,0.548,0.385,0.222,0.059,-0.04,-0.229,-0.419,-0.608,-0.784,-0.897,-0.994,-1.092,-1.189,-1.159,-1.13,-1.1
Joint 2: ,0.0,0.0,0.0,0.0,0.0,0.0,0.0,0.0,0.0,0.0,0.0,0.0,0.0,0.0,0.0,0.0,0.0,0.0,0.0,0.0,0.0
Joint 3: ,0.1,0.299,0.464,0.629,0.773,0.873,0.959,1.045,1.132,1.166,1.164,1.162,1.16,1.078,0.938,0.776,0.614,0.451,0.268,0.084,-0.099
Joint 4: ,0.0,0.0,0.0,0.0,0.0,0.0,0.0,0.0,0.0,0.0,0.0,0.0,0.0,0.0,0.0,0.0,0.0,0.0,0.0,0.0,0.0
Joint 5: ,0.2,0.119,0.089,0.06,0.047,0.038,0.031,0.024,0.017,0.0,0.0,0.0,0.0,0.0,0.0,0.0,0.0,0.0,-0.065,-0.131,-0.196
Joint 6: ,0.0,0.0,0.0,0.0,0.0,0.0,0.0,0.0,0.0,0.0,0.0,0.0,0.0,0.0,0.0,0.0,0.0,0.0,0.0,0.0,0.0
Trial,5,2D Sim,True,Distance Weight,0.9,Random Seed,75,Min Iterations,1200,Lazy,False,Distance cost,0.23017417820386507,Manip Cost,8.95950378426725,Total cost,0.5444300440221472,Node cost function,True,Percent Manip Threshold,0,Update Path,False,Increasing weight,True,Parent finding radius R,0.6,Step Size,0.2,Goal Area Sample Probability,0.05,Goal Area Delta,0.6
Manipulability,0.081,0.122,0.163,0.193,0.211,0.224,0.232,0.218,0.202,0.186,0.162,0.144,0.122,0.12,0.131,0.121,0.109,0.06,0.021,0.078
Distance to Last Node,0.0,0.189,0.189,0.199,0.195,0.194,0.194,0.147,0.147,0.147,0.174,0.174,0.195,0.195,0.195,0.183,0.172,0.198,0.198,0.198
Joint 0: ,0.0,0.0,0.0,0.0,0.0,0.0,0.0,0.0,0.0,0.0,0.0,0.0,0.0,0.0,0.0,0.0,0.0,0.0,0.0,0.0
Joint 1: ,1.1,1.015,0.929,0.805,0.672,0.525,0.368,0.223,0.078,-0.068,-0.241,-0.415,-0.593,-0.771,-0.949,-1.024,-1.123,-1.116,-1.109,-1.101
Joint 2: ,0.0,0.0,0.0,0.0,0.0,0.0,0.0,0.0,0.0,0.0,0.0,0.0,0.0,0.0,0.0,0.0,0.0,0.0,0.0,0.0
Joint 3: ,0.1,0.268,0.436,0.588,0.723,0.846,0.959,0.98,1.001,1.022,1.018,1.014,0.933,0.852,0.772,0.604,0.464,0.277,0.09,-0.097
Joint 4: ,0.0,0.0,0.0,0.0,0.0,0.0,0.0,0.0,0.0,0.0,0.0,0.0,0.0,0.0,0.0,0.0,0.0,0.0,0.0,0.0
Joint 5: ,0.2,0.183,0.165,0.134,0.089,0.06,0.04,0.029,0.018,0.007,0.005,0.002,0.002,0.001,0.0,0.0,0.0,-0.064,-0.127,-0.191
Joint 6: ,0.0,0.0,0.0,0.0,0.0,0.0,0.0,0.0,0.0,0.0,0.0,0.0,0.0,0.0,0.0,0.0,0.0,0.0,0.0,0.0
Trial,5,2D Sim,True,Distance Weight,0.85,Random Seed,75,Min Iterations,1200,Lazy,False,Distance cost,0.2774893656641129,Manip Cost,7.628627002327896,Total cost,0.6744507980439576,Node cost function,True,Percent Manip Threshold,0,Update Path,False,Increasing weight,True,Parent finding radius R,0.6,Step Size,0.2,Goal Area Sample Probability,0.05,Goal Area Delta,0.6
Manipulability,0.081,0.122,0.163,0.193,0.222,0.246,0.264,0.269,0.269,0.268,0.253,0.236,0.203,0.172,0.158,0.151,0.157,0.168,0.159,0.139,0.106,0.049,0.025,0.078
Distance to Last Node,0.0,0.189,0.189,0.199,0.199,0.199,0.199,0.192,0.192,0.03,0.16,0.16,0.198,0.198,0.186,0.183,0.183,0.183,0.188,0.188,0.188,0.2,0.2,0.2
Joint 0: ,0.0,0.0,0.0,0.0,0.0,0.0,0.0,0.0,0.0,0.0,0.0,0.0,0.0,0.0,0.0,0.0,0.0,0.0,0.0,0.0,0.0,0.0,0.0,0.0
Joint 1: ,1.1,1.015,0.929,0.805,0.685,0.565,0.444,0.304,0.163,0.154,-0.005,-0.164,-0.343,-0.523,-0.703,-0.856,-1.009,-1.162,-1.252,-1.342,-1.432,-1.322,-1.212,-1.101
Joint 2: ,0.0,0.0,0.0,0.0,0.0,0.0,0.0,0.0,0.0,0.0,0.0,0.0,0.0,0.0,0.0,0.0,0.0,0.0,0.0,0.0,0.0,0.0,0.0,0.0
Joint 3: ,0.1,0.268,0.436,0.588,0.745,0.902,1.059,1.187,1.316,1.335,1.353,1.371,1.287,1.203,1.159,1.059,0.958,0.858,0.693,0.528,0.364,0.21,0.056,-0.097
Joint 4: ,0.0,0.0,0.0,0.0,0.0,0.0,0.0,0.0,0.0,0.0,0.0,0.0,0.0,0.0,0.0,0.0,0.0,0.0,0.0,0.0,0.0,0.0,0.0,0.0
Joint 5: ,0.2,0.183,0.165,0.134,0.11,0.087,0.063,0.042,0.021,0.0,0.0,0.0,0.0,0.0,0.0,0.0,0.0,0.0,0.0,0.0,0.0,-0.064,-0.127,-0.191
Joint 6: ,0.0,0.0,0.0,0.0,0.0,0.0,0.0,0.0,0.0,0.0,0.0,0.0,0.0,0.0,0.0,0.0,0.0,0.0,0.0,0.0,0.0,0.0,0.0,0.0
Trial,1,2D Sim,True,Distance Weight,0.85,Random Seed,15,Min Iterations,1200,Lazy,False,Distance cost,0.28331631587728656,Manip Cost,7.479087743326219,Total cost,0.6718879729595293,Node cost function,True,Percent Manip Threshold,0,Update Path,False,Increasing weight,True,Parent finding radius R,0.6,Step Size,0.2,Goal Area Sample Probability,0.05,Goal Area Delta,0.6
Manipulability,0.081,0.112,0.146,0.179,0.209,0.235,0.259,0.265,0.277,0.283,0.279,0.274,0.259,0.243,0.224,0.195,0.173,0.156,0.147,0.145,0.139,0.122,0.092,0.042,0.028,0.081
Distance to Last Node,0.0,0.188,0.157,0.187,0.187,0.187,0.191,0.167,0.157,0.157,0.121,0.063,0.178,0.178,0.157,0.196,0.196,0.174,0.174,0.174,0.195,0.195,0.195,0.171,0.171,0.171
Joint 0: ,0.0,0.0,0.0,0.0,0.0,0.0,0.0,0.0,0.0,0.0,0.0,0.0,0.0,0.0,0.0,0.0,0.0,0.0,0.0,0.0,0.0,0.0,0.0,0.0,0.0,0.0
Joint 1: ,1.1,1.174,1.171,1.056,0.941,0.825,0.7,0.554,0.45,0.346,0.239,0.178,0.003,-0.172,-0.329,-0.507,-0.685,-0.788,-0.892,-0.995,-1.09,-1.185,-1.279,-1.22,-1.16,-1.1
Joint 2: ,0.0,0.0,0.0,0.0,0.0,0.0,0.0,0.0,0.0,0.0,0.0,0.0,0.0,0.0,0.0,0.0,0.0,0.0,0.0,0.0,0.0,0.0,0.0,0.0,0.0,0.0
Joint 3: ,0.1,0.259,0.411,0.555,0.7,0.844,0.988,1.07,1.188,1.305,1.363,1.374,1.409,1.443,1.434,1.352,1.27,1.13,0.991,0.851,0.68,0.509,0.338,0.192,0.046,-0.1
Joint 4: ,0.0,0.0,0.0,0.0,0.0,0.0,0.0,0.0,0.0,0.0,0.0,0.0,0.0,0.0,0.0,0.0,0.0,0.0,0.0,0.0,0.0,0.0,0.0,0.0,0.0,0.0
Joint 5: ,0.2,0.133,0.091,0.063,0.036,0.009,0.0,0.0,0.0,0.0,0.0,0.0,0.0,0.0,0.0,0.0,0.0,0.0,0.0,0.0,0.0,0.0,0.0,-0.066,-0.133,-0.199
Joint 6: ,0.0,0.0,0.0,0.0,0.0,0.0,0.0,0.0,0.0,0.0,0.0,0.0,0.0,0.0,0.0,0.0,0.0,0.0,0.0,0.0,0.0,0.0,0.0,0.0,0.0,0.0
Trial,2,2D Sim,True,Distance Weight,0.85,Random Seed,30,Min Iterations,1200,Lazy,False,Distance cost,0.260276276139307,Manip Cost,8.051896367732398,Total cost,0.6810237610853344,Node cost function,True,Percent Manip Threshold,0,Update Path,False,Increasing weight,True,Parent finding radius R,0.6,Step Size,0.2,Goal Area Sample Probability,0.05,Goal Area Delta,0.6
Manipulability,0.081,0.108,0.143,0.177,0.208,0.231,0.248,0.258,0.252,0.244,0.226,0.207,0.177,0.157,0.153,0.154,0.157,0.138,0.113,0.057,0.023,0.08
Distance to Last Node,0.0,0.196,0.183,0.183,0.183,0.228,0.228,0.2,0.128,0.128,0.145,0.145,0.191,0.191,0.191,0.276,0.276,0.138,0.138,0.197,0.197,0.197
Joint 0: ,0.0,0.0,0.0,0.0,0.0,0.0,0.0,0.0,0.0,0.0,0.0,0.0,0.0,0.0,0.0,0.0,0.0,0.0,0.0,0.0,0.0,0.0
Joint 1: ,1.1,0.952,0.849,0.747,0.644,0.505,0.367,0.224,0.112,-0.001,-0.146,-0.291,-0.472,-0.653,-0.834,-1.03,-1.227,-1.253,-1.28,-1.22,-1.16,-1.1
Joint 2: ,0.0,0.0,0.0,0.0,0.0,0.0,0.0,0.0,0.0,0.0,0.0,0.0,0.0,0.0,0.0,0.0,0.0,0.0,0.0,0.0,0.0,0.0
Joint 3: ,0.1,0.227,0.377,0.528,0.679,0.854,1.029,1.169,1.226,1.282,1.278,1.273,1.211,1.149,1.086,0.893,0.699,0.564,0.429,0.252,0.075,-0.102
Joint 4: ,0.0,0.0,0.0,0.0,0.0,0.0,0.0,0.0,0.0,0.0,0.0,0.0,0.0,0.0,0.0,0.0,0.0,0.0,0.0,0.0,0.0,0.0
Joint 5: ,0.2,0.187,0.173,0.158,0.143,0.096,0.049,0.043,0.022,0.0,0.0,0.0,0.0,0.0,0.0,0.0,0.0,0.0,0.0,-0.064,-0.129,-0.193
Joint 6: ,0.0,0.0,0.0,0.0,0.0,0.0,0.0,0.0,0.0,0.0,0.0,0.0,0.0,0.0,0.0,0.0,0.0,0.0,0.0,0.0,0.0,0.0
Trial,3,2D Sim,True,Distance Weight,0.85,Random Seed,45,Min Iterations,1200,Lazy,False,Distance cost,0.24422090220378476,Manip Cost,8.656183763652246,Total cost,0.698466896722002,Node cost function,True,Percent Manip Threshold,0,Update Path,False,Increasing weight,True,Parent finding radius R,0.6,Step Size,0.2,Goal Area Sample Probability,0.05,Goal Area Delta,0.6
Manipulability,0.081,0.121,0.161,0.199,0.223,0.242,0.257,0.256,0.254,0.249,0.243,0.225,0.207,0.176,0.15,0.134,0.116,0.107,0.098,0.07,0.04,0.024,0.081
Distance to Last Node,0.0,0.198,0.198,0.198,0.198,0.198,0.198,0.024,0.15,0.15,0.15,0.131,0.131,0.16,0.16,0.16,0.184,0.184,0.184,0.164,0.192,0.192,0.192
Joint 0: ,0.0,0.0,0.0,0.0,0.0,0.0,0.0,0.0,0.0,0.0,0.0,0.0,0.0,0.0,0.0,0.0,0.0,0.0,0.0,0.0,0.0,0.0,0.0
Joint 1: ,1.1,0.999,0.898,0.797,0.682,0.567,0.452,0.428,0.291,0.154,0.017,-0.113,-0.244,-0.384,-0.523,-0.662,-0.75,-0.838,-0.926,-0.844,-0.929,-1.015,-1.1
Joint 2: ,0.0,0.0,0.0,0.0,0.0,0.0,0.0,0.0,0.0,0.0,0.0,0.0,0.0,0.0,0.0,0.0,0.0,0.0,0.0,0.0,0.0,0.0,0.0
Joint 3: ,0.1,0.269,0.439,0.608,0.762,0.916,1.07,1.074,1.135,1.196,1.257,1.248,1.24,1.161,1.083,1.004,0.843,0.681,0.52,0.378,0.219,0.059,-0.1
Joint 4: ,0.0,0.0,0.0,0.0,0.0,0.0,0.0,0.0,0.0,0.0,0.0,0.0,0.0,0.0,0.0,0.0,0.0,0.0,0.0,0.0,0.0,0.0,0.0
Joint 5: ,0.2,0.179,0.159,0.138,0.092,0.046,0.0,0.0,0.0,0.0,0.0,0.0,0.0,0.0,0.0,0.0,0.0,0.0,0.0,0.0,-0.066,-0.132,-0.198
Joint 6: ,0.0,0.0,0.0,0.0,0.0,0.0,0.0,0.0,0.0,0.0,0.0,0.0,0.0,0.0,0.0,0.0,0.0,0.0,0.0,0.0,0.0,0.0,0.0
Trial,4,2D Sim,True,Distance Weight,0.85,Random Seed,60,Min Iterations,1200,Lazy,False,Distance cost,0.25048157108394115,Manip Cost,8.348396257918994,Total cost,0.6877689641730345,Node cost function,True,Percent Manip Threshold,0,Update Path,False,Increasing weight,True,Parent finding radius R,0.6,Step Size,0.2,Goal Area Sample Probability,0.05,Goal Area Delta,0.6
Manipulability,0.081,0.116,0.154,0.189,0.217,0.229,0.237,0.24,0.242,0.231,0.219,0.199,0.182,0.164,0.144,0.145,0.126,0.1,0.055,0.022,0.08
Distance to Last Node,0.0,0.223,0.2,0.2,0.19,0.179,0.179,0.179,0.178,0.13,0.13,0.18,0.18,0.166,0.261,0.261,0.185,0.185,0.194,0.194,0.194
Joint 0: ,0.0,0.0,0.0,0.0,0.0,0.0,0.0,0.0,0.0,0.0,0.0,0.0,0.0,0.0,0.0,0.0,0.0,0.0,0.0,0.0,0.0
Joint 1: ,1.1,1.038,0.929,0.82,0.697,0.548,0.399,0.251,0.106,-0.021,-0.147,-0.327,-0.507,-0.661,-0.839,-1.016,-1.037,-1.057,-1.071,-1.086,-1.1
Joint 2: ,0.0,0.0,0.0,0.0,0.0,0.0,0.0,0.0,0.0,0.0,0.0,0.0,0.0,0.0,0.0,0.0,0.0,0.0,0.0,0.0,0.0
Joint 3: ,0.1,0.299,0.464,0.629,0.773,0.873,0.973,1.073,1.177,1.208,1.239,1.249,1.26,1.197,1.007,0.816,0.632,0.448,0.265,0.083,-0.099
Joint 4: ,0.0,0.0,0.0,0.0,0.0,0.0,0.0,0.0,0.0,0.0,0.0,0.0,0.0,0.0,0.0,0.0,0.0,0.0,0.0,0.0,0.0
Joint 5: ,0.2,0.119,0.089,0.06,0.047,0.038,0.029,0.02,0.017,0.009,0.0,0.0,0.0,0.0,0.0,0.0,0.0,0.0,-0.065,-0.131,-0.196
Joint 6: ,0.0,0.0,0.0,0.0,0.0,0.0,0.0,0.0,0.0,0.0,0.0,0.0,0.0,0.0,0.0,0.0,0.0,0.0,0.0,0.0,0.0
Trial,5,2D Sim,True,Distance Weight,0.85,Random Seed,75,Min Iterations,1200,Lazy,False,Distance cost,0.2774893656641129,Manip Cost,7.628627002327896,Total cost,0.6744507980439576,Node cost function,True,Percent Manip Threshold,0,Update Path,False,Increasing weight,True,Parent finding radius R,0.6,Step Size,0.2,Goal Area Sample Probability,0.05,Goal Area Delta,0.6
Manipulability,0.081,0.122,0.163,0.193,0.222,0.246,0.264,0.269,0.269,0.268,0.253,0.236,0.203,0.172,0.158,0.151,0.157,0.168,0.159,0.139,0.106,0.049,0.025,0.078
Distance to Last Node,0.0,0.189,0.189,0.199,0.199,0.199,0.199,0.192,0.192,0.03,0.16,0.16,0.198,0.198,0.186,0.183,0.183,0.183,0.188,0.188,0.188,0.2,0.2,0.2
Joint 0: ,0.0,0.0,0.0,0.0,0.0,0.0,0.0,0.0,0.0,0.0,0.0,0.0,0.0,0.0,0.0,0.0,0.0,0.0,0.0,0.0,0.0,0.0,0.0,0.0
Joint 1: ,1.1,1.015,0.929,0.805,0.685,0.565,0.444,0.304,0.163,0.154,-0.005,-0.164,-0.343,-0.523,-0.703,-0.856,-1.009,-1.162,-1.252,-1.342,-1.432,-1.322,-1.212,-1.101
Joint 2: ,0.0,0.0,0.0,0.0,0.0,0.0,0.0,0.0,0.0,0.0,0.0,0.0,0.0,0.0,0.0,0.0,0.0,0.0,0.0,0.0,0.0,0.0,0.0,0.0
Joint 3: ,0.1,0.268,0.436,0.588,0.745,0.902,1.059,1.187,1.316,1.335,1.353,1.371,1.287,1.203,1.159,1.059,0.958,0.858,0.693,0.528,0.364,0.21,0.056,-0.097
Joint 4: ,0.0,0.0,0.0,0.0,0.0,0.0,0.0,0.0,0.0,0.0,0.0,0.0,0.0,0.0,0.0,0.0,0.0,0.0,0.0,0.0,0.0,0.0,0.0,0.0
Joint 5: ,0.2,0.183,0.165,0.134,0.11,0.087,0.063,0.042,0.021,0.0,0.0,0.0,0.0,0.0,0.0,0.0,0.0,0.0,0.0,0.0,0.0,-0.064,-0.127,-0.191
Joint 6: ,0.0,0.0,0.0,0.0,0.0,0.0,0.0,0.0,0.0,0.0,0.0,0.0,0.0,0.0,0.0,0.0,0.0,0.0,0.0,0.0,0.0,0.0,0.0,0.0
Trial,5,2D Sim,True,Distance Weight,0.8,Random Seed,75,Min Iterations,1200,Lazy,False,Distance cost,0.2449253646550882,Manip Cost,8.443072829908793,Total cost,0.8351919821533555,Node cost function,True,Percent Manip Threshold,0,Update Path,False,Increasing weight,True,Parent finding radius R,0.6,Step Size,0.2,Goal Area Sample Probability,0.05,Goal Area Delta,0.6
Manipulability,0.081,0.122,0.163,0.193,0.211,0.224,0.233,0.219,0.211,0.197,0.184,0.173,0.162,0.146,0.144,0.151,0.132,0.105,0.058,0.022,0.08
Distance to Last Node,0.0,0.189,0.189,0.199,0.195,0.194,0.194,0.149,0.194,0.167,0.167,0.167,0.184,0.186,0.186,0.186,0.185,0.185,0.198,0.198,0.198
Joint 0: ,0.0,0.0,0.0,0.0,0.0,0.0,0.0,0.0,0.0,0.0,0.0,0.0,0.0,0.0,0.0,0.0,0.0,0.0,0.0,0.0,0.0
Joint 1: ,1.1,1.015,0.929,0.805,0.672,0.525,0.378,0.231,0.05,-0.112,-0.275,-0.438,-0.622,-0.767,-0.912,-1.057,-1.076,-1.094,-1.096,-1.098,-1.1
Joint 2: ,0.0,0.0,0.0,0.0,0.0,0.0,0.0,0.0,0.0,0.0,0.0,0.0,0.0,0.0,0.0,0.0,0.0,0.0,0.0,0.0,0.0
Joint 3: ,0.1,0.268,0.436,0.588,0.723,0.846,0.968,0.987,1.059,1.096,1.134,1.172,1.175,1.059,0.943,0.827,0.643,0.459,0.273,0.086,-0.101
Joint 4: ,0.0,0.0,0.0,0.0,0.0,0.0,0.0,0.0,0.0,0.0,0.0,0.0,0.0,0.0,0.0,0.0,0.0,0.0,0.0,0.0,0.0
Joint 5: ,0.2,0.183,0.165,0.134,0.089,0.06,0.03,0.02,0.013,0.009,0.004,0.0,0.0,0.0,0.0,0.0,0.0,0.0,-0.065,-0.131,-0.196
Joint 6: ,0.0,0.0,0.0,0.0,0.0,0.0,0.0,0.0,0.0,0.0,0.0,0.0,0.0,0.0,0.0,0.0,0.0,0.0,0.0,0.0,0.0
Trial,1,2D Sim,True,Distance Weight,0.8,Random Seed,15,Min Iterations,1200,Lazy,False,Distance cost,0.28331631587728656,Manip Cost,7.479087743326219,Total cost,0.8014118586536102,Node cost function,True,Percent Manip Threshold,0,Update Path,False,Increasing weight,True,Parent finding radius R,0.6,Step Size,0.2,Goal Area Sample Probability,0.05,Goal Area Delta,0.6
Manipulability,0.081,0.112,0.146,0.179,0.209,0.235,0.259,0.265,0.277,0.283,0.279,0.274,0.259,0.243,0.224,0.195,0.173,0.156,0.147,0.145,0.139,0.122,0.092,0.042,0.028,0.081
Distance to Last Node,0.0,0.188,0.157,0.187,0.187,0.187,0.191,0.167,0.157,0.157,0.121,0.063,0.178,0.178,0.157,0.196,0.196,0.174,0.174,0.174,0.195,0.195,0.195,0.171,0.171,0.171
Joint 0: ,0.0,0.0,0.0,0.0,0.0,0.0,0.0,0.0,0.0,0.0,0.0,0.0,0.0,0.0,0.0,0.0,0.0,0.0,0.0,0.0,0.0,0.0,0.0,0.0,0.0,0.0
Joint 1: ,1.1,1.174,1.171,1.056,0.941,0.825,0.7,0.554,0.45,0.346,0.239,0.178,0.003,-0.172,-0.329,-0.507,-0.685,-0.788,-0.892,-0.995,-1.09,-1.185,-1.279,-1.22,-1.16,-1.1
Joint 2: ,0.0,0.0,0.0,0.0,0.0,0.0,0.0,0.0,0.0,0.0,0.0,0.0,0.0,0.0,0.0,0.0,0.0,0.0,0.0,0.0,0.0,0.0,0.0,0.0,0.0,0.0
Joint 3: ,0.1,0.259,0.411,0.555,0.7,0.844,0.988,1.07,1.188,1.305,1.363,1.374,1.409,1.443,1.434,1.352,1.27,1.13,0.991,0.851,0.68,0.509,0.338,0.192,0.046,-0.1
Joint 4: ,0.0,0.0,0.0,0.0,0.0,0.0,0.0,0.0,0.0,0.0,0.0,0.0,0.0,0.0,0.0,0.0,0.0,0.0,0.0,0.0,0.0,0.0,0.0,0.0,0.0,0.0
Joint 5: ,0.2,0.133,0.091,0.063,0.036,0.009,0.0,0.0,0.0,0.0,0.0,0.0,0.0,0.0,0.0,0.0,0.0,0.0,0.0,0.0,0.0,0.0,0.0,-0.066,-0.133,-0.199
Joint 6: ,0.0,0.0,0.0,0.0,0.0,0.0,0.0,0.0,0.0,0.0,0.0,0.0,0.0,0.0,0.0,0.0,0.0,0.0,0.0,0.0,0.0,0.0,0.0,0.0,0.0,0.0
Trial,2,2D Sim,True,Distance Weight,0.8,Random Seed,30,Min Iterations,1200,Lazy,False,Distance cost,0.2538225386229582,Manip Cost,8.278258496386032,Total cost,0.8315819275819001,Node cost function,True,Percent Manip Threshold,0,Update Path,False,Increasing weight,True,Parent finding radius R,0.6,Step Size,0.2,Goal Area Sample Probability,0.05,Goal Area Delta,0.6
Manipulability,0.081,0.108,0.143,0.177,0.208,0.231,0.248,0.258,0.252,0.244,0.232,0.204,0.178,0.157,0.144,0.145,0.151,0.129,0.099,0.051,0.023,0.08
Distance to Last Node,0.0,0.196,0.183,0.183,0.183,0.228,0.228,0.2,0.128,0.128,0.155,0.173,0.173,0.192,0.194,0.194,0.194,0.181,0.181,0.183,0.183,0.183
Joint 0: ,0.0,0.0,0.0,0.0,0.0,0.0,0.0,0.0,0.0,0.0,0.0,0.0,0.0,0.0,0.0,0.0,0.0,0.0,0.0,0.0,0.0,0.0
Joint 1: ,1.1,0.952,0.849,0.747,0.644,0.505,0.367,0.224,0.112,-0.001,-0.15,-0.316,-0.481,-0.658,-0.806,-0.955,-1.103,-1.112,-1.122,-1.115,-1.107,-1.1
Joint 2: ,0.0,0.0,0.0,0.0,0.0,0.0,0.0,0.0,0.0,0.0,0.0,0.0,0.0,0.0,0.0,0.0,0.0,0.0,0.0,0.0,0.0,0.0
Joint 3: ,0.1,0.227,0.377,0.528,0.679,0.854,1.029,1.169,1.226,1.282,1.324,1.274,1.223,1.149,1.023,0.898,0.773,0.592,0.411,0.24,0.069,-0.102
Joint 4: ,0.0,0.0,0.0,0.0,0.0,0.0,0.0,0.0,0.0,0.0,0.0,0.0,0.0,0.0,0.0,0.0,0.0,0.0,0.0,0.0,0.0,0.0
Joint 5: ,0.2,0.187,0.173,0.158,0.143,0.096,0.049,0.043,0.022,0.0,0.0,0.0,0.0,0.0,0.0,0.0,0.0,0.0,0.0,-0.064,-0.129,-0.193
Joint 6: ,0.0,0.0,0.0,0.0,0.0,0.0,0.0,0.0,0.0,0.0,0.0,0.0,0.0,0.0,0.0,0.0,0.0,0.0,0.0,0.0,0.0,0.0
Trial,3,2D Sim,True,Distance Weight,0.8,Random Seed,45,Min Iterations,1200,Lazy,False,Distance cost,0.2667752404950218,Manip Cost,7.851616019049105,Total cost,0.8128837765509163,Node cost function,True,Percent Manip Threshold,0,Update Path,False,Increasing weight,True,Parent finding radius R,0.6,Step Size,0.2,Goal Area Sample Probability,0.05,Goal Area Delta,0.6
Manipulability,0.081,0.122,0.166,0.207,0.244,0.263,0.274,0.283,0.286,0.285,0.274,0.255,0.232,0.208,0.174,0.142,0.123,0.117,0.114,0.103,0.056,0.022,0.081
Distance to Last Node,0.0,0.2,0.175,0.175,0.175,0.243,0.243,0.156,0.156,0.061,0.199,0.174,0.174,0.174,0.192,0.192,0.192,0.192,0.192,0.192,0.194,0.194,0.194
Joint 0: ,0.0,0.0,0.0,0.0,0.0,0.0,0.0,0.0,0.0,0.0,0.0,0.0,0.0,0.0,0.0,0.0,0.0,0.0,0.0,0.0,0.0,0.0,0.0
Joint 1: ,1.1,1.02,0.975,0.931,0.887,0.72,0.554,0.448,0.343,0.293,0.114,-0.056,-0.225,-0.395,-0.508,-0.621,-0.735,-0.853,-0.972,-1.09,-1.094,-1.097,-1.1
Joint 2: ,0.0,0.0,0.0,0.0,0.0,0.0,0.0,0.0,0.0,0.0,0.0,0.0,0.0,0.0,0.0,0.0,0.0,0.0,0.0,0.0,0.0,0.0,0.0
Joint 3: ,0.1,0.28,0.449,0.617,0.786,0.954,1.122,1.237,1.352,1.387,1.475,1.438,1.401,1.364,1.209,1.055,0.9,0.749,0.599,0.449,0.266,0.083,-0.1
Joint 4: ,0.0,0.0,0.0,0.0,0.0,0.0,0.0,0.0,0.0,0.0,0.0,0.0,0.0,0.0,0.0,0.0,0.0,0.0,0.0,0.0,0.0,0.0,0.0
Joint 5: ,0.2,0.167,0.15,0.133,0.116,0.058,0.0,0.0,0.0,0.0,0.0,0.0,0.0,0.0,0.0,0.0,0.0,0.0,0.0,0.0,-0.066,-0.132,-0.198
Joint 6: ,0.0,0.0,0.0,0.0,0.0,0.0,0.0,0.0,0.0,0.0,0.0,0.0,0.0,0.0,0.0,0.0,0.0,0.0,0.0,0.0,0.0,0.0,0.0
Trial,4,2D Sim,True,Distance Weight,0.8,Random Seed,60,Min Iterations,1200,Lazy,False,Distance cost,0.2622813619467588,Manip Cost,7.8515899242325045,Total cost,0.808711578431333,Node cost function,True,Percent Manip Threshold,0,Update Path,False,Increasing weight,True,Parent finding radius R,0.6,Step Size,0.2,Goal Area Sample Probability,0.05,Goal Area Delta,0.6
Manipulability,0.081,0.116,0.156,0.196,0.231,0.26,0.283,0.278,0.268,0.254,0.244,0.232,0.219,0.199,0.182,0.164,0.144,0.145,0.126,0.1,0.055,0.022,0.08
Distance to Last Node,0.0,0.223,0.206,0.195,0.195,0.195,0.201,0.041,0.14,0.14,0.144,0.144,0.144,0.18,0.18,0.166,0.261,0.261,0.185,0.185,0.194,0.194,0.194
Joint 0: ,0.0,0.0,0.0,0.0,0.0,0.0,0.0,0.0,0.0,0.0,0.0,0.0,0.0,0.0,0.0,0.0,0.0,0.0,0.0,0.0,0.0,0.0,0.0
Joint 1: ,1.1,1.038,0.95,0.863,0.775,0.688,0.588,0.556,0.416,0.276,0.135,-0.006,-0.147,-0.327,-0.507,-0.661,-0.839,-1.016,-1.037,-1.057,-1.071,-1.086,-1.1
Joint 2: ,0.0,0.0,0.0,0.0,0.0,0.0,0.0,0.0,0.0,0.0,0.0,0.0,0.0,0.0,0.0,0.0,0.0,0.0,0.0,0.0,0.0,0.0,0.0
Joint 3: ,0.1,0.299,0.48,0.653,0.825,0.997,1.172,1.146,1.146,1.147,1.178,1.209,1.239,1.249,1.26,1.197,1.007,0.816,0.632,0.448,0.265,0.083,-0.099
Joint 4: ,0.0,0.0,0.0,0.0,0.0,0.0,0.0,0.0,0.0,0.0,0.0,0.0,0.0,0.0,0.0,0.0,0.0,0.0,0.0,0.0,0.0,0.0,0.0
Joint 5: ,0.2,0.119,0.076,0.051,0.025,0.0,0.0,0.0,0.0,0.0,0.0,0.0,0.0,0.0,0.0,0.0,0.0,0.0,0.0,0.0,-0.065,-0.131,-0.196
Joint 6: ,0.0,0.0,0.0,0.0,0.0,0.0,0.0,0.0,0.0,0.0,0.0,0.0,0.0,0.0,0.0,0.0,0.0,0.0,0.0,0.0,0.0,0.0,0.0
Trial,5,2D Sim,True,Distance Weight,0.8,Random Seed,75,Min Iterations,1200,Lazy,False,Distance cost,0.2449253646550882,Manip Cost,8.443072829908793,Total cost,0.8351919821533555,Node cost function,True,Percent Manip Threshold,0,Update Path,False,Increasing weight,True,Parent finding radius R,0.6,Step Size,0.2,Goal Area Sample Probability,0.05,Goal Area Delta,0.6
Manipulability,0.081,0.122,0.163,0.193,0.211,0.224,0.233,0.219,0.211,0.197,0.184,0.173,0.162,0.146,0.144,0.151,0.132,0.105,0.058,0.022,0.08
Distance to Last Node,0.0,0.189,0.189,0.199,0.195,0.194,0.194,0.149,0.194,0.167,0.167,0.167,0.184,0.186,0.186,0.186,0.185,0.185,0.198,0.198,0.198
Joint 0: ,0.0,0.0,0.0,0.0,0.0,0.0,0.0,0.0,0.0,0.0,0.0,0.0,0.0,0.0,0.0,0.0,0.0,0.0,0.0,0.0,0.0
Joint 1: ,1.1,1.015,0.929,0.805,0.672,0.525,0.378,0.231,0.05,-0.112,-0.275,-0.438,-0.622,-0.767,-0.912,-1.057,-1.076,-1.094,-1.096,-1.098,-1.1
Joint 2: ,0.0,0.0,0.0,0.0,0.0,0.0,0.0,0.0,0.0,0.0,0.0,0.0,0.0,0.0,0.0,0.0,0.0,0.0,0.0,0.0,0.0
Joint 3: ,0.1,0.268,0.436,0.588,0.723,0.846,0.968,0.987,1.059,1.096,1.134,1.172,1.175,1.059,0.943,0.827,0.643,0.459,0.273,0.086,-0.101
Joint 4: ,0.0,0.0,0.0,0.0,0.0,0.0,0.0,0.0,0.0,0.0,0.0,0.0,0.0,0.0,0.0,0.0,0.0,0.0,0.0,0.0,0.0
Joint 5: ,0.2,0.183,0.165,0.134,0.089,0.06,0.03,0.02,0.013,0.009,0.004,0.0,0.0,0.0,0.0,0.0,0.0,0.0,-0.065,-0.131,-0.196
Joint 6: ,0.0,0.0,0.0,0.0,0.0,0.0,0.0,0.0,0.0,0.0,0.0,0.0,0.0,0.0,0.0,0.0,0.0,0.0,0.0,0.0,0.0
Trial,5,2D Sim,True,Distance Weight,0.7,Random Seed,75,Min Iterations,1200,Lazy,False,Distance cost,0.2661934566751623,Manip Cost,7.9120277452441465,Total cost,1.0919435598406133,Node cost function,True,Percent Manip Threshold,0,Update Path,False,Increasing weight,True,Parent finding radius R,0.6,Step Size,0.2,Goal Area Sample Probability,0.05,Goal Area Delta,0.6
Manipulability,0.081,0.122,0.163,0.193,0.219,0.24,0.264,0.269,0.269,0.264,0.252,0.226,0.198,0.175,0.15,0.145,0.151,0.134,0.108,0.058,0.022,0.08
Distance to Last Node,0.0,0.189,0.189,0.199,0.199,0.199,0.2,0.192,0.192,0.192,0.127,0.186,0.186,0.186,0.198,0.213,0.213,0.19,0.19,0.197,0.197,0.197
Joint 0: ,0.0,0.0,0.0,0.0,0.0,0.0,0.0,0.0,0.0,0.0,0.0,0.0,0.0,0.0,0.0,0.0,0.0,0.0,0.0,0.0,0.0,0.0
Joint 1: ,1.1,1.015,0.929,0.805,0.68,0.556,0.444,0.304,0.163,0.022,-0.103,-0.276,-0.45,-0.624,-0.732,-0.895,-1.057,-1.096,-1.135,-1.123,-1.111,-1.099
Joint 2: ,0.0,0.0,0.0,0.0,0.0,0.0,0.0,0.0,0.0,0.0,0.0,0.0,0.0,0.0,0.0,0.0,0.0,0.0,0.0,0.0,0.0,0.0
Joint 3: ,0.1,0.268,0.436,0.588,0.74,0.893,1.059,1.187,1.316,1.445,1.466,1.4,1.334,1.268,1.103,0.965,0.827,0.641,0.455,0.27,0.085,-0.101
Joint 4: ,0.0,0.0,0.0,0.0,0.0,0.0,0.0,0.0,0.0,0.0,0.0,0.0,0.0,0.0,0.0,0.0,0.0,0.0,0.0,0.0,0.0,0.0
Joint 5: ,0.2,0.183,0.165,0.134,0.103,0.071,0.063,0.042,0.021,0.0,0.0,0.0,0.0,0.0,0.0,0.0,0.0,0.0,0.0,-0.065,-0.13,-0.195
Joint 6: ,0.0,0.0,0.0,0.0,0.0,0.0,0.0,0.0,0.0,0.0,0.0,0.0,0.0,0.0,0.0,0.0,0.0,0.0,0.0,0.0,0.0,0.0
Trial,1,2D Sim,True,Distance Weight,0.7,Random Seed,15,Min Iterations,1200,Lazy,False,Distance cost,0.2831670776368217,Manip Cost,7.524018730475282,Total cost,1.065179056143376,Node cost function,True,Percent Manip Threshold,0,Update Path,False,Increasing weight,True,Parent finding radius R,0.6,Step Size,0.2,Goal Area Sample Probability,0.05,Goal Area Delta,0.6
Manipulability,0.081,0.112,0.146,0.179,0.209,0.235,0.259,0.265,0.277,0.283,0.27,0.254,0.238,0.232,0.219,0.192,0.172,0.155,0.147,0.145,0.139,0.122,0.092,0.042,0.028,0.081
Distance to Last Node,0.0,0.188,0.157,0.187,0.187,0.187,0.191,0.167,0.157,0.157,0.139,0.139,0.182,0.138,0.128,0.185,0.185,0.17,0.17,0.17,0.195,0.195,0.195,0.171,0.171,0.171
Joint 0: ,0.0,0.0,0.0,0.0,0.0,0.0,0.0,0.0,0.0,0.0,0.0,0.0,0.0,0.0,0.0,0.0,0.0,0.0,0.0,0.0,0.0,0.0,0.0,0.0,0.0,0.0
Joint 1: ,1.1,1.174,1.171,1.056,0.941,0.825,0.7,0.554,0.45,0.346,0.207,0.067,-0.111,-0.229,-0.357,-0.525,-0.694,-0.794,-0.895,-0.995,-1.09,-1.185,-1.279,-1.22,-1.16,-1.1
Joint 2: ,0.0,0.0,0.0,0.0,0.0,0.0,0.0,0.0,0.0,0.0,0.0,0.0,0.0,0.0,0.0,0.0,0.0,0.0,0.0,0.0,0.0,0.0,0.0,0.0,0.0,0.0
Joint 3: ,0.1,0.259,0.411,0.555,0.7,0.844,0.988,1.07,1.188,1.305,1.3,1.294,1.334,1.406,1.415,1.34,1.264,1.126,0.989,0.851,0.68,0.509,0.338,0.192,0.046,-0.1
Joint 4: ,0.0,0.0,0.0,0.0,0.0,0.0,0.0,0.0,0.0,0.0,0.0,0.0,0.0,0.0,0.0,0.0,0.0,0.0,0.0,0.0,0.0,0.0,0.0,0.0,0.0,0.0
Joint 5: ,0.2,0.133,0.091,0.063,0.036,0.009,0.0,0.0,0.0,0.0,0.0,0.0,0.0,0.0,0.0,0.0,0.0,0.0,0.0,0.0,0.0,0.0,0.0,-0.066,-0.133,-0.199
Joint 6: ,0.0,0.0,0.0,0.0,0.0,0.0,0.0,0.0,0.0,0.0,0.0,0.0,0.0,0.0,0.0,0.0,0.0,0.0,0.0,0.0,0.0,0.0,0.0,0.0,0.0,0.0
Trial,2,2D Sim,True,Distance Weight,0.7,Random Seed,30,Min Iterations,1200,Lazy,False,Distance cost,0.29267317883647165,Manip Cost,7.238835427140908,Total cost,1.0428587016533515,Node cost function,True,Percent Manip Threshold,0,Update Path,False,Increasing weight,True,Parent finding radius R,0.6,Step Size,0.2,Goal Area Sample Probability,0.05,Goal Area Delta,0.6
Manipulability,0.081,0.108,0.143,0.177,0.207,0.235,0.259,0.276,0.276,0.275,0.257,0.254,0.239,0.223,0.207,0.194,0.172,0.164,0.168,0.18,0.193,0.174,0.144,0.102,0.047,0.026,0.08
Distance to Last Node,0.0,0.196,0.183,0.183,0.163,0.163,0.163,0.092,0.108,0.108,0.151,0.193,0.159,0.159,0.159,0.183,0.199,0.199,0.176,0.176,0.176,0.189,0.189,0.189,0.192,0.192,0.192
Joint 0: ,0.0,0.0,0.0,0.0,0.0,0.0,0.0,0.0,0.0,0.0,0.0,0.0,0.0,0.0,0.0,0.0,0.0,0.0,0.0,0.0,0.0,0.0,0.0,0.0,0.0,0.0,0.0
Joint 1: ,1.1,0.952,0.849,0.747,0.729,0.711,0.694,0.703,0.601,0.499,0.352,0.18,0.023,-0.134,-0.291,-0.469,-0.657,-0.846,-0.997,-1.149,-1.3,-1.329,-1.358,-1.388,-1.292,-1.196,-1.1
Joint 2: ,0.0,0.0,0.0,0.0,0.0,0.0,0.0,0.0,0.0,0.0,0.0,0.0,0.0,0.0,0.0,0.0,0.0,0.0,0.0,0.0,0.0,0.0,0.0,0.0,0.0,0.0,0.0
Joint 3: ,0.1,0.227,0.377,0.528,0.681,0.835,0.988,1.08,1.115,1.15,1.118,1.207,1.229,1.251,1.273,1.316,1.251,1.187,1.098,1.009,0.92,0.733,0.546,0.359,0.205,0.052,-0.102
Joint 4: ,0.0,0.0,0.0,0.0,0.0,0.0,0.0,0.0,0.0,0.0,0.0,0.0,0.0,0.0,0.0,0.0,0.0,0.0,0.0,0.0,0.0,0.0,0.0,0.0,0.0,0.0,0.0
Joint 5: ,0.2,0.187,0.173,0.158,0.105,0.053,0.0,0.0,0.0,0.0,0.0,0.0,0.0,0.0,0.0,0.0,0.0,0.0,0.0,0.0,0.0,0.0,0.0,0.0,-0.064,-0.129,-0.193
Joint 6: ,0.0,0.0,0.0,0.0,0.0,0.0,0.0,0.0,0.0,0.0,0.0,0.0,0.0,0.0,0.0,0.0,0.0,0.0,0.0,0.0,0.0,0.0,0.0,0.0,0.0,0.0,0.0
Trial,3,2D Sim,True,Distance Weight,0.7,Random Seed,45,Min Iterations,1200,Lazy,False,Distance cost,0.2667752404950218,Manip Cost,7.851616019049105,Total cost,1.0859380445788636,Node cost function,True,Percent Manip Threshold,0,Update Path,False,Increasing weight,True,Parent finding radius R,0.6,Step Size,0.2,Goal Area Sample Probability,0.05,Goal Area Delta,0.6
Manipulability,0.081,0.122,0.166,0.207,0.244,0.263,0.274,0.283,0.286,0.285,0.274,0.255,0.232,0.208,0.174,0.142,0.123,0.117,0.114,0.103,0.056,0.022,0.081
Distance to Last Node,0.0,0.2,0.175,0.175,0.175,0.243,0.243,0.156,0.156,0.061,0.199,0.174,0.174,0.174,0.192,0.192,0.192,0.192,0.192,0.192,0.194,0.194,0.194
Joint 0: ,0.0,0.0,0.0,0.0,0.0,0.0,0.0,0.0,0.0,0.0,0.0,0.0,0.0,0.0,0.0,0.0,0.0,0.0,0.0,0.0,0.0,0.0,0.0
Joint 1: ,1.1,1.02,0.975,0.931,0.887,0.72,0.554,0.448,0.343,0.293,0.114,-0.056,-0.225,-0.395,-0.508,-0.621,-0.735,-0.853,-0.972,-1.09,-1.094,-1.097,-1.1
Joint 2: ,0.0,0.0,0.0,0.0,0.0,0.0,0.0,0.0,0.0,0.0,0.0,0.0,0.0,0.0,0.0,0.0,0.0,0.0,0.0,0.0,0.0,0.0,0.0
Joint 3: ,0.1,0.28,0.449,0.617,0.786,0.954,1.122,1.237,1.352,1.387,1.475,1.438,1.401,1.364,1.209,1.055,0.9,0.749,0.599,0.449,0.266,0.083,-0.1
Joint 4: ,0.0,0.0,0.0,0.0,0.0,0.0,0.0,0.0,0.0,0.0,0.0,0.0,0.0,0.0,0.0,0.0,0.0,0.0,0.0,0.0,0.0,0.0,0.0
Joint 5: ,0.2,0.167,0.15,0.133,0.116,0.058,0.0,0.0,0.0,0.0,0.0,0.0,0.0,0.0,0.0,0.0,0.0,0.0,0.0,0.0,-0.066,-0.132,-0.198
Joint 6: ,0.0,0.0,0.0,0.0,0.0,0.0,0.0,0.0,0.0,0.0,0.0,0.0,0.0,0.0,0.0,0.0,0.0,0.0,0.0,0.0,0.0,0.0,0.0
Trial,4,2D Sim,True,Distance Weight,0.7,Random Seed,60,Min Iterations,1200,Lazy,False,Distance cost,0.29783632521707654,Manip Cost,7.135261619894532,Total cost,1.0362782570422424,Node cost function,True,Percent Manip Threshold,0,Update Path,False,Increasing weight,True,Parent finding radius R,0.6,Step Size,0.2,Goal Area Sample Probability,0.05,Goal Area Delta,0.6
Manipulability,0.081,0.116,0.158,0.198,0.234,0.265,0.286,0.299,0.3,0.301,0.296,0.287,0.277,0.262,0.25,0.224,0.196,0.173,0.16,0.151,0.144,0.133,0.112,0.059,0.022,0.08
Distance to Last Node,0.0,0.223,0.17,0.17,0.17,0.169,0.169,0.2,0.064,0.186,0.186,0.186,0.17,0.17,0.118,0.197,0.197,0.197,0.191,0.189,0.198,0.198,0.198,0.197,0.197,0.197
Joint 0: ,0.0,0.0,0.0,0.0,0.0,0.0,0.0,0.0,0.0,0.0,0.0,0.0,0.0,0.0,0.0,0.0,0.0,0.0,0.0,0.0,0.0,0.0,0.0,0.0,0.0,0.0
Joint 1: ,1.1,1.038,1.028,1.017,1.006,0.99,0.974,0.862,0.799,0.632,0.466,0.299,0.129,-0.04,-0.152,-0.33,-0.509,-0.687,-0.837,-0.932,-1.017,-1.103,-1.189,-1.159,-1.13,-1.1
Joint 2: ,0.0,0.0,0.0,0.0,0.0,0.0,0.0,0.0,0.0,0.0,0.0,0.0,0.0,0.0,0.0,0.0,0.0,0.0,0.0,0.0,0.0,0.0,0.0,0.0,0.0,0.0
Joint 3: ,0.1,0.299,0.466,0.633,0.799,0.967,1.134,1.3,1.312,1.395,1.479,1.562,1.562,1.561,1.522,1.438,1.354,1.27,1.151,0.987,0.809,0.63,0.451,0.268,0.084,-0.099
Joint 4: ,0.0,0.0,0.0,0.0,0.0,0.0,0.0,0.0,0.0,0.0,0.0,0.0,0.0,0.0,0.0,0.0,0.0,0.0,0.0,0.0,0.0,0.0,0.0,0.0,0.0,0.0
Joint 5: ,0.2,0.119,0.089,0.058,0.028,0.017,0.006,0.003,0.0,0.0,0.0,0.0,0.0,0.0,0.0,0.0,0.0,0.0,0.0,0.0,0.0,0.0,0.0,-0.065,-0.131,-0.196
Joint 6: ,0.0,0.0,0.0,0.0,0.0,0.0,0.0,0.0,0.0,0.0,0.0,0.0,0.0,0.0,0.0,0.0,0.0,0.0,0.0,0.0,0.0,0.0,0.0,0.0,0.0,0.0
Trial,5,2D Sim,True,Distance Weight,0.7,Random Seed,75,Min Iterations,1200,Lazy,False,Distance cost,0.2661934566751623,Manip Cost,7.9120277452441465,Total cost,1.0919435598406133,Node cost function,True,Percent Manip Threshold,0,Update Path,False,Increasing weight,True,Parent finding radius R,0.6,Step Size,0.2,Goal Area Sample Probability,0.05,Goal Area Delta,0.6
Manipulability,0.081,0.122,0.163,0.193,0.219,0.24,0.264,0.269,0.269,0.264,0.252,0.226,0.198,0.175,0.15,0.145,0.151,0.134,0.108,0.058,0.022,0.08
Distance to Last Node,0.0,0.189,0.189,0.199,0.199,0.199,0.2,0.192,0.192,0.192,0.127,0.186,0.186,0.186,0.198,0.213,0.213,0.19,0.19,0.197,0.197,0.197
Joint 0: ,0.0,0.0,0.0,0.0,0.0,0.0,0.0,0.0,0.0,0.0,0.0,0.0,0.0,0.0,0.0,0.0,0.0,0.0,0.0,0.0,0.0,0.0
Joint 1: ,1.1,1.015,0.929,0.805,0.68,0.556,0.444,0.304,0.163,0.022,-0.103,-0.276,-0.45,-0.624,-0.732,-0.895,-1.057,-1.096,-1.135,-1.123,-1.111,-1.099
Joint 2: ,0.0,0.0,0.0,0.0,0.0,0.0,0.0,0.0,0.0,0.0,0.0,0.0,0.0,0.0,0.0,0.0,0.0,0.0,0.0,0.0,0.0,0.0
Joint 3: ,0.1,0.268,0.436,0.588,0.74,0.893,1.059,1.187,1.316,1.445,1.466,1.4,1.334,1.268,1.103,0.965,0.827,0.641,0.455,0.27,0.085,-0.101
Joint 4: ,0.0,0.0,0.0,0.0,0.0,0.0,0.0,0.0,0.0,0.0,0.0,0.0,0.0,0.0,0.0,0.0,0.0,0.0,0.0,0.0,0.0,0.0
Joint 5: ,0.2,0.183,0.165,0.134,0.103,0.071,0.063,0.042,0.021,0.0,0.0,0.0,0.0,0.0,0.0,0.0,0.0,0.0,0.0,-0.065,-0.13,-0.195
Joint 6: ,0.0,0.0,0.0,0.0,0.0,0.0,0.0,0.0,0.0,0.0,0.0,0.0,0.0,0.0,0.0,0.0,0.0,0.0,0.0,0.0,0.0,0.0
