Trial,5,2D Sim,True,Distance Weight,0.9,Random Seed,75,Min Iterations,1200,Lazy,False,Distance cost,0.23084029865709965,Manip Cost,8.973521227349483,Total cost,0.5455768120900257,Node cost function,True,Percent Manip Threshold,10,Update Path,False,Increasing weight,True,Parent finding radius R,0.6,Step Size,0.2,Goal Area Sample Probability,0.05,Goal Area Delta,0.6
Manipulability,0.081,0.122,0.163,0.193,0.211,0.224,0.232,0.218,0.197,0.177,0.157,0.144,0.124,0.122,0.131,0.121,0.109,0.06,0.021,0.078
Distance to Last Node,0.0,0.189,0.189,0.199,0.195,0.194,0.194,0.147,0.172,0.172,0.172,0.172,0.184,0.184,0.184,0.183,0.172,0.198,0.198,0.198
Joint 0: ,0.0,0.0,0.0,0.0,0.0,0.0,0.0,0.0,0.0,0.0,0.0,0.0,0.0,0.0,0.0,0.0,0.0,0.0,0.0,0.0
Joint 1: ,1.1,1.015,0.929,0.805,0.672,0.525,0.368,0.222,0.051,-0.12,-0.291,-0.462,-0.625,-0.787,-0.949,-1.024,-1.123,-1.116,-1.109,-1.101
Joint 2: ,0.0,0.0,0.0,0.0,0.0,0.0,0.0,0.0,0.0,0.0,0.0,0.0,0.0,0.0,0.0,0.0,0.0,0.0,0.0,0.0
Joint 3: ,0.1,0.268,0.436,0.588,0.723,0.846,0.959,0.98,0.996,1.011,1.02,1.029,0.943,0.858,0.772,0.604,0.464,0.277,0.09,-0.097
Joint 4: ,0.0,0.0,0.0,0.0,0.0,0.0,0.0,0.0,0.0,0.0,0.0,0.0,0.0,0.0,0.0,0.0,0.0,0.0,0.0,0.0
Joint 5: ,0.2,0.183,0.165,0.134,0.089,0.06,0.04,0.03,0.02,0.01,0.007,0.003,0.002,0.001,0.0,0.0,0.0,-0.064,-0.127,-0.191
Joint 6: ,0.0,0.0,0.0,0.0,0.0,0.0,0.0,0.0,0.0,0.0,0.0,0.0,0.0,0.0,0.0,0.0,0.0,0.0,0.0,0.0
Trial,1,2D Sim,True,Distance Weight,0.9,Random Seed,15,Min Iterations,1200,Lazy,False,Distance cost,0.2321311196420548,Manip Cost,9.556777106466448,Total cost,0.5678183751677333,Node cost function,True,Percent Manip Threshold,10,Update Path,False,Increasing weight,True,Parent finding radius R,0.6,Step Size,0.2,Goal Area Sample Probability,0.05,Goal Area Delta,0.6
Manipulability,0.081,0.097,0.11,0.148,0.164,0.177,0.188,0.209,0.189,0.162,0.143,0.137,0.128,0.129,0.109,0.058,0.023,0.081
Distance to Last Node,0.0,0.193,0.193,0.265,0.193,0.193,0.193,0.228,0.188,0.182,0.182,0.182,0.267,0.267,0.199,0.197,0.197,0.197
Joint 0: ,0.0,0.0,0.0,0.0,0.0,0.0,0.0,0.0,0.0,0.0,0.0,0.0,0.0,0.0,0.0,0.0,0.0,0.0
Joint 1: ,1.1,0.936,0.772,0.595,0.461,0.327,0.193,0.039,-0.147,-0.328,-0.508,-0.689,-0.873,-1.058,-1.146,-1.131,-1.115,-1.1
Joint 2: ,0.0,0.0,0.0,0.0,0.0,0.0,0.0,0.0,0.0,0.0,0.0,0.0,0.0,0.0,0.0,0.0,0.0,0.0
Joint 3: ,0.1,0.198,0.296,0.493,0.626,0.758,0.89,1.059,1.081,1.06,1.039,1.018,0.826,0.634,0.455,0.27,0.085,-0.1
Joint 4: ,0.0,0.0,0.0,0.0,0.0,0.0,0.0,0.0,0.0,0.0,0.0,0.0,0.0,0.0,0.0,0.0,0.0,0.0
Joint 5: ,0.2,0.177,0.154,0.133,0.091,0.05,0.009,0.01,0.007,0.005,0.002,0.0,0.0,0.0,0.0,-0.066,-0.133,-0.199
Joint 6: ,0.0,0.0,0.0,0.0,0.0,0.0,0.0,0.0,0.0,0.0,0.0,0.0,0.0,0.0,0.0,0.0,0.0,0.0
Trial,2,2D Sim,True,Distance Weight,0.9,Random Seed,30,Min Iterations,1200,Lazy,False,Distance cost,0.2582679019606416,Manip Cost,8.253413704432207,Total cost,0.5460931508496182,Node cost function,True,Percent Manip Threshold,10,Update Path,False,Increasing weight,True,Parent finding radius R,0.6,Step Size,0.2,Goal Area Sample Probability,0.05,Goal Area Delta,0.6
Manipulability,0.081,0.108,0.143,0.177,0.208,0.231,0.248,0.256,0.24,0.224,0.207,0.177,0.157,0.153,0.154,0.157,0.138,0.113,0.057,0.023,0.08
Distance to Last Node,0.0,0.196,0.183,0.183,0.183,0.228,0.213,0.19,0.18,0.18,0.18,0.191,0.191,0.191,0.276,0.276,0.138,0.138,0.197,0.197,0.197
Joint 0: ,0.0,0.0,0.0,0.0,0.0,0.0,0.0,0.0,0.0,0.0,0.0,0.0,0.0,0.0,0.0,0.0,0.0,0.0,0.0,0.0,0.0
Joint 1: ,1.1,0.952,0.849,0.747,0.644,0.505,0.365,0.233,0.058,-0.116,-0.291,-0.472,-0.653,-0.834,-1.03,-1.227,-1.253,-1.28,-1.22,-1.16,-1.1
Joint 2: ,0.0,0.0,0.0,0.0,0.0,0.0,0.0,0.0,0.0,0.0,0.0,0.0,0.0,0.0,0.0,0.0,0.0,0.0,0.0,0.0,0.0
Joint 3: ,0.1,0.227,0.377,0.528,0.679,0.854,1.011,1.146,1.188,1.231,1.273,1.211,1.149,1.086,0.893,0.699,0.564,0.429,0.252,0.075,-0.102
Joint 4: ,0.0,0.0,0.0,0.0,0.0,0.0,0.0,0.0,0.0,0.0,0.0,0.0,0.0,0.0,0.0,0.0,0.0,0.0,0.0,0.0,0.0
Joint 5: ,0.2,0.187,0.173,0.158,0.143,0.096,0.069,0.046,0.031,0.015,0.0,0.0,0.0,0.0,0.0,0.0,0.0,0.0,-0.064,-0.129,-0.193
Joint 6: ,0.0,0.0,0.0,0.0,0.0,0.0,0.0,0.0,0.0,0.0,0.0,0.0,0.0,0.0,0.0,0.0,0.0,0.0,0.0,0.0,0.0
Trial,3,2D Sim,True,Distance Weight,0.9,Random Seed,45,Min Iterations,1200,Lazy,False,Distance cost,0.241425483725524,Manip Cost,8.970520356530223,Total cost,0.5556728991464934,Node cost function,True,Percent Manip Threshold,10,Update Path,False,Increasing weight,True,Parent finding radius R,0.6,Step Size,0.2,Goal Area Sample Probability,0.05,Goal Area Delta,0.6
Manipulability,0.081,0.121,0.161,0.199,0.229,0.255,0.271,0.256,0.254,0.249,0.222,0.192,0.164,0.144,0.116,0.105,0.098,0.07,0.04,0.024,0.081
Distance to Last Node,0.0,0.198,0.198,0.198,0.195,0.195,0.166,0.114,0.15,0.15,0.165,0.165,0.17,0.17,0.233,0.223,0.223,0.164,0.192,0.192,0.192
Joint 0: ,0.0,0.0,0.0,0.0,0.0,0.0,0.0,0.0,0.0,0.0,0.0,0.0,0.0,0.0,0.0,0.0,0.0,0.0,0.0,0.0,0.0
Joint 1: ,1.1,0.999,0.898,0.797,0.716,0.635,0.538,0.428,0.291,0.154,-0.005,-0.165,-0.331,-0.497,-0.671,-0.799,-0.926,-0.844,-0.929,-1.015,-1.1
Joint 2: ,0.0,0.0,0.0,0.0,0.0,0.0,0.0,0.0,0.0,0.0,0.0,0.0,0.0,0.0,0.0,0.0,0.0,0.0,0.0,0.0,0.0
Joint 3: ,0.1,0.269,0.439,0.608,0.78,0.951,1.084,1.074,1.135,1.196,1.154,1.112,1.076,1.04,0.885,0.703,0.52,0.378,0.219,0.059,-0.1
Joint 4: ,0.0,0.0,0.0,0.0,0.0,0.0,0.0,0.0,0.0,0.0,0.0,0.0,0.0,0.0,0.0,0.0,0.0,0.0,0.0,0.0,0.0
Joint 5: ,0.2,0.179,0.159,0.138,0.092,0.046,0.031,0.0,0.0,0.0,0.0,0.0,0.0,0.0,0.0,0.0,0.0,0.0,-0.066,-0.132,-0.198
Joint 6: ,0.0,0.0,0.0,0.0,0.0,0.0,0.0,0.0,0.0,0.0,0.0,0.0,0.0,0.0,0.0,0.0,0.0,0.0,0.0,0.0,0.0
Trial,4,2D Sim,True,Distance Weight,0.9,Random Seed,60,Min Iterations,1200,Lazy,False,Distance cost,0.23127667482272735,Manip Cost,9.17516855070122,Total cost,0.5532567823543534,Node cost function,True,Percent Manip Threshold,10,Update Path,False,Increasing weight,True,Parent finding radius R,0.6,Step Size,0.2,Goal Area Sample Probability,0.05,Goal Area Delta,0.6
Manipulability,0.081,0.116,0.154,0.189,0.217,0.229,0.232,0.22,0.205,0.19,0.155,0.13,0.122,0.124,0.124,0.096,0.055,0.022,0.08
Distance to Last Node,0.0,0.223,0.2,0.2,0.19,0.179,0.184,0.176,0.176,0.176,0.194,0.194,0.194,0.169,0.262,0.188,0.199,0.199,0.199
Joint 0: ,0.0,0.0,0.0,0.0,0.0,0.0,0.0,0.0,0.0,0.0,0.0,0.0,0.0,0.0,0.0,0.0,0.0,0.0,0.0
Joint 1: ,1.1,1.038,0.929,0.82,0.697,0.548,0.385,0.214,0.044,-0.127,-0.314,-0.5,-0.686,-0.831,-1.01,-0.998,-1.032,-1.066,-1.1
Joint 2: ,0.0,0.0,0.0,0.0,0.0,0.0,0.0,0.0,0.0,0.0,0.0,0.0,0.0,0.0,0.0,0.0,0.0,0.0,0.0
Joint 3: ,0.1,0.299,0.464,0.629,0.773,0.873,0.959,1.0,1.04,1.08,1.027,0.974,0.92,0.833,0.642,0.454,0.27,0.085,-0.099
Joint 4: ,0.0,0.0,0.0,0.0,0.0,0.0,0.0,0.0,0.0,0.0,0.0,0.0,0.0,0.0,0.0,0.0,0.0,0.0,0.0
Joint 5: ,0.2,0.119,0.089,0.06,0.047,0.038,0.031,0.021,0.01,0.0,0.0,0.0,0.0,0.0,0.0,0.0,-0.065,-0.131,-0.196
Joint 6: ,0.0,0.0,0.0,0.0,0.0,0.0,0.0,0.0,0.0,0.0,0.0,0.0,0.0,0.0,0.0,0.0,0.0,0.0,0.0
Trial,5,2D Sim,True,Distance Weight,0.9,Random Seed,75,Min Iterations,1200,Lazy,False,Distance cost,0.23084029865709965,Manip Cost,8.973521227349483,Total cost,0.5455768120900257,Node cost function,True,Percent Manip Threshold,10,Update Path,False,Increasing weight,True,Parent finding radius R,0.6,Step Size,0.2,Goal Area Sample Probability,0.05,Goal Area Delta,0.6
Manipulability,0.081,0.122,0.163,0.193,0.211,0.224,0.232,0.218,0.197,0.177,0.157,0.144,0.124,0.122,0.131,0.121,0.109,0.06,0.021,0.078
Distance to Last Node,0.0,0.189,0.189,0.199,0.195,0.194,0.194,0.147,0.172,0.172,0.172,0.172,0.184,0.184,0.184,0.183,0.172,0.198,0.198,0.198
Joint 0: ,0.0,0.0,0.0,0.0,0.0,0.0,0.0,0.0,0.0,0.0,0.0,0.0,0.0,0.0,0.0,0.0,0.0,0.0,0.0,0.0
Joint 1: ,1.1,1.015,0.929,0.805,0.672,0.525,0.368,0.222,0.051,-0.12,-0.291,-0.462,-0.625,-0.787,-0.949,-1.024,-1.123,-1.116,-1.109,-1.101
Joint 2: ,0.0,0.0,0.0,0.0,0.0,0.0,0.0,0.0,0.0,0.0,0.0,0.0,0.0,0.0,0.0,0.0,0.0,0.0,0.0,0.0
Joint 3: ,0.1,0.268,0.436,0.588,0.723,0.846,0.959,0.98,0.996,1.011,1.02,1.029,0.943,0.858,0.772,0.604,0.464,0.277,0.09,-0.097
Joint 4: ,0.0,0.0,0.0,0.0,0.0,0.0,0.0,0.0,0.0,0.0,0.0,0.0,0.0,0.0,0.0,0.0,0.0,0.0,0.0,0.0
Joint 5: ,0.2,0.183,0.165,0.134,0.089,0.06,0.04,0.03,0.02,0.01,0.007,0.003,0.002,0.001,0.0,0.0,0.0,-0.064,-0.127,-0.191
Joint 6: ,0.0,0.0,0.0,0.0,0.0,0.0,0.0,0.0,0.0,0.0,0.0,0.0,0.0,0.0,0.0,0.0,0.0,0.0,0.0,0.0
Trial,5,2D Sim,True,Distance Weight,0.85,Random Seed,75,Min Iterations,1200,Lazy,False,Distance cost,0.22954019041724363,Manip Cost,8.889793394736026,Total cost,0.6971938634504583,Node cost function,True,Percent Manip Threshold,10,Update Path,False,Increasing weight,True,Parent finding radius R,0.6,Step Size,0.2,Goal Area Sample Probability,0.05,Goal Area Delta,0.6
Manipulability,0.081,0.122,0.163,0.193,0.211,0.224,0.232,0.218,0.202,0.186,0.162,0.144,0.122,0.12,0.131,0.121,0.102,0.054,0.023,0.081
Distance to Last Node,0.0,0.189,0.189,0.199,0.195,0.194,0.194,0.147,0.147,0.147,0.173,0.173,0.195,0.195,0.195,0.183,0.183,0.191,0.191,0.191
Joint 0: ,0.0,0.0,0.0,0.0,0.0,0.0,0.0,0.0,0.0,0.0,0.0,0.0,0.0,0.0,0.0,0.0,0.0,0.0,0.0,0.0
Joint 1: ,1.1,1.015,0.929,0.805,0.672,0.525,0.368,0.222,0.077,-0.069,-0.242,-0.415,-0.593,-0.771,-0.949,-1.024,-1.099,-1.099,-1.1,-1.1
Joint 2: ,0.0,0.0,0.0,0.0,0.0,0.0,0.0,0.0,0.0,0.0,0.0,0.0,0.0,0.0,0.0,0.0,0.0,0.0,0.0,0.0
Joint 3: ,0.1,0.268,0.436,0.588,0.723,0.846,0.959,0.98,1.001,1.022,1.018,1.013,0.933,0.852,0.772,0.604,0.437,0.258,0.079,-0.1
Joint 4: ,0.0,0.0,0.0,0.0,0.0,0.0,0.0,0.0,0.0,0.0,0.0,0.0,0.0,0.0,0.0,0.0,0.0,0.0,0.0,0.0
Joint 5: ,0.2,0.183,0.165,0.134,0.089,0.06,0.04,0.03,0.02,0.01,0.006,0.003,0.002,0.001,0.0,0.0,0.0,-0.066,-0.133,-0.199
Joint 6: ,0.0,0.0,0.0,0.0,0.0,0.0,0.0,0.0,0.0,0.0,0.0,0.0,0.0,0.0,0.0,0.0,0.0,0.0,0.0,0.0
Trial,1,2D Sim,True,Distance Weight,0.85,Random Seed,15,Min Iterations,1200,Lazy,False,Distance cost,0.28331631587728656,Manip Cost,7.479087743326219,Total cost,0.6718879729595293,Node cost function,True,Percent Manip Threshold,10,Update Path,False,Increasing weight,True,Parent finding radius R,0.6,Step Size,0.2,Goal Area Sample Probability,0.05,Goal Area Delta,0.6
Manipulability,0.081,0.112,0.146,0.179,0.209,0.235,0.259,0.265,0.277,0.283,0.279,0.274,0.259,0.243,0.224,0.195,0.173,0.156,0.147,0.145,0.139,0.122,0.092,0.042,0.028,0.081
Distance to Last Node,0.0,0.188,0.157,0.187,0.187,0.187,0.191,0.167,0.157,0.157,0.121,0.063,0.178,0.178,0.157,0.196,0.196,0.174,0.174,0.174,0.195,0.195,0.195,0.171,0.171,0.171
Joint 0: ,0.0,0.0,0.0,0.0,0.0,0.0,0.0,0.0,0.0,0.0,0.0,0.0,0.0,0.0,0.0,0.0,0.0,0.0,0.0,0.0,0.0,0.0,0.0,0.0,0.0,0.0
Joint 1: ,1.1,1.174,1.171,1.056,0.941,0.825,0.7,0.554,0.45,0.346,0.239,0.178,0.003,-0.172,-0.329,-0.507,-0.685,-0.788,-0.892,-0.995,-1.09,-1.185,-1.279,-1.22,-1.16,-1.1
Joint 2: ,0.0,0.0,0.0,0.0,0.0,0.0,0.0,0.0,0.0,0.0,0.0,0.0,0.0,0.0,0.0,0.0,0.0,0.0,0.0,0.0,0.0,0.0,0.0,0.0,0.0,0.0
Joint 3: ,0.1,0.259,0.411,0.555,0.7,0.844,0.988,1.07,1.188,1.305,1.363,1.374,1.409,1.443,1.434,1.352,1.27,1.13,0.991,0.851,0.68,0.509,0.338,0.192,0.046,-0.1
Joint 4: ,0.0,0.0,0.0,0.0,0.0,0.0,0.0,0.0,0.0,0.0,0.0,0.0,0.0,0.0,0.0,0.0,0.0,0.0,0.0,0.0,0.0,0.0,0.0,0.0,0.0,0.0
Joint 5: ,0.2,0.133,0.091,0.063,0.036,0.009,0.0,0.0,0.0,0.0,0.0,0.0,0.0,0.0,0.0,0.0,0.0,0.0,0.0,0.0,0.0,0.0,0.0,-0.066,-0.133,-0.199
Joint 6: ,0.0,0.0,0.0,0.0,0.0,0.0,0.0,0.0,0.0,0.0,0.0,0.0,0.0,0.0,0.0,0.0,0.0,0.0,0.0,0.0,0.0,0.0,0.0,0.0,0.0,0.0
Trial,2,2D Sim,True,Distance Weight,0.85,Random Seed,30,Min Iterations,1200,Lazy,False,Distance cost,0.26099224889297395,Manip Cost,8.230717653625893,Total cost,0.691357420748552,Node cost function,True,Percent Manip Threshold,10,Update Path,False,Increasing weight,True,Parent finding radius R,0.6,Step Size,0.2,Goal Area Sample Probability,0.05,Goal Area Delta,0.6
Manipulability,0.081,0.108,0.143,0.177,0.208,0.231,0.248,0.256,0.259,0.233,0.207,0.177,0.157,0.153,0.154,0.157,0.138,0.113,0.057,0.023,0.08
Distance to Last Node,0.0,0.196,0.183,0.183,0.183,0.228,0.213,0.19,0.19,0.196,0.196,0.191,0.191,0.191,0.276,0.276,0.138,0.138,0.197,0.197,0.197
Joint 0: ,0.0,0.0,0.0,0.0,0.0,0.0,0.0,0.0,0.0,0.0,0.0,0.0,0.0,0.0,0.0,0.0,0.0,0.0,0.0,0.0,0.0
Joint 1: ,1.1,0.952,0.849,0.747,0.644,0.505,0.365,0.233,0.101,-0.095,-0.291,-0.472,-0.653,-0.834,-1.03,-1.227,-1.253,-1.28,-1.22,-1.16,-1.1
Joint 2: ,0.0,0.0,0.0,0.0,0.0,0.0,0.0,0.0,0.0,0.0,0.0,0.0,0.0,0.0,0.0,0.0,0.0,0.0,0.0,0.0,0.0
Joint 3: ,0.1,0.227,0.377,0.528,0.679,0.854,1.011,1.146,1.28,1.277,1.273,1.211,1.149,1.086,0.893,0.699,0.564,0.429,0.252,0.075,-0.102
Joint 4: ,0.0,0.0,0.0,0.0,0.0,0.0,0.0,0.0,0.0,0.0,0.0,0.0,0.0,0.0,0.0,0.0,0.0,0.0,0.0,0.0,0.0
Joint 5: ,0.2,0.187,0.173,0.158,0.143,0.096,0.069,0.046,0.023,0.012,0.0,0.0,0.0,0.0,0.0,0.0,0.0,0.0,-0.064,-0.129,-0.193
Joint 6: ,0.0,0.0,0.0,0.0,0.0,0.0,0.0,0.0,0.0,0.0,0.0,0.0,0.0,0.0,0.0,0.0,0.0,0.0,0.0,0.0,0.0
Trial,3,2D Sim,True,Distance Weight,0.85,Random Seed,45,Min Iterations,1200,Lazy,False,Distance cost,0.24353420500807588,Manip Cost,8.899449938556184,Total cost,0.7109536546196742,Node cost function,True,Percent Manip Threshold,10,Update Path,False,Increasing weight,True,Parent finding radius R,0.6,Step Size,0.2,Goal Area Sample Probability,0.05,Goal Area Delta,0.6
Manipulability,0.081,0.121,0.161,0.199,0.229,0.255,0.271,0.261,0.248,0.246,0.219,0.191,0.164,0.143,0.134,0.116,0.107,0.098,0.07,0.04,0.024,0.081
Distance to Last Node,0.0,0.198,0.198,0.198,0.195,0.195,0.166,0.136,0.136,0.144,0.161,0.161,0.168,0.168,0.168,0.184,0.184,0.184,0.164,0.192,0.192,0.192
Joint 0: ,0.0,0.0,0.0,0.0,0.0,0.0,0.0,0.0,0.0,0.0,0.0,0.0,0.0,0.0,0.0,0.0,0.0,0.0,0.0,0.0,0.0,0.0
Joint 1: ,1.1,0.999,0.898,0.797,0.716,0.635,0.538,0.403,0.269,0.143,-0.013,-0.168,-0.333,-0.498,-0.662,-0.75,-0.838,-0.926,-0.844,-0.929,-1.015,-1.1
Joint 2: ,0.0,0.0,0.0,0.0,0.0,0.0,0.0,0.0,0.0,0.0,0.0,0.0,0.0,0.0,0.0,0.0,0.0,0.0,0.0,0.0,0.0,0.0
Joint 3: ,0.1,0.269,0.439,0.608,0.78,0.951,1.084,1.101,1.117,1.187,1.148,1.109,1.074,1.039,1.004,0.843,0.681,0.52,0.378,0.219,0.059,-0.1
Joint 4: ,0.0,0.0,0.0,0.0,0.0,0.0,0.0,0.0,0.0,0.0,0.0,0.0,0.0,0.0,0.0,0.0,0.0,0.0,0.0,0.0,0.0,0.0
Joint 5: ,0.2,0.179,0.159,0.138,0.092,0.046,0.031,0.015,0.0,0.0,0.0,0.0,0.0,0.0,0.0,0.0,0.0,0.0,0.0,-0.066,-0.132,-0.198
Joint 6: ,0.0,0.0,0.0,0.0,0.0,0.0,0.0,0.0,0.0,0.0,0.0,0.0,0.0,0.0,0.0,0.0,0.0,0.0,0.0,0.0,0.0,0.0
Trial,4,2D Sim,True,Distance Weight,0.85,Random Seed,60,Min Iterations,1200,Lazy,False,Distance cost,0.2463975147720156,Manip Cost,8.439663409376454,Total cost,0.6888338730806557,Node cost function,True,Percent Manip Threshold,10,Update Path,False,Increasing weight,True,Parent finding radius R,0.6,Step Size,0.2,Goal Area Sample Probability,0.05,Goal Area Delta,0.6
Manipulability,0.081,0.116,0.154,0.189,0.217,0.229,0.232,0.224,0.213,0.201,0.183,0.168,0.16,0.149,0.142,0.138,0.13,0.112,0.059,0.022,0.08
Distance to Last Node,0.0,0.223,0.2,0.2,0.19,0.179,0.184,0.168,0.168,0.168,0.172,0.172,0.172,0.194,0.179,0.189,0.189,0.189,0.197,0.197,0.197
Joint 0: ,0.0,0.0,0.0,0.0,0.0,0.0,0.0,0.0,0.0,0.0,0.0,0.0,0.0,0.0,0.0,0.0,0.0,0.0,0.0,0.0,0.0
Joint 1: ,1.1,1.038,0.929,0.82,0.697,0.548,0.385,0.225,0.066,-0.094,-0.266,-0.437,-0.608,-0.784,-0.897,-0.994,-1.092,-1.189,-1.159,-1.13,-1.1
Joint 2: ,0.0,0.0,0.0,0.0,0.0,0.0,0.0,0.0,0.0,0.0,0.0,0.0,0.0,0.0,0.0,0.0,0.0,0.0,0.0,0.0,0.0
Joint 3: ,0.1,0.299,0.464,0.629,0.773,0.873,0.959,1.01,1.061,1.112,1.128,1.144,1.16,1.078,0.938,0.776,0.614,0.451,0.268,0.084,-0.099
Joint 4: ,0.0,0.0,0.0,0.0,0.0,0.0,0.0,0.0,0.0,0.0,0.0,0.0,0.0,0.0,0.0,0.0,0.0,0.0,0.0,0.0,0.0
Joint 5: ,0.2,0.119,0.089,0.06,0.047,0.038,0.031,0.021,0.01,0.0,0.0,0.0,0.0,0.0,0.0,0.0,0.0,0.0,-0.065,-0.131,-0.196
Joint 6: ,0.0,0.0,0.0,0.0,0.0,0.0,0.0,0.0,0.0,0.0,0.0,0.0,0.0,0.0,0.0,0.0,0.0,0.0,0.0,0.0,0.0
Trial,5,2D Sim,True,Distance Weight,0.85,Random Seed,75,Min Iterations,1200,Lazy,False,Distance cost,0.22954019041724363,Manip Cost,8.889793394736026,Total cost,0.6971938634504583,Node cost function,True,Percent Manip Threshold,10,Update Path,False,Increasing weight,True,Parent finding radius R,0.6,Step Size,0.2,Goal Area Sample Probability,0.05,Goal Area Delta,0.6
Manipulability,0.081,0.122,0.163,0.193,0.211,0.224,0.232,0.218,0.202,0.186,0.162,0.144,0.122,0.12,0.131,0.121,0.102,0.054,0.023,0.081
Distance to Last Node,0.0,0.189,0.189,0.199,0.195,0.194,0.194,0.147,0.147,0.147,0.173,0.173,0.195,0.195,0.195,0.183,0.183,0.191,0.191,0.191
Joint 0: ,0.0,0.0,0.0,0.0,0.0,0.0,0.0,0.0,0.0,0.0,0.0,0.0,0.0,0.0,0.0,0.0,0.0,0.0,0.0,0.0
Joint 1: ,1.1,1.015,0.929,0.805,0.672,0.525,0.368,0.222,0.077,-0.069,-0.242,-0.415,-0.593,-0.771,-0.949,-1.024,-1.099,-1.099,-1.1,-1.1
Joint 2: ,0.0,0.0,0.0,0.0,0.0,0.0,0.0,0.0,0.0,0.0,0.0,0.0,0.0,0.0,0.0,0.0,0.0,0.0,0.0,0.0
Joint 3: ,0.1,0.268,0.436,0.588,0.723,0.846,0.959,0.98,1.001,1.022,1.018,1.013,0.933,0.852,0.772,0.604,0.437,0.258,0.079,-0.1
Joint 4: ,0.0,0.0,0.0,0.0,0.0,0.0,0.0,0.0,0.0,0.0,0.0,0.0,0.0,0.0,0.0,0.0,0.0,0.0,0.0,0.0
Joint 5: ,0.2,0.183,0.165,0.134,0.089,0.06,0.04,0.03,0.02,0.01,0.006,0.003,0.002,0.001,0.0,0.0,0.0,-0.066,-0.133,-0.199
Joint 6: ,0.0,0.0,0.0,0.0,0.0,0.0,0.0,0.0,0.0,0.0,0.0,0.0,0.0,0.0,0.0,0.0,0.0,0.0,0.0,0.0
Trial,5,2D Sim,True,Distance Weight,0.8,Random Seed,75,Min Iterations,1200,Lazy,False,Distance cost,0.2445410238108074,Manip Cost,8.415325285544437,Total cost,0.8328374906556293,Node cost function,True,Percent Manip Threshold,10,Update Path,False,Increasing weight,True,Parent finding radius R,0.6,Step Size,0.2,Goal Area Sample Probability,0.05,Goal Area Delta,0.6
Manipulability,0.081,0.122,0.163,0.193,0.211,0.224,0.232,0.218,0.21,0.196,0.183,0.173,0.162,0.146,0.144,0.151,0.132,0.105,0.058,0.022,0.081
Distance to Last Node,0.0,0.189,0.189,0.199,0.195,0.194,0.194,0.147,0.193,0.166,0.166,0.166,0.184,0.186,0.186,0.186,0.185,0.185,0.198,0.198,0.198
Joint 0: ,0.0,0.0,0.0,0.0,0.0,0.0,0.0,0.0,0.0,0.0,0.0,0.0,0.0,0.0,0.0,0.0,0.0,0.0,0.0,0.0,0.0
Joint 1: ,1.1,1.015,0.929,0.805,0.672,0.525,0.368,0.222,0.045,-0.116,-0.277,-0.438,-0.622,-0.767,-0.912,-1.057,-1.076,-1.094,-1.096,-1.098,-1.1
Joint 2: ,0.0,0.0,0.0,0.0,0.0,0.0,0.0,0.0,0.0,0.0,0.0,0.0,0.0,0.0,0.0,0.0,0.0,0.0,0.0,0.0,0.0
Joint 3: ,0.1,0.268,0.436,0.588,0.723,0.846,0.959,0.98,1.054,1.093,1.133,1.172,1.175,1.059,0.943,0.827,0.643,0.459,0.273,0.086,-0.1
Joint 4: ,0.0,0.0,0.0,0.0,0.0,0.0,0.0,0.0,0.0,0.0,0.0,0.0,0.0,0.0,0.0,0.0,0.0,0.0,0.0,0.0,0.0
Joint 5: ,0.2,0.183,0.165,0.134,0.089,0.06,0.04,0.03,0.02,0.013,0.007,0.0,0.0,0.0,0.0,0.0,0.0,0.0,-0.066,-0.133,-0.199
Joint 6: ,0.0,0.0,0.0,0.0,0.0,0.0,0.0,0.0,0.0,0.0,0.0,0.0,0.0,0.0,0.0,0.0,0.0,0.0,0.0,0.0,0.0
Trial,1,2D Sim,True,Distance Weight,0.8,Random Seed,15,Min Iterations,1200,Lazy,False,Distance cost,0.28331631587728656,Manip Cost,7.479087743326219,Total cost,0.8014118586536102,Node cost function,True,Percent Manip Threshold,10,Update Path,False,Increasing weight,True,Parent finding radius R,0.6,Step Size,0.2,Goal Area Sample Probability,0.05,Goal Area Delta,0.6
Manipulability,0.081,0.112,0.146,0.179,0.209,0.235,0.259,0.265,0.277,0.283,0.279,0.274,0.259,0.243,0.224,0.195,0.173,0.156,0.147,0.145,0.139,0.122,0.092,0.042,0.028,0.081
Distance to Last Node,0.0,0.188,0.157,0.187,0.187,0.187,0.191,0.167,0.157,0.157,0.121,0.063,0.178,0.178,0.157,0.196,0.196,0.174,0.174,0.174,0.195,0.195,0.195,0.171,0.171,0.171
Joint 0: ,0.0,0.0,0.0,0.0,0.0,0.0,0.0,0.0,0.0,0.0,0.0,0.0,0.0,0.0,0.0,0.0,0.0,0.0,0.0,0.0,0.0,0.0,0.0,0.0,0.0,0.0
Joint 1: ,1.1,1.174,1.171,1.056,0.941,0.825,0.7,0.554,0.45,0.346,0.239,0.178,0.003,-0.172,-0.329,-0.507,-0.685,-0.788,-0.892,-0.995,-1.09,-1.185,-1.279,-1.22,-1.16,-1.1
Joint 2: ,0.0,0.0,0.0,0.0,0.0,0.0,0.0,0.0,0.0,0.0,0.0,0.0,0.0,0.0,0.0,0.0,0.0,0.0,0.0,0.0,0.0,0.0,0.0,0.0,0.0,0.0
Joint 3: ,0.1,0.259,0.411,0.555,0.7,0.844,0.988,1.07,1.188,1.305,1.363,1.374,1.409,1.443,1.434,1.352,1.27,1.13,0.991,0.851,0.68,0.509,0.338,0.192,0.046,-0.1
Joint 4: ,0.0,0.0,0.0,0.0,0.0,0.0,0.0,0.0,0.0,0.0,0.0,0.0,0.0,0.0,0.0,0.0,0.0,0.0,0.0,0.0,0.0,0.0,0.0,0.0,0.0,0.0
Joint 5: ,0.2,0.133,0.091,0.063,0.036,0.009,0.0,0.0,0.0,0.0,0.0,0.0,0.0,0.0,0.0,0.0,0.0,0.0,0.0,0.0,0.0,0.0,0.0,-0.066,-0.133,-0.199
Joint 6: ,0.0,0.0,0.0,0.0,0.0,0.0,0.0,0.0,0.0,0.0,0.0,0.0,0.0,0.0,0.0,0.0,0.0,0.0,0.0,0.0,0.0,0.0,0.0,0.0,0.0,0.0
Trial,2,2D Sim,True,Distance Weight,0.8,Random Seed,30,Min Iterations,1200,Lazy,False,Distance cost,0.27806337126123787,Manip Cost,7.840951581037778,Total cost,0.8225913223651492,Node cost function,True,Percent Manip Threshold,10,Update Path,False,Increasing weight,True,Parent finding radius R,0.6,Step Size,0.2,Goal Area Sample Probability,0.05,Goal Area Delta,0.6
Manipulability,0.081,0.108,0.143,0.177,0.208,0.231,0.248,0.256,0.259,0.233,0.207,0.194,0.172,0.164,0.168,0.18,0.193,0.174,0.144,0.102,0.047,0.026,0.08
Distance to Last Node,0.0,0.196,0.183,0.183,0.183,0.228,0.213,0.19,0.19,0.196,0.196,0.183,0.199,0.199,0.176,0.176,0.176,0.189,0.189,0.189,0.192,0.192,0.192
Joint 0: ,0.0,0.0,0.0,0.0,0.0,0.0,0.0,0.0,0.0,0.0,0.0,0.0,0.0,0.0,0.0,0.0,0.0,0.0,0.0,0.0,0.0,0.0,0.0
Joint 1: ,1.1,0.952,0.849,0.747,0.644,0.505,0.365,0.233,0.101,-0.095,-0.291,-0.469,-0.657,-0.846,-0.997,-1.149,-1.3,-1.329,-1.358,-1.388,-1.292,-1.196,-1.1
Joint 2: ,0.0,0.0,0.0,0.0,0.0,0.0,0.0,0.0,0.0,0.0,0.0,0.0,0.0,0.0,0.0,0.0,0.0,0.0,0.0,0.0,0.0,0.0,0.0
Joint 3: ,0.1,0.227,0.377,0.528,0.679,0.854,1.011,1.146,1.28,1.277,1.273,1.316,1.251,1.187,1.098,1.009,0.92,0.733,0.546,0.359,0.205,0.052,-0.102
Joint 4: ,0.0,0.0,0.0,0.0,0.0,0.0,0.0,0.0,0.0,0.0,0.0,0.0,0.0,0.0,0.0,0.0,0.0,0.0,0.0,0.0,0.0,0.0,0.0
Joint 5: ,0.2,0.187,0.173,0.158,0.143,0.096,0.069,0.046,0.023,0.012,0.0,0.0,0.0,0.0,0.0,0.0,0.0,0.0,0.0,0.0,-0.064,-0.129,-0.193
Joint 6: ,0.0,0.0,0.0,0.0,0.0,0.0,0.0,0.0,0.0,0.0,0.0,0.0,0.0,0.0,0.0,0.0,0.0,0.0,0.0,0.0,0.0,0.0,0.0
Trial,3,2D Sim,True,Distance Weight,0.8,Random Seed,45,Min Iterations,1200,Lazy,False,Distance cost,0.25462640181344126,Manip Cost,8.233250360645279,Total cost,0.8290873268493341,Node cost function,True,Percent Manip Threshold,10,Update Path,False,Increasing weight,True,Parent finding radius R,0.6,Step Size,0.2,Goal Area Sample Probability,0.05,Goal Area Delta,0.6
Manipulability,0.081,0.121,0.161,0.199,0.229,0.255,0.271,0.258,0.241,0.221,0.217,0.212,0.206,0.172,0.141,0.123,0.117,0.114,0.103,0.056,0.022,0.081
Distance to Last Node,0.0,0.198,0.198,0.198,0.195,0.195,0.166,0.149,0.149,0.149,0.18,0.18,0.18,0.187,0.187,0.187,0.192,0.192,0.192,0.194,0.194,0.194
Joint 0: ,0.0,0.0,0.0,0.0,0.0,0.0,0.0,0.0,0.0,0.0,0.0,0.0,0.0,0.0,0.0,0.0,0.0,0.0,0.0,0.0,0.0,0.0
Joint 1: ,1.1,0.999,0.898,0.797,0.716,0.635,0.538,0.389,0.241,0.093,-0.067,-0.226,-0.386,-0.502,-0.618,-0.735,-0.853,-0.972,-1.09,-1.094,-1.097,-1.1
Joint 2: ,0.0,0.0,0.0,0.0,0.0,0.0,0.0,0.0,0.0,0.0,0.0,0.0,0.0,0.0,0.0,0.0,0.0,0.0,0.0,0.0,0.0,0.0
Joint 3: ,0.1,0.269,0.439,0.608,0.78,0.951,1.084,1.086,1.087,1.089,1.172,1.255,1.338,1.192,1.046,0.9,0.749,0.599,0.449,0.266,0.083,-0.1
Joint 4: ,0.0,0.0,0.0,0.0,0.0,0.0,0.0,0.0,0.0,0.0,0.0,0.0,0.0,0.0,0.0,0.0,0.0,0.0,0.0,0.0,0.0,0.0
Joint 5: ,0.2,0.179,0.159,0.138,0.092,0.046,0.031,0.02,0.01,0.0,0.0,0.0,0.0,0.0,0.0,0.0,0.0,0.0,0.0,-0.066,-0.132,-0.198
Joint 6: ,0.0,0.0,0.0,0.0,0.0,0.0,0.0,0.0,0.0,0.0,0.0,0.0,0.0,0.0,0.0,0.0,0.0,0.0,0.0,0.0,0.0,0.0
Trial,4,2D Sim,True,Distance Weight,0.8,Random Seed,60,Min Iterations,1200,Lazy,False,Distance cost,0.28480531512119955,Manip Cost,7.412296284579443,Total cost,0.7979846649221936,Node cost function,True,Percent Manip Threshold,10,Update Path,False,Increasing weight,True,Parent finding radius R,0.6,Step Size,0.2,Goal Area Sample Probability,0.05,Goal Area Delta,0.6
Manipulability,0.081,0.116,0.158,0.198,0.236,0.267,0.287,0.299,0.301,0.301,0.3,0.294,0.279,0.255,0.229,0.202,0.169,0.148,0.141,0.148,0.127,0.1,0.054,0.022,0.08
Distance to Last Node,0.0,0.223,0.17,0.17,0.169,0.174,0.175,0.175,0.159,0.007,0.11,0.203,0.194,0.194,0.2,0.2,0.196,0.196,0.238,0.238,0.174,0.174,0.191,0.191,0.191
Joint 0: ,0.0,0.0,0.0,0.0,0.0,0.0,0.0,0.0,0.0,0.0,0.0,0.0,0.0,0.0,0.0,0.0,0.0,0.0,0.0,0.0,0.0,0.0,0.0,0.0,0.0
Joint 1: ,1.1,1.038,1.028,1.017,1.003,0.956,0.874,0.792,0.705,0.703,0.594,0.4,0.215,0.031,-0.168,-0.367,-0.534,-0.7,-0.884,-1.067,-1.071,-1.074,-1.083,-1.091,-1.1
Joint 2: ,0.0,0.0,0.0,0.0,0.0,0.0,0.0,0.0,0.0,0.0,0.0,0.0,0.0,0.0,0.0,0.0,0.0,0.0,0.0,0.0,0.0,0.0,0.0,0.0,0.0
Joint 3: ,0.1,0.299,0.466,0.633,0.8,0.967,1.121,1.275,1.409,1.409,1.397,1.457,1.397,1.337,1.316,1.295,1.192,1.088,0.938,0.787,0.612,0.438,0.259,0.08,-0.099
Joint 4: ,0.0,0.0,0.0,0.0,0.0,0.0,0.0,0.0,0.0,0.0,0.0,0.0,0.0,0.0,0.0,0.0,0.0,0.0,0.0,0.0,0.0,0.0,0.0,0.0,0.0
Joint 5: ,0.2,0.119,0.089,0.058,0.041,0.028,0.019,0.01,0.007,0.0,0.0,0.0,0.0,0.0,0.0,0.0,0.0,0.0,0.0,0.0,0.0,0.0,-0.065,-0.131,-0.196
Joint 6: ,0.0,0.0,0.0,0.0,0.0,0.0,0.0,0.0,0.0,0.0,0.0,0.0,0.0,0.0,0.0,0.0,0.0,0.0,0.0,0.0,0.0,0.0,0.0,0.0,0.0
Trial,5,2D Sim,True,Distance Weight,0.8,Random Seed,75,Min Iterations,1200,Lazy,False,Distance cost,0.2445410238108074,Manip Cost,8.415325285544437,Total cost,0.8328374906556293,Node cost function,True,Percent Manip Threshold,10,Update Path,False,Increasing weight,True,Parent finding radius R,0.6,Step Size,0.2,Goal Area Sample Probability,0.05,Goal Area Delta,0.6
Manipulability,0.081,0.122,0.163,0.193,0.211,0.224,0.232,0.218,0.21,0.196,0.183,0.173,0.162,0.146,0.144,0.151,0.132,0.105,0.058,0.022,0.081
Distance to Last Node,0.0,0.189,0.189,0.199,0.195,0.194,0.194,0.147,0.193,0.166,0.166,0.166,0.184,0.186,0.186,0.186,0.185,0.185,0.198,0.198,0.198
Joint 0: ,0.0,0.0,0.0,0.0,0.0,0.0,0.0,0.0,0.0,0.0,0.0,0.0,0.0,0.0,0.0,0.0,0.0,0.0,0.0,0.0,0.0
Joint 1: ,1.1,1.015,0.929,0.805,0.672,0.525,0.368,0.222,0.045,-0.116,-0.277,-0.438,-0.622,-0.767,-0.912,-1.057,-1.076,-1.094,-1.096,-1.098,-1.1
Joint 2: ,0.0,0.0,0.0,0.0,0.0,0.0,0.0,0.0,0.0,0.0,0.0,0.0,0.0,0.0,0.0,0.0,0.0,0.0,0.0,0.0,0.0
Joint 3: ,0.1,0.268,0.436,0.588,0.723,0.846,0.959,0.98,1.054,1.093,1.133,1.172,1.175,1.059,0.943,0.827,0.643,0.459,0.273,0.086,-0.1
Joint 4: ,0.0,0.0,0.0,0.0,0.0,0.0,0.0,0.0,0.0,0.0,0.0,0.0,0.0,0.0,0.0,0.0,0.0,0.0,0.0,0.0,0.0
Joint 5: ,0.2,0.183,0.165,0.134,0.089,0.06,0.04,0.03,0.02,0.013,0.007,0.0,0.0,0.0,0.0,0.0,0.0,0.0,-0.066,-0.133,-0.199
Joint 6: ,0.0,0.0,0.0,0.0,0.0,0.0,0.0,0.0,0.0,0.0,0.0,0.0,0.0,0.0,0.0,0.0,0.0,0.0,0.0,0.0,0.0
Trial,5,2D Sim,True,Distance Weight,0.7,Random Seed,75,Min Iterations,1200,Lazy,False,Distance cost,0.25226720925782775,Manip Cost,8.282985704062009,Total cost,1.11958480669668,Node cost function,True,Percent Manip Threshold,10,Update Path,False,Increasing weight,True,Parent finding radius R,0.6,Step Size,0.2,Goal Area Sample Probability,0.05,Goal Area Delta,0.6
Manipulability,0.081,0.122,0.163,0.193,0.211,0.224,0.232,0.218,0.21,0.196,0.183,0.173,0.162,0.162,0.157,0.163,0.139,0.108,0.058,0.023,0.081
Distance to Last Node,0.0,0.189,0.189,0.199,0.195,0.194,0.194,0.147,0.193,0.166,0.166,0.166,0.184,0.184,0.248,0.248,0.183,0.183,0.197,0.197,0.197
Joint 0: ,0.0,0.0,0.0,0.0,0.0,0.0,0.0,0.0,0.0,0.0,0.0,0.0,0.0,0.0,0.0,0.0,0.0,0.0,0.0,0.0,0.0
Joint 1: ,1.1,1.015,0.929,0.805,0.672,0.525,0.368,0.222,0.045,-0.116,-0.277,-0.438,-0.622,-0.806,-0.978,-1.151,-1.138,-1.126,-1.117,-1.109,-1.1
Joint 2: ,0.0,0.0,0.0,0.0,0.0,0.0,0.0,0.0,0.0,0.0,0.0,0.0,0.0,0.0,0.0,0.0,0.0,0.0,0.0,0.0,0.0
Joint 3: ,0.1,0.268,0.436,0.588,0.723,0.846,0.959,0.98,1.054,1.093,1.133,1.172,1.175,1.177,0.999,0.822,0.639,0.457,0.272,0.086,-0.1
Joint 4: ,0.0,0.0,0.0,0.0,0.0,0.0,0.0,0.0,0.0,0.0,0.0,0.0,0.0,0.0,0.0,0.0,0.0,0.0,0.0,0.0,0.0
Joint 5: ,0.2,0.183,0.165,0.134,0.089,0.06,0.04,0.03,0.02,0.013,0.007,0.0,0.0,0.0,0.0,0.0,0.0,0.0,-0.066,-0.133,-0.199
Joint 6: ,0.0,0.0,0.0,0.0,0.0,0.0,0.0,0.0,0.0,0.0,0.0,0.0,0.0,0.0,0.0,0.0,0.0,0.0,0.0,0.0,0.0
Trial,1,2D Sim,True,Distance Weight,0.7,Random Seed,15,Min Iterations,1200,Lazy,False,Distance cost,0.2910943400888628,Manip Cost,7.15678859552775,Total cost,1.0325893196762634,Node cost function,True,Percent Manip Threshold,10,Update Path,False,Increasing weight,True,Parent finding radius R,0.6,Step Size,0.2,Goal Area Sample Probability,0.05,Goal Area Delta,0.6
Manipulability,0.081,0.112,0.146,0.179,0.209,0.245,0.273,0.292,0.294,0.294,0.289,0.283,0.279,0.274,0.259,0.243,0.224,0.195,0.173,0.156,0.147,0.145,0.139,0.122,0.092,0.042,0.028,0.081
Distance to Last Node,0.0,0.188,0.157,0.187,0.187,0.168,0.168,0.17,0.116,0.116,0.119,0.119,0.121,0.063,0.178,0.178,0.157,0.196,0.196,0.174,0.174,0.174,0.195,0.195,0.195,0.171,0.171,0.171
Joint 0: ,0.0,0.0,0.0,0.0,0.0,0.0,0.0,0.0,0.0,0.0,0.0,0.0,0.0,0.0,0.0,0.0,0.0,0.0,0.0,0.0,0.0,0.0,0.0,0.0,0.0,0.0,0.0,0.0
Joint 1: ,1.1,1.174,1.171,1.056,0.941,0.902,0.863,0.795,0.688,0.581,0.463,0.346,0.239,0.178,0.003,-0.172,-0.329,-0.507,-0.685,-0.788,-0.892,-0.995,-1.09,-1.185,-1.279,-1.22,-1.16,-1.1
Joint 2: ,0.0,0.0,0.0,0.0,0.0,0.0,0.0,0.0,0.0,0.0,0.0,0.0,0.0,0.0,0.0,0.0,0.0,0.0,0.0,0.0,0.0,0.0,0.0,0.0,0.0,0.0,0.0,0.0
Joint 3: ,0.1,0.259,0.411,0.555,0.7,0.863,1.027,1.183,1.228,1.273,1.289,1.305,1.363,1.374,1.409,1.443,1.434,1.352,1.27,1.13,0.991,0.851,0.68,0.509,0.338,0.192,0.046,-0.1
Joint 4: ,0.0,0.0,0.0,0.0,0.0,0.0,0.0,0.0,0.0,0.0,0.0,0.0,0.0,0.0,0.0,0.0,0.0,0.0,0.0,0.0,0.0,0.0,0.0,0.0,0.0,0.0,0.0,0.0
Joint 5: ,0.2,0.133,0.091,0.063,0.036,0.024,0.012,0.008,0.004,0.0,0.0,0.0,0.0,0.0,0.0,0.0,0.0,0.0,0.0,0.0,0.0,0.0,0.0,0.0,0.0,-0.066,-0.133,-0.199
Joint 6: ,0.0,0.0,0.0,0.0,0.0,0.0,0.0,0.0,0.0,0.0,0.0,0.0,0.0,0.0,0.0,0.0,0.0,0.0,0.0,0.0,0.0,0.0,0.0,0.0,0.0,0.0,0.0,0.0
Trial,2,2D Sim,True,Distance Weight,0.7,Random Seed,30,Min Iterations,1200,Lazy,False,Distance cost,0.28271311475511673,Manip Cost,7.925596100219616,Total cost,1.1081444771852835,Node cost function,True,Percent Manip Threshold,10,Update Path,False,Increasing weight,True,Parent finding radius R,0.6,Step Size,0.2,Goal Area Sample Probability,0.05,Goal Area Delta,0.6
Manipulability,0.081,0.108,0.143,0.177,0.194,0.208,0.232,0.223,0.212,0.196,0.184,0.178,0.173,0.182,0.197,0.213,0.2,0.174,0.141,0.102,0.047,0.026,0.08
Distance to Last Node,0.0,0.196,0.183,0.183,0.235,0.235,0.272,0.198,0.198,0.2,0.2,0.2,0.188,0.188,0.182,0.182,0.189,0.159,0.159,0.159,0.192,0.192,0.192
Joint 0: ,0.0,0.0,0.0,0.0,0.0,0.0,0.0,0.0,0.0,0.0,0.0,0.0,0.0,0.0,0.0,0.0,0.0,0.0,0.0,0.0,0.0,0.0,0.0
Joint 1: ,1.1,0.952,0.849,0.747,0.575,0.404,0.22,0.037,-0.146,-0.34,-0.534,-0.728,-0.902,-1.077,-1.237,-1.397,-1.445,-1.426,-1.407,-1.388,-1.292,-1.196,-1.1
Joint 2: ,0.0,0.0,0.0,0.0,0.0,0.0,0.0,0.0,0.0,0.0,0.0,0.0,0.0,0.0,0.0,0.0,0.0,0.0,0.0,0.0,0.0,0.0,0.0
Joint 3: ,0.1,0.227,0.377,0.528,0.68,0.832,1.032,1.108,1.184,1.232,1.279,1.326,1.256,1.187,1.101,1.015,0.832,0.674,0.516,0.359,0.205,0.052,-0.102
Joint 4: ,0.0,0.0,0.0,0.0,0.0,0.0,0.0,0.0,0.0,0.0,0.0,0.0,0.0,0.0,0.0,0.0,0.0,0.0,0.0,0.0,0.0,0.0,0.0
Joint 5: ,0.2,0.187,0.173,0.158,0.107,0.056,0.044,0.033,0.022,0.014,0.007,0.0,0.0,0.0,0.0,0.0,0.0,0.0,0.0,0.0,-0.064,-0.129,-0.193
Joint 6: ,0.0,0.0,0.0,0.0,0.0,0.0,0.0,0.0,0.0,0.0,0.0,0.0,0.0,0.0,0.0,0.0,0.0,0.0,0.0,0.0,0.0,0.0,0.0
Trial,3,2D Sim,True,Distance Weight,0.7,Random Seed,45,Min Iterations,1200,Lazy,False,Distance cost,0.2546460839129171,Manip Cost,8.233580773078929,Total cost,1.1163710303428471,Node cost function,True,Percent Manip Threshold,10,Update Path,False,Increasing weight,True,Parent finding radius R,0.6,Step Size,0.2,Goal Area Sample Probability,0.05,Goal Area Delta,0.6
Manipulability,0.081,0.121,0.161,0.199,0.229,0.255,0.271,0.258,0.24,0.221,0.217,0.212,0.206,0.172,0.141,0.123,0.117,0.114,0.103,0.056,0.022,0.081
Distance to Last Node,0.0,0.198,0.198,0.198,0.195,0.195,0.166,0.149,0.149,0.149,0.18,0.18,0.18,0.187,0.187,0.187,0.192,0.192,0.192,0.194,0.194,0.194
Joint 0: ,0.0,0.0,0.0,0.0,0.0,0.0,0.0,0.0,0.0,0.0,0.0,0.0,0.0,0.0,0.0,0.0,0.0,0.0,0.0,0.0,0.0,0.0
Joint 1: ,1.1,0.999,0.898,0.797,0.716,0.635,0.538,0.389,0.241,0.093,-0.067,-0.226,-0.386,-0.502,-0.618,-0.735,-0.853,-0.972,-1.09,-1.094,-1.097,-1.1
Joint 2: ,0.0,0.0,0.0,0.0,0.0,0.0,0.0,0.0,0.0,0.0,0.0,0.0,0.0,0.0,0.0,0.0,0.0,0.0,0.0,0.0,0.0,0.0
Joint 3: ,0.1,0.269,0.439,0.608,0.78,0.951,1.084,1.085,1.087,1.088,1.171,1.255,1.338,1.192,1.046,0.9,0.749,0.599,0.449,0.266,0.083,-0.1
Joint 4: ,0.0,0.0,0.0,0.0,0.0,0.0,0.0,0.0,0.0,0.0,0.0,0.0,0.0,0.0,0.0,0.0,0.0,0.0,0.0,0.0,0.0,0.0
Joint 5: ,0.2,0.179,0.159,0.138,0.092,0.046,0.031,0.02,0.01,0.0,0.0,0.0,0.0,0.0,0.0,0.0,0.0,0.0,0.0,-0.066,-0.132,-0.198
Joint 6: ,0.0,0.0,0.0,0.0,0.0,0.0,0.0,0.0,0.0,0.0,0.0,0.0,0.0,0.0,0.0,0.0,0.0,0.0,0.0,0.0,0.0,0.0
Trial,4,2D Sim,True,Distance Weight,0.7,Random Seed,60,Min Iterations,1200,Lazy,False,Distance cost,0.2883268528666211,Manip Cost,7.312903288787238,Total cost,1.0469811079460483,Node cost function,True,Percent Manip Threshold,10,Update Path,False,Increasing weight,True,Parent finding radius R,0.6,Step Size,0.2,Goal Area Sample Probability,0.05,Goal Area Delta,0.6
Manipulability,0.081,0.116,0.158,0.198,0.236,0.267,0.287,0.299,0.301,0.301,0.3,0.294,0.282,0.261,0.238,0.214,0.191,0.169,0.15,0.144,0.145,0.126,0.1,0.055,0.022,0.08
Distance to Last Node,0.0,0.223,0.17,0.17,0.169,0.174,0.175,0.175,0.159,0.007,0.11,0.203,0.203,0.216,0.176,0.176,0.176,0.178,0.184,0.184,0.184,0.185,0.185,0.194,0.194,0.194
Joint 0: ,0.0,0.0,0.0,0.0,0.0,0.0,0.0,0.0,0.0,0.0,0.0,0.0,0.0,0.0,0.0,0.0,0.0,0.0,0.0,0.0,0.0,0.0,0.0,0.0,0.0,0.0
Joint 1: ,1.1,1.038,1.028,1.017,1.003,0.956,0.874,0.792,0.705,0.703,0.594,0.4,0.206,0.026,-0.147,-0.32,-0.494,-0.652,-0.773,-0.895,-1.016,-1.037,-1.057,-1.071,-1.086,-1.1
Joint 2: ,0.0,0.0,0.0,0.0,0.0,0.0,0.0,0.0,0.0,0.0,0.0,0.0,0.0,0.0,0.0,0.0,0.0,0.0,0.0,0.0,0.0,0.0,0.0,0.0,0.0,0.0
Joint 3: ,0.1,0.299,0.466,0.633,0.8,0.967,1.121,1.275,1.409,1.409,1.397,1.457,1.517,1.397,1.369,1.341,1.313,1.232,1.094,0.955,0.816,0.632,0.448,0.265,0.083,-0.099
Joint 4: ,0.0,0.0,0.0,0.0,0.0,0.0,0.0,0.0,0.0,0.0,0.0,0.0,0.0,0.0,0.0,0.0,0.0,0.0,0.0,0.0,0.0,0.0,0.0,0.0,0.0,0.0
Joint 5: ,0.2,0.119,0.089,0.058,0.041,0.028,0.019,0.01,0.007,0.0,0.0,0.0,0.0,0.0,0.0,0.0,0.0,0.0,0.0,0.0,0.0,0.0,0.0,-0.065,-0.131,-0.196
Joint 6: ,0.0,0.0,0.0,0.0,0.0,0.0,0.0,0.0,0.0,0.0,0.0,0.0,0.0,0.0,0.0,0.0,0.0,0.0,0.0,0.0,0.0,0.0,0.0,0.0,0.0,0.0
Trial,5,2D Sim,True,Distance Weight,0.7,Random Seed,75,Min Iterations,1200,Lazy,False,Distance cost,0.25226720925782775,Manip Cost,8.282985704062009,Total cost,1.11958480669668,Node cost function,True,Percent Manip Threshold,10,Update Path,False,Increasing weight,True,Parent finding radius R,0.6,Step Size,0.2,Goal Area Sample Probability,0.05,Goal Area Delta,0.6
Manipulability,0.081,0.122,0.163,0.193,0.211,0.224,0.232,0.218,0.21,0.196,0.183,0.173,0.162,0.162,0.157,0.163,0.139,0.108,0.058,0.023,0.081
Distance to Last Node,0.0,0.189,0.189,0.199,0.195,0.194,0.194,0.147,0.193,0.166,0.166,0.166,0.184,0.184,0.248,0.248,0.183,0.183,0.197,0.197,0.197
Joint 0: ,0.0,0.0,0.0,0.0,0.0,0.0,0.0,0.0,0.0,0.0,0.0,0.0,0.0,0.0,0.0,0.0,0.0,0.0,0.0,0.0,0.0
Joint 1: ,1.1,1.015,0.929,0.805,0.672,0.525,0.368,0.222,0.045,-0.116,-0.277,-0.438,-0.622,-0.806,-0.978,-1.151,-1.138,-1.126,-1.117,-1.109,-1.1
Joint 2: ,0.0,0.0,0.0,0.0,0.0,0.0,0.0,0.0,0.0,0.0,0.0,0.0,0.0,0.0,0.0,0.0,0.0,0.0,0.0,0.0,0.0
Joint 3: ,0.1,0.268,0.436,0.588,0.723,0.846,0.959,0.98,1.054,1.093,1.133,1.172,1.175,1.177,0.999,0.822,0.639,0.457,0.272,0.086,-0.1
Joint 4: ,0.0,0.0,0.0,0.0,0.0,0.0,0.0,0.0,0.0,0.0,0.0,0.0,0.0,0.0,0.0,0.0,0.0,0.0,0.0,0.0,0.0
Joint 5: ,0.2,0.183,0.165,0.134,0.089,0.06,0.04,0.03,0.02,0.013,0.007,0.0,0.0,0.0,0.0,0.0,0.0,0.0,-0.066,-0.133,-0.199
Joint 6: ,0.0,0.0,0.0,0.0,0.0,0.0,0.0,0.0,0.0,0.0,0.0,0.0,0.0,0.0,0.0,0.0,0.0,0.0,0.0,0.0,0.0
