Trial,1,2D Sim,True,Distance Weight,0.9,Random Seed,15,Min Iterations,1200,Lazy,False,Distance cost,0.30321219851011594,Manip Cost,7.356000868902767,Total cost,1.0084910655493808,Node cost function,True,Percent Manip Threshold,0,Update Path,False,Increasing weight,False,Parent finding radius R,0.6,Step Size,0.2,Goal Area Sample Probability,0.05,Goal Area Delta,0.6
Manipulability,0.081,0.128,0.207,0.248,0.292,0.292,0.294,0.294,0.283,0.283,0.273,0.273,0.25,0.224,0.184,0.165,0.145,0.132,0.092,0.021,0.081,0.081
Distance to Last Node,0.0,0.282,0.384,0.341,0.293,0.029,0.257,0.0,0.237,0.0,0.242,0.0,0.242,0.234,0.293,0.293,0.362,0.293,0.293,0.257,0.257,0.0
Joint 0: ,0.0,0.0,0.0,0.0,0.0,0.0,0.0,0.0,0.0,0.0,0.0,0.0,0.0,0.0,0.0,0.0,0.0,0.0,0.0,0.0,0.0,0.0
Joint 1: ,1.1,1.212,1.171,0.89,0.854,0.824,0.581,0.581,0.346,0.346,0.133,0.133,-0.107,-0.341,-0.602,-0.863,-0.995,-1.137,-1.279,-1.19,-1.1,-1.1
Joint 2: ,0.0,0.0,0.0,0.0,0.0,0.0,0.0,0.0,0.0,0.0,0.0,0.0,0.0,0.0,0.0,0.0,0.0,0.0,0.0,0.0,0.0,0.0
Joint 3: ,0.1,0.339,0.708,0.9,1.19,1.19,1.273,1.273,1.305,1.305,1.42,1.42,1.449,1.456,1.322,1.188,0.851,0.594,0.338,0.119,-0.1,-0.1
Joint 4: ,0.0,0.0,0.0,0.0,0.0,0.0,0.0,0.0,0.0,0.0,0.0,0.0,0.0,0.0,0.0,0.0,0.0,0.0,0.0,0.0,0.0,0.0
Joint 5: ,0.2,0.1,0.0,0.0,0.0,0.0,0.0,0.0,0.0,0.0,0.0,0.0,0.0,0.0,0.0,0.0,0.0,0.0,0.0,-0.1,-0.199,-0.199
Joint 6: ,0.0,0.0,0.0,0.0,0.0,0.0,0.0,0.0,0.0,0.0,0.0,0.0,0.0,0.0,0.0,0.0,0.0,0.0,0.0,0.0,0.0,0.0
Trial,2,2D Sim,True,Distance Weight,0.9,Random Seed,30,Min Iterations,1200,Lazy,False,Distance cost,0.28203903332073177,Manip Cost,7.17696554317231,Total cost,0.9715316843058894,Node cost function,True,Percent Manip Threshold,0,Update Path,False,Increasing weight,False,Parent finding radius R,0.6,Step Size,0.2,Goal Area Sample Probability,0.05,Goal Area Delta,0.6
Manipulability,0.081,0.123,0.197,0.259,0.259,0.276,0.275,0.275,0.284,0.273,0.273,0.243,0.208,0.166,0.153,0.157,0.095,0.027,0.079,0.079
Distance to Last Node,0.0,0.515,0.271,0.271,0.0,0.092,0.216,0.0,0.086,0.377,0.0,0.224,0.224,0.287,0.287,0.552,0.324,0.272,0.272,0.0
Joint 0: ,0.0,0.0,0.0,0.0,0.0,0.0,0.0,0.0,0.0,0.0,0.0,0.0,0.0,0.0,0.0,0.0,0.0,0.0,0.0,0.0
Joint 1: ,1.1,0.778,0.736,0.694,0.694,0.703,0.499,0.499,0.469,0.136,0.136,-0.079,-0.294,-0.564,-0.834,-1.227,-1.086,-1.093,-1.1,-1.1
Joint 2: ,0.0,0.0,0.0,0.0,0.0,0.0,0.0,0.0,0.0,0.0,0.0,0.0,0.0,0.0,0.0,0.0,0.0,0.0,0.0,0.0
Joint 3: ,0.1,0.452,0.72,0.988,0.988,1.08,1.15,1.15,1.23,1.408,1.408,1.345,1.282,1.184,1.086,0.699,0.408,0.154,-0.099,-0.099
Joint 4: ,0.0,0.0,0.0,0.0,0.0,0.0,0.0,0.0,0.0,0.0,0.0,0.0,0.0,0.0,0.0,0.0,0.0,0.0,0.0,0.0
Joint 5: ,0.2,0.007,0.003,0.0,0.0,0.0,0.0,0.0,0.0,0.0,0.0,0.0,0.0,0.0,0.0,0.0,0.0,-0.097,-0.195,-0.195
Joint 6: ,0.0,0.0,0.0,0.0,0.0,0.0,0.0,0.0,0.0,0.0,0.0,0.0,0.0,0.0,0.0,0.0,0.0,0.0,0.0,0.0
Trial,3,2D Sim,True,Distance Weight,0.9,Random Seed,45,Min Iterations,1200,Lazy,False,Distance cost,0.27279624830539223,Manip Cost,7.70304317225801,Total cost,1.0158209407006538,Node cost function,True,Percent Manip Threshold,0,Update Path,False,Increasing weight,False,Parent finding radius R,0.6,Step Size,0.2,Goal Area Sample Probability,0.05,Goal Area Delta,0.6
Manipulability,0.081,0.157,0.244,0.274,0.286,0.286,0.285,0.26,0.208,0.157,0.123,0.116,0.103,0.031,0.081,0.081
Distance to Last Node,0.0,0.396,0.355,0.486,0.313,0.0,0.061,0.402,0.384,0.288,0.288,0.287,0.287,0.292,0.292,0.0
Joint 0: ,0.0,0.0,0.0,0.0,0.0,0.0,0.0,0.0,0.0,0.0,0.0,0.0,0.0,0.0,0.0,0.0
Joint 1: ,1.1,0.891,0.887,0.554,0.343,0.343,0.293,-0.068,-0.395,-0.565,-0.735,-0.912,-1.09,-1.095,-1.1,-1.1
Joint 2: ,0.0,0.0,0.0,0.0,0.0,0.0,0.0,0.0,0.0,0.0,0.0,0.0,0.0,0.0,0.0,0.0
Joint 3: ,0.1,0.432,0.786,1.122,1.352,1.352,1.387,1.565,1.364,1.132,0.9,0.674,0.449,0.174,-0.1,-0.1
Joint 4: ,0.0,0.0,0.0,0.0,0.0,0.0,0.0,0.0,0.0,0.0,0.0,0.0,0.0,0.0,0.0,0.0
Joint 5: ,0.2,0.15,0.116,0.0,0.0,0.0,0.0,0.0,0.0,0.0,0.0,0.0,0.0,-0.099,-0.198,-0.198
Joint 6: ,0.0,0.0,0.0,0.0,0.0,0.0,0.0,0.0,0.0,0.0,0.0,0.0,0.0,0.0,0.0,0.0
Trial,4,2D Sim,True,Distance Weight,0.9,Random Seed,60,Min Iterations,1200,Lazy,False,Distance cost,0.3083379921995179,Manip Cost,7.315127912473424,Total cost,1.0090169842269083,Node cost function,True,Percent Manip Threshold,0,Update Path,False,Increasing weight,False,Parent finding radius R,0.6,Step Size,0.2,Goal Area Sample Probability,0.05,Goal Area Delta,0.6
Manipulability,0.081,0.154,0.235,0.275,0.295,0.295,0.283,0.262,0.23,0.197,0.18,0.184,0.208,0.168,0.108,0.027,0.08,0.08
Distance to Last Node,0.0,0.447,0.494,0.248,0.248,0.0,0.285,0.285,0.287,0.287,0.239,0.239,0.457,0.288,0.288,0.288,0.288,0.0
Joint 0: ,0.0,0.0,0.0,0.0,0.0,0.0,0.0,0.0,0.0,0.0,0.0,0.0,0.0,0.0,0.0,0.0,0.0,0.0
Joint 1: ,1.1,0.977,0.675,0.581,0.488,0.488,0.224,-0.04,-0.321,-0.601,-0.826,-1.051,-1.385,-1.358,-1.33,-1.215,-1.1,-1.1
Joint 2: ,0.0,0.0,0.0,0.0,0.0,0.0,0.0,0.0,0.0,0.0,0.0,0.0,0.0,0.0,0.0,0.0,0.0,0.0
Joint 3: ,0.1,0.498,0.887,1.117,1.346,1.346,1.454,1.561,1.499,1.438,1.357,1.276,0.964,0.677,0.391,0.146,-0.099,-0.099
Joint 4: ,0.0,0.0,0.0,0.0,0.0,0.0,0.0,0.0,0.0,0.0,0.0,0.0,0.0,0.0,0.0,0.0,0.0,0.0
Joint 5: ,0.2,0.038,0.0,0.0,0.0,0.0,0.0,0.0,0.0,0.0,0.0,0.0,0.0,0.0,0.0,-0.098,-0.196,-0.196
Joint 6: ,0.0,0.0,0.0,0.0,0.0,0.0,0.0,0.0,0.0,0.0,0.0,0.0,0.0,0.0,0.0,0.0,0.0,0.0
Trial,5,2D Sim,True,Distance Weight,0.9,Random Seed,75,Min Iterations,1200,Lazy,False,Distance cost,0.2977327100656464,Manip Cost,7.645912145844261,Total cost,1.0325506536435076,Node cost function,True,Percent Manip Threshold,0,Update Path,False,Increasing weight,False,Parent finding radius R,0.6,Step Size,0.2,Goal Area Sample Probability,0.05,Goal Area Delta,0.6
Manipulability,0.081,0.163,0.251,0.263,0.264,0.27,0.254,0.235,0.204,0.179,0.183,0.19,0.162,0.107,0.026,0.08,0.08
Distance to Last Node,0.0,0.378,0.394,0.278,0.278,0.288,0.228,0.228,0.266,0.292,0.292,0.466,0.289,0.246,0.292,0.292,0.0
Joint 0: ,0.0,0.0,0.0,0.0,0.0,0.0,0.0,0.0,0.0,0.0,0.0,0.0,0.0,0.0,0.0,0.0,0.0
Joint 1: ,1.1,0.929,0.948,0.696,0.444,0.233,0.018,-0.198,-0.463,-0.75,-1.038,-1.294,-1.394,-1.363,-1.231,-1.1,-1.1
Joint 2: ,0.0,0.0,0.0,0.0,0.0,0.0,0.0,0.0,0.0,0.0,0.0,0.0,0.0,0.0,0.0,0.0,0.0
Joint 3: ,0.1,0.436,0.824,0.941,1.059,1.252,1.324,1.396,1.39,1.339,1.287,0.897,0.626,0.382,0.141,-0.1,-0.1
Joint 4: ,0.0,0.0,0.0,0.0,0.0,0.0,0.0,0.0,0.0,0.0,0.0,0.0,0.0,0.0,0.0,0.0,0.0
Joint 5: ,0.2,0.165,0.099,0.081,0.063,0.031,0.016,0.0,0.0,0.0,0.0,0.0,0.0,0.0,-0.099,-0.198,-0.198
Joint 6: ,0.0,0.0,0.0,0.0,0.0,0.0,0.0,0.0,0.0,0.0,0.0,0.0,0.0,0.0,0.0,0.0,0.0
Trial,1,2D Sim,True,Distance Weight,0.85,Random Seed,15,Min Iterations,1200,Lazy,False,Distance cost,0.30321219851011594,Manip Cost,7.356000868902767,Total cost,1.3611304990690138,Node cost function,True,Percent Manip Threshold,0,Update Path,False,Increasing weight,False,Parent finding radius R,0.6,Step Size,0.2,Goal Area Sample Probability,0.05,Goal Area Delta,0.6
Manipulability,0.081,0.128,0.207,0.248,0.292,0.292,0.294,0.294,0.283,0.283,0.273,0.273,0.25,0.224,0.184,0.165,0.145,0.132,0.092,0.021,0.081,0.081
Distance to Last Node,0.0,0.282,0.384,0.341,0.293,0.029,0.257,0.0,0.237,0.0,0.242,0.0,0.242,0.234,0.293,0.293,0.362,0.293,0.293,0.257,0.257,0.0
Joint 0: ,0.0,0.0,0.0,0.0,0.0,0.0,0.0,0.0,0.0,0.0,0.0,0.0,0.0,0.0,0.0,0.0,0.0,0.0,0.0,0.0,0.0,0.0
Joint 1: ,1.1,1.212,1.171,0.89,0.854,0.824,0.581,0.581,0.346,0.346,0.133,0.133,-0.107,-0.341,-0.602,-0.863,-0.995,-1.137,-1.279,-1.19,-1.1,-1.1
Joint 2: ,0.0,0.0,0.0,0.0,0.0,0.0,0.0,0.0,0.0,0.0,0.0,0.0,0.0,0.0,0.0,0.0,0.0,0.0,0.0,0.0,0.0,0.0
Joint 3: ,0.1,0.339,0.708,0.9,1.19,1.19,1.273,1.273,1.305,1.305,1.42,1.42,1.449,1.456,1.322,1.188,0.851,0.594,0.338,0.119,-0.1,-0.1
Joint 4: ,0.0,0.0,0.0,0.0,0.0,0.0,0.0,0.0,0.0,0.0,0.0,0.0,0.0,0.0,0.0,0.0,0.0,0.0,0.0,0.0,0.0,0.0
Joint 5: ,0.2,0.1,0.0,0.0,0.0,0.0,0.0,0.0,0.0,0.0,0.0,0.0,0.0,0.0,0.0,0.0,0.0,0.0,0.0,-0.1,-0.199,-0.199
Joint 6: ,0.0,0.0,0.0,0.0,0.0,0.0,0.0,0.0,0.0,0.0,0.0,0.0,0.0,0.0,0.0,0.0,0.0,0.0,0.0,0.0,0.0,0.0
Trial,2,2D Sim,True,Distance Weight,0.85,Random Seed,30,Min Iterations,1200,Lazy,False,Distance cost,0.2842246382084571,Manip Cost,7.346587302646179,Total cost,1.3435790378741155,Node cost function,True,Percent Manip Threshold,0,Update Path,False,Increasing weight,False,Parent finding radius R,0.6,Step Size,0.2,Goal Area Sample Probability,0.05,Goal Area Delta,0.6
Manipulability,0.081,0.123,0.197,0.259,0.259,0.276,0.296,0.296,0.273,0.273,0.243,0.208,0.166,0.153,0.157,0.095,0.027,0.078,0.078
Distance to Last Node,0.0,0.515,0.271,0.271,0.0,0.092,0.344,0.0,0.37,0.0,0.224,0.224,0.287,0.287,0.552,0.324,0.27,0.27,0.0
Joint 0: ,0.0,0.0,0.0,0.0,0.0,0.0,0.0,0.0,0.0,0.0,0.0,0.0,0.0,0.0,0.0,0.0,0.0,0.0,0.0
Joint 1: ,1.1,0.778,0.736,0.694,0.694,0.703,0.503,0.503,0.136,0.136,-0.079,-0.294,-0.564,-0.834,-1.227,-1.086,-1.094,-1.102,-1.102
Joint 2: ,0.0,0.0,0.0,0.0,0.0,0.0,0.0,0.0,0.0,0.0,0.0,0.0,0.0,0.0,0.0,0.0,0.0,0.0,0.0
Joint 3: ,0.1,0.452,0.72,0.988,0.988,1.08,1.36,1.36,1.408,1.408,1.345,1.282,1.184,1.086,0.699,0.408,0.155,-0.098,-0.098
Joint 4: ,0.0,0.0,0.0,0.0,0.0,0.0,0.0,0.0,0.0,0.0,0.0,0.0,0.0,0.0,0.0,0.0,0.0,0.0,0.0
Joint 5: ,0.2,0.007,0.003,0.0,0.0,0.0,0.0,0.0,0.0,0.0,0.0,0.0,0.0,0.0,0.0,0.0,-0.095,-0.191,-0.191
Joint 6: ,0.0,0.0,0.0,0.0,0.0,0.0,0.0,0.0,0.0,0.0,0.0,0.0,0.0,0.0,0.0,0.0,0.0,0.0,0.0
Trial,3,2D Sim,True,Distance Weight,0.85,Random Seed,45,Min Iterations,1200,Lazy,False,Distance cost,0.27279624830539223,Manip Cost,7.70304317225801,Total cost,1.387333286898285,Node cost function,True,Percent Manip Threshold,0,Update Path,False,Increasing weight,False,Parent finding radius R,0.6,Step Size,0.2,Goal Area Sample Probability,0.05,Goal Area Delta,0.6
Manipulability,0.081,0.157,0.244,0.274,0.286,0.286,0.285,0.26,0.208,0.157,0.123,0.116,0.103,0.031,0.081,0.081
Distance to Last Node,0.0,0.396,0.355,0.486,0.313,0.0,0.061,0.402,0.384,0.288,0.288,0.287,0.287,0.292,0.292,0.0
Joint 0: ,0.0,0.0,0.0,0.0,0.0,0.0,0.0,0.0,0.0,0.0,0.0,0.0,0.0,0.0,0.0,0.0
Joint 1: ,1.1,0.891,0.887,0.554,0.343,0.343,0.293,-0.068,-0.395,-0.565,-0.735,-0.912,-1.09,-1.095,-1.1,-1.1
Joint 2: ,0.0,0.0,0.0,0.0,0.0,0.0,0.0,0.0,0.0,0.0,0.0,0.0,0.0,0.0,0.0,0.0
Joint 3: ,0.1,0.432,0.786,1.122,1.352,1.352,1.387,1.565,1.364,1.132,0.9,0.674,0.449,0.174,-0.1,-0.1
Joint 4: ,0.0,0.0,0.0,0.0,0.0,0.0,0.0,0.0,0.0,0.0,0.0,0.0,0.0,0.0,0.0,0.0
Joint 5: ,0.2,0.15,0.116,0.0,0.0,0.0,0.0,0.0,0.0,0.0,0.0,0.0,0.0,-0.099,-0.198,-0.198
Joint 6: ,0.0,0.0,0.0,0.0,0.0,0.0,0.0,0.0,0.0,0.0,0.0,0.0,0.0,0.0,0.0,0.0
Trial,4,2D Sim,True,Distance Weight,0.85,Random Seed,60,Min Iterations,1200,Lazy,False,Distance cost,0.3234348605072146,Manip Cost,6.367055757099303,Total cost,1.2299779949960281,Node cost function,True,Percent Manip Threshold,0,Update Path,False,Increasing weight,False,Parent finding radius R,0.6,Step Size,0.2,Goal Area Sample Probability,0.05,Goal Area Delta,0.6
Manipulability,0.081,0.154,0.247,0.283,0.3,0.3,0.3,0.295,0.295,0.283,0.262,0.23,0.197,0.18,0.184,0.208,0.168,0.111,0.033,0.08,0.08
Distance to Last Node,0.0,0.447,0.367,0.236,0.236,0.0,0.036,0.313,0.0,0.285,0.285,0.287,0.287,0.239,0.239,0.457,0.288,0.297,0.298,0.298,0.0
Joint 0: ,0.0,0.0,0.0,0.0,0.0,0.0,0.0,0.0,0.0,0.0,0.0,0.0,0.0,0.0,0.0,0.0,0.0,0.0,0.0,0.0,0.0
Joint 1: ,1.1,0.977,0.958,0.896,0.834,0.834,0.799,0.488,0.488,0.224,-0.04,-0.321,-0.601,-0.826,-1.051,-1.385,-1.358,-1.154,-1.127,-1.1,-1.1
Joint 2: ,0.0,0.0,0.0,0.0,0.0,0.0,0.0,0.0,0.0,0.0,0.0,0.0,0.0,0.0,0.0,0.0,0.0,0.0,0.0,0.0,0.0
Joint 3: ,0.1,0.498,0.865,1.092,1.32,1.32,1.312,1.346,1.346,1.454,1.561,1.499,1.438,1.357,1.276,0.964,0.677,0.461,0.181,-0.099,-0.099
Joint 4: ,0.0,0.0,0.0,0.0,0.0,0.0,0.0,0.0,0.0,0.0,0.0,0.0,0.0,0.0,0.0,0.0,0.0,0.0,0.0,0.0,0.0
Joint 5: ,0.2,0.038,0.026,0.014,0.002,0.002,0.0,0.0,0.0,0.0,0.0,0.0,0.0,0.0,0.0,0.0,0.0,0.0,-0.098,-0.196,-0.196
Joint 6: ,0.0,0.0,0.0,0.0,0.0,0.0,0.0,0.0,0.0,0.0,0.0,0.0,0.0,0.0,0.0,0.0,0.0,0.0,0.0,0.0,0.0
Trial,5,2D Sim,True,Distance Weight,0.85,Random Seed,75,Min Iterations,1200,Lazy,False,Distance cost,0.2966095035208467,Manip Cost,7.77381036121486,Total cost,1.4181896321749488,Node cost function,True,Percent Manip Threshold,0,Update Path,False,Increasing weight,False,Parent finding radius R,0.6,Step Size,0.2,Goal Area Sample Probability,0.05,Goal Area Delta,0.6
Manipulability,0.081,0.163,0.251,0.276,0.289,0.289,0.284,0.264,0.24,0.175,0.167,0.168,0.151,0.106,0.025,0.078,0.078
Distance to Last Node,0.0,0.378,0.394,0.292,0.292,0.0,0.292,0.264,0.264,0.453,0.424,0.273,0.282,0.282,0.299,0.299,0.0
Joint 0: ,0.0,0.0,0.0,0.0,0.0,0.0,0.0,0.0,0.0,0.0,0.0,0.0,0.0,0.0,0.0,0.0,0.0
Joint 1: ,1.1,0.929,0.948,0.747,0.545,0.545,0.29,0.031,-0.227,-0.624,-1.005,-1.162,-1.297,-1.432,-1.267,-1.101,-1.101
Joint 2: ,0.0,0.0,0.0,0.0,0.0,0.0,0.0,0.0,0.0,0.0,0.0,0.0,0.0,0.0,0.0,0.0,0.0
Joint 3: ,0.1,0.436,0.824,1.03,1.236,1.236,1.377,1.432,1.488,1.268,1.08,0.858,0.611,0.364,0.133,-0.097,-0.097
Joint 4: ,0.0,0.0,0.0,0.0,0.0,0.0,0.0,0.0,0.0,0.0,0.0,0.0,0.0,0.0,0.0,0.0,0.0
Joint 5: ,0.2,0.165,0.099,0.05,0.0,0.0,0.0,0.0,0.0,0.0,0.0,0.0,0.0,0.0,-0.095,-0.191,-0.191
Joint 6: ,0.0,0.0,0.0,0.0,0.0,0.0,0.0,0.0,0.0,0.0,0.0,0.0,0.0,0.0,0.0,0.0,0.0
Trial,1,2D Sim,True,Distance Weight,0.8,Random Seed,15,Min Iterations,1200,Lazy,False,Distance cost,0.3296644005627549,Manip Cost,7.0207068105148265,Total cost,1.667872882553169,Node cost function,True,Percent Manip Threshold,0,Update Path,False,Increasing weight,False,Parent finding radius R,0.6,Step Size,0.2,Goal Area Sample Probability,0.05,Goal Area Delta,0.6
Manipulability,0.081,0.128,0.207,0.248,0.292,0.297,0.297,0.299,0.294,0.294,0.283,0.283,0.273,0.273,0.25,0.224,0.184,0.165,0.145,0.132,0.092,0.021,0.081,0.081
Distance to Last Node,0.0,0.282,0.384,0.341,0.293,0.293,0.0,0.159,0.236,0.0,0.237,0.0,0.242,0.0,0.242,0.234,0.293,0.293,0.362,0.293,0.293,0.257,0.257,0.0
Joint 0: ,0.0,0.0,0.0,0.0,0.0,0.0,0.0,0.0,0.0,0.0,0.0,0.0,0.0,0.0,0.0,0.0,0.0,0.0,0.0,0.0,0.0,0.0,0.0,0.0
Joint 1: ,1.1,1.212,1.171,0.89,0.854,0.817,0.817,0.659,0.581,0.581,0.346,0.346,0.133,0.133,-0.107,-0.341,-0.602,-0.863,-0.995,-1.137,-1.279,-1.19,-1.1,-1.1
Joint 2: ,0.0,0.0,0.0,0.0,0.0,0.0,0.0,0.0,0.0,0.0,0.0,0.0,0.0,0.0,0.0,0.0,0.0,0.0,0.0,0.0,0.0,0.0,0.0,0.0
Joint 3: ,0.1,0.339,0.708,0.9,1.19,1.481,1.481,1.495,1.273,1.273,1.305,1.305,1.42,1.42,1.449,1.456,1.322,1.188,0.851,0.594,0.338,0.119,-0.1,-0.1
Joint 4: ,0.0,0.0,0.0,0.0,0.0,0.0,0.0,0.0,0.0,0.0,0.0,0.0,0.0,0.0,0.0,0.0,0.0,0.0,0.0,0.0,0.0,0.0,0.0,0.0
Joint 5: ,0.2,0.1,0.0,0.0,0.0,0.0,0.0,0.0,0.0,0.0,0.0,0.0,0.0,0.0,0.0,0.0,0.0,0.0,0.0,0.0,0.0,-0.1,-0.199,-0.199
Joint 6: ,0.0,0.0,0.0,0.0,0.0,0.0,0.0,0.0,0.0,0.0,0.0,0.0,0.0,0.0,0.0,0.0,0.0,0.0,0.0,0.0,0.0,0.0,0.0,0.0
Trial,2,2D Sim,True,Distance Weight,0.8,Random Seed,30,Min Iterations,1200,Lazy,False,Distance cost,0.3237394787751393,Manip Cost,7.087997791726358,Total cost,1.6765911413653827,Node cost function,True,Percent Manip Threshold,0,Update Path,False,Increasing weight,False,Parent finding radius R,0.6,Step Size,0.2,Goal Area Sample Probability,0.05,Goal Area Delta,0.6
Manipulability,0.081,0.123,0.197,0.259,0.259,0.276,0.298,0.296,0.296,0.28,0.273,0.243,0.207,0.189,0.167,0.172,0.193,0.16,0.104,0.024,0.079,0.079
Distance to Last Node,0.0,0.515,0.271,0.271,0.0,0.092,0.271,0.363,0.0,0.269,0.102,0.224,0.224,0.274,0.262,0.296,0.296,0.284,0.291,0.298,0.298,0.0
Joint 0: ,0.0,0.0,0.0,0.0,0.0,0.0,0.0,0.0,0.0,0.0,0.0,0.0,0.0,0.0,0.0,0.0,0.0,0.0,0.0,0.0,0.0,0.0
Joint 1: ,1.1,0.778,0.736,0.694,0.694,0.703,0.861,0.503,0.503,0.236,0.136,-0.078,-0.291,-0.558,-0.796,-1.048,-1.3,-1.344,-1.426,-1.263,-1.1,-1.1
Joint 2: ,0.0,0.0,0.0,0.0,0.0,0.0,0.0,0.0,0.0,0.0,0.0,0.0,0.0,0.0,0.0,0.0,0.0,0.0,0.0,0.0,0.0,0.0
Joint 3: ,0.1,0.452,0.72,0.988,0.988,1.08,1.301,1.36,1.36,1.387,1.408,1.341,1.273,1.337,1.23,1.075,0.92,0.639,0.36,0.13,-0.099,-0.099
Joint 4: ,0.0,0.0,0.0,0.0,0.0,0.0,0.0,0.0,0.0,0.0,0.0,0.0,0.0,0.0,0.0,0.0,0.0,0.0,0.0,0.0,0.0,0.0
Joint 5: ,0.2,0.007,0.003,0.0,0.0,0.0,0.0,0.0,0.0,0.0,0.0,0.0,0.0,0.0,0.0,0.0,0.0,0.0,0.0,-0.097,-0.195,-0.195
Joint 6: ,0.0,0.0,0.0,0.0,0.0,0.0,0.0,0.0,0.0,0.0,0.0,0.0,0.0,0.0,0.0,0.0,0.0,0.0,0.0,0.0,0.0,0.0
Trial,3,2D Sim,True,Distance Weight,0.8,Random Seed,45,Min Iterations,1200,Lazy,False,Distance cost,0.2844377830110253,Manip Cost,7.423370470154511,Total cost,1.7122243204397223,Node cost function,True,Percent Manip Threshold,0,Update Path,False,Increasing weight,False,Parent finding radius R,0.6,Step Size,0.2,Goal Area Sample Probability,0.05,Goal Area Delta,0.6
Manipulability,0.081,0.157,0.244,0.283,0.3,0.3,0.297,0.285,0.26,0.208,0.157,0.123,0.116,0.103,0.031,0.081,0.081
Distance to Last Node,0.0,0.396,0.355,0.275,0.275,0.0,0.243,0.243,0.402,0.384,0.288,0.288,0.287,0.287,0.292,0.292,0.0
Joint 0: ,0.0,0.0,0.0,0.0,0.0,0.0,0.0,0.0,0.0,0.0,0.0,0.0,0.0,0.0,0.0,0.0,0.0
Joint 1: ,1.1,0.891,0.887,0.83,0.773,0.773,0.533,0.293,-0.068,-0.395,-0.565,-0.735,-0.912,-1.09,-1.095,-1.1,-1.1
Joint 2: ,0.0,0.0,0.0,0.0,0.0,0.0,0.0,0.0,0.0,0.0,0.0,0.0,0.0,0.0,0.0,0.0,0.0
Joint 3: ,0.1,0.432,0.786,1.049,1.311,1.311,1.349,1.387,1.565,1.364,1.132,0.9,0.674,0.449,0.174,-0.1,-0.1
Joint 4: ,0.0,0.0,0.0,0.0,0.0,0.0,0.0,0.0,0.0,0.0,0.0,0.0,0.0,0.0,0.0,0.0,0.0
Joint 5: ,0.2,0.15,0.116,0.058,0.0,0.0,0.0,0.0,0.0,0.0,0.0,0.0,0.0,0.0,-0.099,-0.198,-0.198
Joint 6: ,0.0,0.0,0.0,0.0,0.0,0.0,0.0,0.0,0.0,0.0,0.0,0.0,0.0,0.0,0.0,0.0,0.0
Trial,4,2D Sim,True,Distance Weight,0.8,Random Seed,60,Min Iterations,1200,Lazy,False,Distance cost,0.3225505461783177,Manip Cost,6.369371177741208,Total cost,1.5319146724908954,Node cost function,True,Percent Manip Threshold,0,Update Path,False,Increasing weight,False,Parent finding radius R,0.6,Step Size,0.2,Goal Area Sample Probability,0.05,Goal Area Delta,0.6
Manipulability,0.081,0.154,0.247,0.283,0.3,0.3,0.3,0.295,0.295,0.283,0.262,0.23,0.197,0.18,0.184,0.208,0.168,0.112,0.033,0.08,0.08
Distance to Last Node,0.0,0.447,0.367,0.236,0.236,0.0,0.036,0.313,0.0,0.285,0.285,0.287,0.287,0.239,0.239,0.457,0.288,0.284,0.298,0.298,0.0
Joint 0: ,0.0,0.0,0.0,0.0,0.0,0.0,0.0,0.0,0.0,0.0,0.0,0.0,0.0,0.0,0.0,0.0,0.0,0.0,0.0,0.0,0.0
Joint 1: ,1.1,0.977,0.958,0.896,0.834,0.834,0.799,0.488,0.488,0.224,-0.04,-0.321,-0.601,-0.826,-1.051,-1.385,-1.358,-1.177,-1.138,-1.1,-1.1
Joint 2: ,0.0,0.0,0.0,0.0,0.0,0.0,0.0,0.0,0.0,0.0,0.0,0.0,0.0,0.0,0.0,0.0,0.0,0.0,0.0,0.0,0.0
Joint 3: ,0.1,0.498,0.865,1.092,1.32,1.32,1.312,1.346,1.346,1.454,1.561,1.499,1.438,1.357,1.276,0.964,0.677,0.458,0.179,-0.099,-0.099
Joint 4: ,0.0,0.0,0.0,0.0,0.0,0.0,0.0,0.0,0.0,0.0,0.0,0.0,0.0,0.0,0.0,0.0,0.0,0.0,0.0,0.0,0.0
Joint 5: ,0.2,0.038,0.026,0.014,0.002,0.002,0.0,0.0,0.0,0.0,0.0,0.0,0.0,0.0,0.0,0.0,0.0,0.0,-0.098,-0.196,-0.196
Joint 6: ,0.0,0.0,0.0,0.0,0.0,0.0,0.0,0.0,0.0,0.0,0.0,0.0,0.0,0.0,0.0,0.0,0.0,0.0,0.0,0.0,0.0
Trial,5,2D Sim,True,Distance Weight,0.8,Random Seed,75,Min Iterations,1200,Lazy,False,Distance cost,0.2966095035208467,Manip Cost,7.77381036121486,Total cost,1.792049675059649,Node cost function,True,Percent Manip Threshold,0,Update Path,False,Increasing weight,False,Parent finding radius R,0.6,Step Size,0.2,Goal Area Sample Probability,0.05,Goal Area Delta,0.6
Manipulability,0.081,0.163,0.251,0.276,0.289,0.289,0.284,0.264,0.24,0.175,0.167,0.168,0.151,0.106,0.025,0.078,0.078
Distance to Last Node,0.0,0.378,0.394,0.292,0.292,0.0,0.292,0.264,0.264,0.453,0.424,0.273,0.282,0.282,0.299,0.299,0.0
Joint 0: ,0.0,0.0,0.0,0.0,0.0,0.0,0.0,0.0,0.0,0.0,0.0,0.0,0.0,0.0,0.0,0.0,0.0
Joint 1: ,1.1,0.929,0.948,0.747,0.545,0.545,0.29,0.031,-0.227,-0.624,-1.005,-1.162,-1.297,-1.432,-1.267,-1.101,-1.101
Joint 2: ,0.0,0.0,0.0,0.0,0.0,0.0,0.0,0.0,0.0,0.0,0.0,0.0,0.0,0.0,0.0,0.0,0.0
Joint 3: ,0.1,0.436,0.824,1.03,1.236,1.236,1.377,1.432,1.488,1.268,1.08,0.858,0.611,0.364,0.133,-0.097,-0.097
Joint 4: ,0.0,0.0,0.0,0.0,0.0,0.0,0.0,0.0,0.0,0.0,0.0,0.0,0.0,0.0,0.0,0.0,0.0
Joint 5: ,0.2,0.165,0.099,0.05,0.0,0.0,0.0,0.0,0.0,0.0,0.0,0.0,0.0,0.0,-0.095,-0.191,-0.191
Joint 6: ,0.0,0.0,0.0,0.0,0.0,0.0,0.0,0.0,0.0,0.0,0.0,0.0,0.0,0.0,0.0,0.0,0.0
Trial,1,2D Sim,True,Distance Weight,0.7,Random Seed,15,Min Iterations,1200,Lazy,False,Distance cost,0.3296644005627549,Manip Cost,7.0207068105148265,Total cost,2.3369771235483765,Node cost function,True,Percent Manip Threshold,0,Update Path,False,Increasing weight,False,Parent finding radius R,0.6,Step Size,0.2,Goal Area Sample Probability,0.05,Goal Area Delta,0.6
Manipulability,0.081,0.128,0.207,0.248,0.292,0.297,0.297,0.299,0.294,0.294,0.283,0.283,0.273,0.273,0.25,0.224,0.184,0.165,0.145,0.132,0.092,0.021,0.081,0.081
Distance to Last Node,0.0,0.282,0.384,0.341,0.293,0.293,0.0,0.159,0.236,0.0,0.237,0.0,0.242,0.0,0.242,0.234,0.293,0.293,0.362,0.293,0.293,0.257,0.257,0.0
Joint 0: ,0.0,0.0,0.0,0.0,0.0,0.0,0.0,0.0,0.0,0.0,0.0,0.0,0.0,0.0,0.0,0.0,0.0,0.0,0.0,0.0,0.0,0.0,0.0,0.0
Joint 1: ,1.1,1.212,1.171,0.89,0.854,0.817,0.817,0.659,0.581,0.581,0.346,0.346,0.133,0.133,-0.107,-0.341,-0.602,-0.863,-0.995,-1.137,-1.279,-1.19,-1.1,-1.1
Joint 2: ,0.0,0.0,0.0,0.0,0.0,0.0,0.0,0.0,0.0,0.0,0.0,0.0,0.0,0.0,0.0,0.0,0.0,0.0,0.0,0.0,0.0,0.0,0.0,0.0
Joint 3: ,0.1,0.339,0.708,0.9,1.19,1.481,1.481,1.495,1.273,1.273,1.305,1.305,1.42,1.42,1.449,1.456,1.322,1.188,0.851,0.594,0.338,0.119,-0.1,-0.1
Joint 4: ,0.0,0.0,0.0,0.0,0.0,0.0,0.0,0.0,0.0,0.0,0.0,0.0,0.0,0.0,0.0,0.0,0.0,0.0,0.0,0.0,0.0,0.0,0.0,0.0
Joint 5: ,0.2,0.1,0.0,0.0,0.0,0.0,0.0,0.0,0.0,0.0,0.0,0.0,0.0,0.0,0.0,0.0,0.0,0.0,0.0,0.0,0.0,-0.1,-0.199,-0.199
Joint 6: ,0.0,0.0,0.0,0.0,0.0,0.0,0.0,0.0,0.0,0.0,0.0,0.0,0.0,0.0,0.0,0.0,0.0,0.0,0.0,0.0,0.0,0.0,0.0,0.0
Trial,2,2D Sim,True,Distance Weight,0.7,Random Seed,30,Min Iterations,1200,Lazy,False,Distance cost,0.36490829864963015,Manip Cost,6.713188170340545,Total cost,2.269392260156905,Node cost function,True,Percent Manip Threshold,0,Update Path,False,Increasing weight,False,Parent finding radius R,0.6,Step Size,0.2,Goal Area Sample Probability,0.05,Goal Area Delta,0.6
Manipulability,0.081,0.121,0.208,0.248,0.248,0.258,0.288,0.291,0.278,0.278,0.296,0.298,0.273,0.273,0.243,0.207,0.189,0.167,0.172,0.193,0.16,0.102,0.024,0.079,0.079
Distance to Last Node,0.0,0.293,0.455,0.456,0.0,0.2,0.2,0.2,0.302,0.0,0.174,0.126,0.4,0.0,0.224,0.224,0.274,0.262,0.296,0.296,0.284,0.284,0.287,0.287,0.0
Joint 0: ,0.0,0.0,0.0,0.0,0.0,0.0,0.0,0.0,0.0,0.0,0.0,0.0,0.0,0.0,0.0,0.0,0.0,0.0,0.0,0.0,0.0,0.0,0.0,0.0,0.0
Joint 1: ,1.1,0.877,0.644,0.367,0.367,0.224,0.341,0.337,0.384,0.384,0.503,0.529,0.136,0.136,-0.078,-0.291,-0.558,-0.796,-1.048,-1.3,-1.344,-1.388,-1.244,-1.1,-1.1
Joint 2: ,0.0,0.0,0.0,0.0,0.0,0.0,0.0,0.0,0.0,0.0,0.0,0.0,0.0,0.0,0.0,0.0,0.0,0.0,0.0,0.0,0.0,0.0,0.0,0.0,0.0
Joint 3: ,0.1,0.29,0.679,1.029,1.029,1.169,1.331,1.531,1.234,1.234,1.36,1.483,1.408,1.408,1.341,1.273,1.337,1.23,1.075,0.92,0.639,0.359,0.13,-0.099,-0.099
Joint 4: ,0.0,0.0,0.0,0.0,0.0,0.0,0.0,0.0,0.0,0.0,0.0,0.0,0.0,0.0,0.0,0.0,0.0,0.0,0.0,0.0,0.0,0.0,0.0,0.0,0.0
Joint 5: ,0.2,0.181,0.143,0.049,0.049,0.043,0.038,0.031,0.0,0.0,0.0,0.0,0.0,0.0,0.0,0.0,0.0,0.0,0.0,0.0,0.0,0.0,-0.097,-0.195,-0.195
Joint 6: ,0.0,0.0,0.0,0.0,0.0,0.0,0.0,0.0,0.0,0.0,0.0,0.0,0.0,0.0,0.0,0.0,0.0,0.0,0.0,0.0,0.0,0.0,0.0,0.0,0.0
Trial,3,2D Sim,True,Distance Weight,0.7,Random Seed,45,Min Iterations,1200,Lazy,False,Distance cost,0.4855474811506043,Manip Cost,4.958504660856908,Total cost,1.8274346350624957,Node cost function,True,Percent Manip Threshold,0,Update Path,False,Increasing weight,False,Parent finding radius R,0.6,Step Size,0.2,Goal Area Sample Probability,0.05,Goal Area Delta,0.6
Manipulability,0.081,0.075,0.144,0.198,0.198,0.204,0.234,0.217,0.257,0.257,0.274,0.282,0.263,0.232,0.232,0.212,0.168,0.165,0.197,0.222,0.228,0.228,0.234,0.219,0.219,0.234,0.246,0.246,0.272,0.285,0.285,0.299,0.286,0.286,0.281,0.246,0.194,0.137,0.081,0.081
Distance to Last Node,0.0,0.468,0.28,0.28,0.0,0.039,0.2,0.106,0.292,0.0,0.2,0.2,0.269,0.269,0.0,0.156,0.365,0.293,0.293,0.21,0.21,0.0,0.279,0.279,0.0,0.212,0.212,0.0,0.272,0.272,0.0,0.226,0.226,0.0,0.202,0.22,0.22,0.299,0.299,0.0
Joint 0: ,0.0,0.0,0.0,0.0,0.0,0.0,0.0,0.0,0.0,0.0,0.0,0.0,0.0,0.0,0.0,0.0,0.0,0.0,0.0,0.0,0.0,0.0,0.0,0.0,0.0,0.0,0.0,0.0,0.0,0.0,0.0,0.0,0.0,0.0,0.0,0.0,0.0,0.0,0.0,0.0
Joint 1: ,1.1,1.303,1.367,1.431,1.431,1.466,1.644,1.586,1.832,1.832,1.86,1.972,1.742,1.513,1.513,1.357,0.994,0.721,0.449,0.413,0.377,0.377,0.135,-0.107,-0.107,-0.309,-0.511,-0.511,-0.726,-0.942,-0.942,-0.864,-0.786,-0.786,-0.985,-1.014,-1.044,-1.072,-1.1,-1.1
Joint 2: ,0.0,0.0,0.0,0.0,0.0,0.0,0.0,0.0,0.0,0.0,0.0,0.0,0.0,0.0,0.0,0.0,0.0,0.0,0.0,0.0,0.0,0.0,0.0,0.0,0.0,0.0,0.0,0.0,0.0,0.0,0.0,0.0,0.0,0.0,0.0,0.0,0.0,0.0,0.0,0.0
Joint 3: ,0.1,-0.284,-0.557,-0.83,-0.83,-0.847,-0.938,-0.85,-1.007,-1.007,-1.205,-1.371,-1.23,-1.089,-1.089,-1.077,-1.106,-1.215,-1.324,-1.531,-1.738,-1.738,-1.878,-2.018,-2.018,-1.954,-1.89,-1.89,-1.724,-1.558,-1.558,-1.346,-1.134,-1.134,-1.097,-0.879,-0.66,-0.38,-0.1,-0.1
Joint 4: ,0.0,0.0,0.0,0.0,0.0,0.0,0.0,0.0,0.0,0.0,0.0,0.0,0.0,0.0,0.0,0.0,0.0,0.0,0.0,0.0,0.0,0.0,0.0,0.0,0.0,0.0,0.0,0.0,0.0,0.0,0.0,0.0,0.0,0.0,0.0,0.0,0.0,0.0,0.0,0.0
Joint 5: ,0.2,0.026,0.016,0.006,0.006,0.0,0.0,0.0,0.0,0.0,0.0,0.0,0.0,0.0,0.0,0.0,0.0,0.0,0.0,0.0,0.0,0.0,0.0,0.0,0.0,0.0,0.0,0.0,0.0,0.0,0.0,0.0,0.0,0.0,0.0,0.0,0.0,-0.1,-0.199,-0.199
Joint 6: ,0.0,0.0,0.0,0.0,0.0,0.0,0.0,0.0,0.0,0.0,0.0,0.0,0.0,0.0,0.0,0.0,0.0,0.0,0.0,0.0,0.0,0.0,0.0,0.0,0.0,0.0,0.0,0.0,0.0,0.0,0.0,0.0,0.0,0.0,0.0,0.0,0.0,0.0,0.0,0.0
Trial,4,2D Sim,True,Distance Weight,0.7,Random Seed,60,Min Iterations,1200,Lazy,False,Distance cost,0.3225505461783177,Manip Cost,6.369371177741208,Total cost,2.136596735647185,Node cost function,True,Percent Manip Threshold,0,Update Path,False,Increasing weight,False,Parent finding radius R,0.6,Step Size,0.2,Goal Area Sample Probability,0.05,Goal Area Delta,0.6
Manipulability,0.081,0.154,0.247,0.283,0.3,0.3,0.3,0.295,0.295,0.283,0.262,0.23,0.197,0.18,0.184,0.208,0.168,0.112,0.033,0.08,0.08
Distance to Last Node,0.0,0.447,0.367,0.236,0.236,0.0,0.036,0.313,0.0,0.285,0.285,0.287,0.287,0.239,0.239,0.457,0.288,0.284,0.298,0.298,0.0
Joint 0: ,0.0,0.0,0.0,0.0,0.0,0.0,0.0,0.0,0.0,0.0,0.0,0.0,0.0,0.0,0.0,0.0,0.0,0.0,0.0,0.0,0.0
Joint 1: ,1.1,0.977,0.958,0.896,0.834,0.834,0.799,0.488,0.488,0.224,-0.04,-0.321,-0.601,-0.826,-1.051,-1.385,-1.358,-1.177,-1.138,-1.1,-1.1
Joint 2: ,0.0,0.0,0.0,0.0,0.0,0.0,0.0,0.0,0.0,0.0,0.0,0.0,0.0,0.0,0.0,0.0,0.0,0.0,0.0,0.0,0.0
Joint 3: ,0.1,0.498,0.865,1.092,1.32,1.32,1.312,1.346,1.346,1.454,1.561,1.499,1.438,1.357,1.276,0.964,0.677,0.458,0.179,-0.099,-0.099
Joint 4: ,0.0,0.0,0.0,0.0,0.0,0.0,0.0,0.0,0.0,0.0,0.0,0.0,0.0,0.0,0.0,0.0,0.0,0.0,0.0,0.0,0.0
Joint 5: ,0.2,0.038,0.026,0.014,0.002,0.002,0.0,0.0,0.0,0.0,0.0,0.0,0.0,0.0,0.0,0.0,0.0,0.0,-0.098,-0.196,-0.196
Joint 6: ,0.0,0.0,0.0,0.0,0.0,0.0,0.0,0.0,0.0,0.0,0.0,0.0,0.0,0.0,0.0,0.0,0.0,0.0,0.0,0.0,0.0
Trial,5,2D Sim,True,Distance Weight,0.7,Random Seed,75,Min Iterations,1200,Lazy,False,Distance cost,0.3684331642637899,Manip Cost,6.540136181155059,Total cost,2.219944069331171,Node cost function,True,Percent Manip Threshold,0,Update Path,False,Increasing weight,False,Parent finding radius R,0.6,Step Size,0.2,Goal Area Sample Probability,0.05,Goal Area Delta,0.6
Manipulability,0.081,0.163,0.251,0.263,0.264,0.27,0.264,0.239,0.214,0.196,0.186,0.19,0.224,0.26,0.26,0.262,0.259,0.244,0.202,0.149,0.11,0.027,0.078,0.078
Distance to Last Node,0.0,0.378,0.394,0.278,0.278,0.288,0.288,0.243,0.243,0.298,0.298,0.27,0.288,0.288,0.0,0.089,0.2,0.13,0.229,0.229,0.281,0.295,0.295,0.0
Joint 0: ,0.0,0.0,0.0,0.0,0.0,0.0,0.0,0.0,0.0,0.0,0.0,0.0,0.0,0.0,0.0,0.0,0.0,0.0,0.0,0.0,0.0,0.0,0.0,0.0
Joint 1: ,1.1,0.929,0.948,0.696,0.444,0.233,0.022,-0.219,-0.461,-0.742,-1.023,-1.292,-1.504,-1.716,-1.716,-1.734,-1.805,-1.83,-1.728,-1.626,-1.37,-1.236,-1.102,-1.102
Joint 2: ,0.0,0.0,0.0,0.0,0.0,0.0,0.0,0.0,0.0,0.0,0.0,0.0,0.0,0.0,0.0,0.0,0.0,0.0,0.0,0.0,0.0,0.0,0.0,0.0
Joint 3: ,0.1,0.436,0.824,0.941,1.059,1.252,1.445,1.468,1.491,1.589,1.686,1.706,1.511,1.317,1.317,1.23,1.043,0.915,0.71,0.506,0.39,0.146,-0.098,-0.098
Joint 4: ,0.0,0.0,0.0,0.0,0.0,0.0,0.0,0.0,0.0,0.0,0.0,0.0,0.0,0.0,0.0,0.0,0.0,0.0,0.0,0.0,0.0,0.0,0.0,0.0
Joint 5: ,0.2,0.165,0.099,0.081,0.063,0.031,0.0,0.0,0.0,0.0,0.0,0.0,0.0,0.0,0.0,0.0,0.0,0.0,0.0,0.0,0.0,-0.096,-0.192,-0.192
Joint 6: ,0.0,0.0,0.0,0.0,0.0,0.0,0.0,0.0,0.0,0.0,0.0,0.0,0.0,0.0,0.0,0.0,0.0,0.0,0.0,0.0,0.0,0.0,0.0,0.0
Trial,5,2D Sim,True,Distance Weight,1,Random Seed,75,Min Iterations,1200,Lazy,False,Distance cost,0.15133486180886793,Manip Cost,498.84386136087215,Total cost,0.15133486180886793,Node cost function,True,Percent Manip Threshold,0,Update Path,False,Increasing weight,False,Parent finding radius R,0.6,Step Size,0.2,Goal Area Sample Probability,0.05,Goal Area Delta,0.6
Manipulability,0.081,0.076,0.052,0.03,0.017,0.008,0.002,0.001,0.002,0.0,0.004,0.024,0.051,0.081
Distance to Last Node,0.0,0.196,0.196,0.196,0.166,0.174,0.174,0.174,0.159,0.159,0.159,0.179,0.179,0.179
Joint 0: ,0.0,0.0,0.0,0.0,0.0,0.0,0.0,0.0,0.0,0.0,0.0,0.0,0.0,0.0
Joint 1: ,1.1,0.927,0.737,0.547,0.384,0.212,0.039,-0.133,-0.291,-0.449,-0.607,-0.771,-0.936,-1.1
Joint 2: ,0.0,0.0,0.0,0.0,0.0,0.0,0.0,0.0,0.0,0.0,0.0,0.0,0.0,0.0
Joint 3: ,0.1,0.165,0.145,0.126,0.099,0.079,0.059,0.039,0.019,-0.002,-0.022,-0.048,-0.074,-0.1
Joint 4: ,0.0,0.0,0.0,0.0,0.0,0.0,0.0,0.0,0.0,0.0,0.0,0.0,0.0,0.0
Joint 5: ,0.2,0.135,0.09,0.045,0.03,0.02,0.01,0.0,0.0,0.0,0.0,-0.067,-0.133,-0.2
Joint 6: ,0.0,0.0,0.0,0.0,0.0,0.0,0.0,0.0,0.0,0.0,0.0,0.0,0.0,0.0
Trial,1,2D Sim,True,Distance Weight,1,Random Seed,15,Min Iterations,1200,Lazy,False,Distance cost,0.1514651224959976,Manip Cost,449.89214279036884,Total cost,0.1514651224959976,Node cost function,True,Percent Manip Threshold,0,Update Path,False,Increasing weight,False,Parent finding radius R,0.6,Step Size,0.2,Goal Area Sample Probability,0.05,Goal Area Delta,0.6
Manipulability,0.081,0.076,0.06,0.038,0.021,0.008,0.001,0.0,0.0,0.004,0.011,0.031,0.055,0.081
Distance to Last Node,0.0,0.2,0.189,0.163,0.163,0.195,0.195,0.195,0.166,0.19,0.181,0.153,0.153,0.153
Joint 0: ,0.0,0.0,0.0,0.0,0.0,0.0,0.0,0.0,0.0,0.0,0.0,0.0,0.0,0.0
Joint 1: ,1.1,0.903,0.726,0.57,0.413,0.223,0.033,-0.158,-0.324,-0.512,-0.691,-0.827,-0.963,-1.1
Joint 2: ,0.0,0.0,0.0,0.0,0.0,0.0,0.0,0.0,0.0,0.0,0.0,0.0,0.0,0.0
Joint 3: ,0.1,0.13,0.154,0.13,0.106,0.068,0.029,-0.009,-0.005,-0.026,-0.055,-0.07,-0.085,-0.1
Joint 4: ,0.0,0.0,0.0,0.0,0.0,0.0,0.0,0.0,0.0,0.0,0.0,0.0,0.0,0.0
Joint 5: ,0.2,0.179,0.119,0.079,0.04,0.026,0.013,0.0,0.0,0.0,0.0,-0.067,-0.133,-0.2
Joint 6: ,0.0,0.0,0.0,0.0,0.0,0.0,0.0,0.0,0.0,0.0,0.0,0.0,0.0,0.0
Trial,2,2D Sim,True,Distance Weight,1,Random Seed,30,Min Iterations,1200,Lazy,False,Distance cost,0.1510211465348678,Manip Cost,148.07674466628555,Total cost,0.1510211465348678,Node cost function,True,Percent Manip Threshold,0,Update Path,False,Increasing weight,False,Parent finding radius R,0.6,Step Size,0.2,Goal Area Sample Probability,0.05,Goal Area Delta,0.6
Manipulability,0.081,0.06,0.04,0.03,0.021,0.012,0.008,0.001,0.003,0.004,0.004,0.017,0.046,0.08
Distance to Last Node,0.0,0.141,0.141,0.163,0.163,0.163,0.186,0.185,0.185,0.185,0.196,0.193,0.193,0.193
Joint 0: ,0.0,0.0,0.0,0.0,0.0,0.0,0.0,0.0,0.0,0.0,0.0,0.0,0.0,0.0
Joint 1: ,1.1,0.969,0.838,0.677,0.515,0.353,0.176,-0.008,-0.191,-0.374,-0.57,-0.747,-0.923,-1.1
Joint 2: ,0.0,0.0,0.0,0.0,0.0,0.0,0.0,0.0,0.0,0.0,0.0,0.0,0.0,0.0
Joint 3: ,0.1,0.05,0.001,0.0,-0.001,-0.001,0.042,0.039,0.036,0.032,0.026,-0.016,-0.059,-0.101
Joint 4: ,0.0,0.0,0.0,0.0,0.0,0.0,0.0,0.0,0.0,0.0,0.0,0.0,0.0,0.0
Joint 5: ,0.2,0.186,0.171,0.151,0.13,0.11,0.073,0.049,0.024,0.0,0.0,-0.065,-0.13,-0.195
Joint 6: ,0.0,0.0,0.0,0.0,0.0,0.0,0.0,0.0,0.0,0.0,0.0,0.0,0.0,0.0
Trial,3,2D Sim,True,Distance Weight,1,Random Seed,45,Min Iterations,1200,Lazy,False,Distance cost,0.15061991987246323,Manip Cost,297.5955933366674,Total cost,0.15061991987246323,Node cost function,True,Percent Manip Threshold,0,Update Path,False,Increasing weight,False,Parent finding radius R,0.6,Step Size,0.2,Goal Area Sample Probability,0.05,Goal Area Delta,0.6
Manipulability,0.081,0.055,0.031,0.016,0.005,0.001,0.001,0.001,0.003,0.006,0.009,0.028,0.053,0.081
Distance to Last Node,0.0,0.157,0.157,0.183,0.183,0.171,0.171,0.193,0.162,0.162,0.162,0.193,0.193,0.193
Joint 0: ,0.0,0.0,0.0,0.0,0.0,0.0,0.0,0.0,0.0,0.0,0.0,0.0,0.0,0.0
Joint 1: ,1.1,0.958,0.817,0.638,0.459,0.289,0.12,-0.073,-0.235,-0.397,-0.559,-0.739,-0.92,-1.1
Joint 2: ,0.0,0.0,0.0,0.0,0.0,0.0,0.0,0.0,0.0,0.0,0.0,0.0,0.0,0.0
Joint 3: ,0.1,0.086,0.072,0.044,0.015,-0.01,-0.035,-0.039,-0.044,-0.048,-0.052,-0.068,-0.084,-0.1
Joint 4: ,0.0,0.0,0.0,0.0,0.0,0.0,0.0,0.0,0.0,0.0,0.0,0.0,0.0,0.0
Joint 5: ,0.2,0.133,0.067,0.044,0.022,0.015,0.007,0.005,0.003,0.002,0.0,-0.067,-0.133,-0.2
Joint 6: ,0.0,0.0,0.0,0.0,0.0,0.0,0.0,0.0,0.0,0.0,0.0,0.0,0.0,0.0
Trial,4,2D Sim,True,Distance Weight,1,Random Seed,60,Min Iterations,1200,Lazy,False,Distance cost,0.14982874264709997,Manip Cost,326.46235191568303,Total cost,0.14982874264709997,Node cost function,True,Percent Manip Threshold,0,Update Path,False,Increasing weight,False,Parent finding radius R,0.6,Step Size,0.2,Goal Area Sample Probability,0.05,Goal Area Delta,0.6
Manipulability,0.081,0.066,0.05,0.025,0.007,0.002,0.0,0.003,0.01,0.018,0.035,0.057,0.08
Distance to Last Node,0.0,0.159,0.159,0.188,0.188,0.194,0.194,0.194,0.198,0.198,0.199,0.199,0.199
Joint 0: ,0.0,0.0,0.0,0.0,0.0,0.0,0.0,0.0,0.0,0.0,0.0,0.0,0.0
Joint 1: ,1.1,0.944,0.788,0.611,0.434,0.242,0.05,-0.142,-0.34,-0.537,-0.724,-0.912,-1.1
Joint 2: ,0.0,0.0,0.0,0.0,0.0,0.0,0.0,0.0,0.0,0.0,0.0,0.0,0.0
Joint 3: ,0.1,0.078,0.055,0.025,-0.005,-0.023,-0.042,-0.06,-0.081,-0.102,-0.101,-0.101,-0.1
Joint 4: ,0.0,0.0,0.0,0.0,0.0,0.0,0.0,0.0,0.0,0.0,0.0,0.0,0.0
Joint 5: ,0.2,0.184,0.168,0.112,0.056,0.037,0.019,0.0,0.0,0.0,-0.066,-0.132,-0.198
Joint 6: ,0.0,0.0,0.0,0.0,0.0,0.0,0.0,0.0,0.0,0.0,0.0,0.0,0.0
Trial,5,2D Sim,True,Distance Weight,1,Random Seed,75,Min Iterations,1200,Lazy,False,Distance cost,0.15133486180886793,Manip Cost,498.84386136087215,Total cost,0.15133486180886793,Node cost function,True,Percent Manip Threshold,0,Update Path,False,Increasing weight,False,Parent finding radius R,0.6,Step Size,0.2,Goal Area Sample Probability,0.05,Goal Area Delta,0.6
Manipulability,0.081,0.076,0.052,0.03,0.017,0.008,0.002,0.001,0.002,0.0,0.004,0.024,0.051,0.081
Distance to Last Node,0.0,0.196,0.196,0.196,0.166,0.174,0.174,0.174,0.159,0.159,0.159,0.179,0.179,0.179
Joint 0: ,0.0,0.0,0.0,0.0,0.0,0.0,0.0,0.0,0.0,0.0,0.0,0.0,0.0,0.0
Joint 1: ,1.1,0.927,0.737,0.547,0.384,0.212,0.039,-0.133,-0.291,-0.449,-0.607,-0.771,-0.936,-1.1
Joint 2: ,0.0,0.0,0.0,0.0,0.0,0.0,0.0,0.0,0.0,0.0,0.0,0.0,0.0,0.0
Joint 3: ,0.1,0.165,0.145,0.126,0.099,0.079,0.059,0.039,0.019,-0.002,-0.022,-0.048,-0.074,-0.1
Joint 4: ,0.0,0.0,0.0,0.0,0.0,0.0,0.0,0.0,0.0,0.0,0.0,0.0,0.0,0.0
Joint 5: ,0.2,0.135,0.09,0.045,0.03,0.02,0.01,0.0,0.0,0.0,0.0,-0.067,-0.133,-0.2
Joint 6: ,0.0,0.0,0.0,0.0,0.0,0.0,0.0,0.0,0.0,0.0,0.0,0.0,0.0,0.0
