Trial,1,2D Sim,True,Distance Weight,0.9,Random Seed,15,Min Iterations,1200,Lazy,False,Distance cost,0.3951072219898313,Manip Cost,6.087570764129073,Total cost,0.9643535762037554,Node cost function,False,Percent Manip Threshold,0,Update Path,True,Increasing weight,False,Parent finding radius R,0.6,Step Size,0.2,Goal Area Sample Probability,0.05,Goal Area Delta,0.6
Manipulability,0.081,0.123,0.172,0.21,0.239,0.252,0.248,0.292,0.297,0.294,0.287,0.262,0.237,0.209,0.195,0.186,0.197,0.201,0.189,0.145,0.092,0.021,0.081,0.081
Distance to Last Node,0.0,0.277,0.23,0.23,0.2,0.273,0.273,0.293,0.293,0.315,0.236,0.487,0.26,0.297,0.27,0.27,0.267,0.266,0.266,0.232,0.232,0.257,0.257,0.0
Joint 0: ,0.0,0.0,0.0,0.0,0.0,0.0,0.0,0.0,0.0,0.0,0.0,0.0,0.0,0.0,0.0,0.0,0.0,0.0,0.0,0.0,0.0,0.0,0.0,0.0
Joint 1: ,1.1,1.23,1.307,1.384,1.435,1.162,0.89,0.854,0.817,0.581,0.357,-0.034,-0.272,-0.566,-0.772,-0.977,-1.192,-1.295,-1.399,-1.339,-1.279,-1.19,-1.1,-1.1
Joint 2: ,0.0,0.0,0.0,0.0,0.0,0.0,0.0,0.0,0.0,0.0,0.0,0.0,0.0,0.0,0.0,0.0,0.0,0.0,0.0,0.0,0.0,0.0,0.0,0.0
Joint 3: ,0.1,0.324,0.535,0.746,0.94,0.92,0.9,1.19,1.481,1.273,1.347,1.636,1.741,1.786,1.611,1.436,1.276,1.031,0.786,0.562,0.338,0.119,-0.1,-0.1
Joint 4: ,0.0,0.0,0.0,0.0,0.0,0.0,0.0,0.0,0.0,0.0,0.0,0.0,0.0,0.0,0.0,0.0,0.0,0.0,0.0,0.0,0.0,0.0,0.0,0.0
Joint 5: ,0.2,0.1,0.05,0.0,0.0,0.0,0.0,0.0,0.0,0.0,0.0,0.0,0.0,0.0,0.0,0.0,0.0,0.0,0.0,0.0,0.0,-0.1,-0.199,-0.199
Joint 6: ,0.0,0.0,0.0,0.0,0.0,0.0,0.0,0.0,0.0,0.0,0.0,0.0,0.0,0.0,0.0,0.0,0.0,0.0,0.0,0.0,0.0,0.0,0.0,0.0
Trial,2,2D Sim,True,Distance Weight,0.9,Random Seed,30,Min Iterations,1200,Lazy,False,Distance cost,0.30699033937846265,Manip Cost,7.403392116074111,Total cost,1.0166305170480274,Node cost function,False,Percent Manip Threshold,0,Update Path,True,Increasing weight,False,Parent finding radius R,0.6,Step Size,0.2,Goal Area Sample Probability,0.05,Goal Area Delta,0.6
Manipulability,0.081,0.122,0.151,0.137,0.184,0.221,0.232,0.213,0.198,0.185,0.19,0.229,0.224,0.172,0.102,0.024,0.079,0.079
Distance to Last Node,0.0,0.395,0.33,0.292,0.279,0.279,0.2,0.255,0.255,0.239,0.239,0.518,0.199,0.298,0.298,0.287,0.287,0.0
Joint 0: ,0.0,0.0,0.0,0.0,0.0,0.0,0.0,0.0,0.0,0.0,0.0,0.0,0.0,0.0,0.0,0.0,0.0,0.0
Joint 1: ,1.1,0.772,0.525,0.255,0.132,0.01,-0.114,-0.356,-0.597,-0.836,-1.075,-1.475,-1.557,-1.472,-1.388,-1.244,-1.1,-1.1
Joint 2: ,0.0,0.0,0.0,0.0,0.0,0.0,0.0,0.0,0.0,0.0,0.0,0.0,0.0,0.0,0.0,0.0,0.0,0.0
Joint 3: ,0.1,0.318,0.532,0.63,0.879,1.127,1.284,1.364,1.444,1.442,1.439,1.11,0.929,0.644,0.359,0.13,-0.099,-0.099
Joint 4: ,0.0,0.0,0.0,0.0,0.0,0.0,0.0,0.0,0.0,0.0,0.0,0.0,0.0,0.0,0.0,0.0,0.0,0.0
Joint 5: ,0.2,0.175,0.124,0.074,0.045,0.017,0.014,0.007,0.0,0.0,0.0,0.0,0.0,0.0,0.0,-0.097,-0.195,-0.195
Joint 6: ,0.0,0.0,0.0,0.0,0.0,0.0,0.0,0.0,0.0,0.0,0.0,0.0,0.0,0.0,0.0,0.0,0.0,0.0
Trial,3,2D Sim,True,Distance Weight,0.9,Random Seed,45,Min Iterations,1200,Lazy,False,Distance cost,0.33876316491417735,Manip Cost,6.312181821150466,Total cost,0.936105030537806,Node cost function,False,Percent Manip Threshold,0,Update Path,True,Increasing weight,False,Parent finding radius R,0.6,Step Size,0.2,Goal Area Sample Probability,0.05,Goal Area Delta,0.6
Manipulability,0.081,0.122,0.187,0.244,0.267,0.259,0.287,0.3,0.299,0.291,0.278,0.25,0.216,0.184,0.166,0.134,0.145,0.106,0.032,0.081,0.081
Distance to Last Node,0.0,0.2,0.263,0.263,0.2,0.279,0.269,0.272,0.379,0.2,0.233,0.29,0.247,0.247,0.411,0.299,0.252,0.228,0.298,0.298,0.0
Joint 0: ,0.0,0.0,0.0,0.0,0.0,0.0,0.0,0.0,0.0,0.0,0.0,0.0,0.0,0.0,0.0,0.0,0.0,0.0,0.0,0.0,0.0
Joint 1: ,1.1,1.02,0.953,0.887,1.045,0.772,0.983,0.905,0.532,0.384,0.151,-0.122,-0.359,-0.596,-0.955,-0.93,-1.139,-1.09,-1.095,-1.1,-1.1
Joint 2: ,0.0,0.0,0.0,0.0,0.0,0.0,0.0,0.0,0.0,0.0,0.0,0.0,0.0,0.0,0.0,0.0,0.0,0.0,0.0,0.0,0.0
Joint 3: ,0.1,0.28,0.533,0.786,0.906,0.929,1.095,1.355,1.414,1.549,1.561,1.463,1.393,1.323,1.123,0.825,0.685,0.462,0.181,-0.1,-0.1
Joint 4: ,0.0,0.0,0.0,0.0,0.0,0.0,0.0,0.0,0.0,0.0,0.0,0.0,0.0,0.0,0.0,0.0,0.0,0.0,0.0,0.0,0.0
Joint 5: ,0.2,0.167,0.141,0.116,0.097,0.048,0.054,0.035,0.0,0.0,0.0,0.0,0.0,0.0,0.0,0.0,0.0,0.0,-0.099,-0.198,-0.198
Joint 6: ,0.0,0.0,0.0,0.0,0.0,0.0,0.0,0.0,0.0,0.0,0.0,0.0,0.0,0.0,0.0,0.0,0.0,0.0,0.0,0.0,0.0
Trial,4,2D Sim,True,Distance Weight,0.9,Random Seed,60,Min Iterations,1200,Lazy,False,Distance cost,0.3323532212830826,Manip Cost,6.453490442754608,Total cost,0.9444669434302349,Node cost function,False,Percent Manip Threshold,0,Update Path,True,Increasing weight,False,Parent finding radius R,0.6,Step Size,0.2,Goal Area Sample Probability,0.05,Goal Area Delta,0.6
Manipulability,0.081,0.154,0.212,0.256,0.247,0.258,0.259,0.24,0.236,0.204,0.185,0.179,0.192,0.163,0.113,0.031,0.08,0.08
Distance to Last Node,0.0,0.447,0.295,0.295,0.345,0.272,0.272,0.298,0.43,0.32,0.263,0.261,0.41,0.276,0.258,0.294,0.294,0.0
Joint 0: ,0.0,0.0,0.0,0.0,0.0,0.0,0.0,0.0,0.0,0.0,0.0,0.0,0.0,0.0,0.0,0.0,0.0,0.0
Joint 1: ,1.1,0.977,0.804,0.631,0.958,0.704,0.45,0.159,-0.185,-0.503,-0.766,-0.991,-1.262,-1.286,-1.251,-1.175,-1.1,-1.1
Joint 2: ,0.0,0.0,0.0,0.0,0.0,0.0,0.0,0.0,0.0,0.0,0.0,0.0,0.0,0.0,0.0,0.0,0.0,0.0
Joint 3: ,0.1,0.498,0.737,0.977,0.865,0.963,1.062,1.126,1.384,1.416,1.404,1.273,0.965,0.691,0.435,0.168,-0.099,-0.099
Joint 4: ,0.0,0.0,0.0,0.0,0.0,0.0,0.0,0.0,0.0,0.0,0.0,0.0,0.0,0.0,0.0,0.0,0.0,0.0
Joint 5: ,0.2,0.038,0.031,0.024,0.026,0.024,0.022,0.018,0.012,0.008,0.004,0.002,0.0,0.0,0.0,-0.098,-0.196,-0.196
Joint 6: ,0.0,0.0,0.0,0.0,0.0,0.0,0.0,0.0,0.0,0.0,0.0,0.0,0.0,0.0,0.0,0.0,0.0,0.0
Trial,5,2D Sim,True,Distance Weight,0.9,Random Seed,75,Min Iterations,1200,Lazy,False,Distance cost,0.3512744805968056,Manip Cost,6.190935994542514,Total cost,0.9352406319913763,Node cost function,False,Percent Manip Threshold,0,Update Path,True,Increasing weight,False,Parent finding radius R,0.6,Step Size,0.2,Goal Area Sample Probability,0.05,Goal Area Delta,0.6
Manipulability,0.081,0.133,0.196,0.251,0.252,0.24,0.268,0.28,0.28,0.264,0.27,0.254,0.235,0.204,0.174,0.173,0.19,0.162,0.112,0.029,0.078,0.078
Distance to Last Node,0.0,0.2,0.274,0.274,0.2,0.2,0.243,0.243,0.293,0.293,0.288,0.228,0.228,0.266,0.284,0.284,0.415,0.289,0.225,0.298,0.298,0.0
Joint 0: ,0.0,0.0,0.0,0.0,0.0,0.0,0.0,0.0,0.0,0.0,0.0,0.0,0.0,0.0,0.0,0.0,0.0,0.0,0.0,0.0,0.0,0.0
Joint 1: ,1.1,1.072,1.01,0.948,0.754,0.556,0.791,1.027,0.736,0.444,0.233,0.018,-0.198,-0.463,-0.726,-0.99,-1.294,-1.394,-1.358,-1.23,-1.101,-1.101
Joint 2: ,0.0,0.0,0.0,0.0,0.0,0.0,0.0,0.0,0.0,0.0,0.0,0.0,0.0,0.0,0.0,0.0,0.0,0.0,0.0,0.0,0.0,0.0
Joint 3: ,0.1,0.297,0.561,0.824,0.871,0.893,0.95,1.007,1.033,1.059,1.252,1.324,1.396,1.39,1.285,1.18,0.897,0.626,0.405,0.154,-0.097,-0.097
Joint 4: ,0.0,0.0,0.0,0.0,0.0,0.0,0.0,0.0,0.0,0.0,0.0,0.0,0.0,0.0,0.0,0.0,0.0,0.0,0.0,0.0,0.0,0.0
Joint 5: ,0.2,0.182,0.141,0.099,0.084,0.071,0.079,0.086,0.075,0.063,0.031,0.016,0.0,0.0,0.0,0.0,0.0,0.0,0.0,-0.095,-0.191,-0.191
Joint 6: ,0.0,0.0,0.0,0.0,0.0,0.0,0.0,0.0,0.0,0.0,0.0,0.0,0.0,0.0,0.0,0.0,0.0,0.0,0.0,0.0,0.0,0.0
Trial,1,2D Sim,True,Distance Weight,0.85,Random Seed,15,Min Iterations,1200,Lazy,False,Distance cost,0.45236736804307887,Manip Cost,5.79947530400369,Total cost,1.2544335584371706,Node cost function,False,Percent Manip Threshold,0,Update Path,True,Increasing weight,False,Parent finding radius R,0.6,Step Size,0.2,Goal Area Sample Probability,0.05,Goal Area Delta,0.6
Manipulability,0.081,0.123,0.172,0.21,0.239,0.252,0.248,0.239,0.259,0.295,0.297,0.292,0.294,0.287,0.262,0.237,0.209,0.195,0.186,0.197,0.22,0.189,0.145,0.092,0.021,0.081,0.081
Distance to Last Node,0.0,0.277,0.23,0.23,0.2,0.273,0.273,0.224,0.422,0.254,0.254,0.291,0.257,0.236,0.487,0.26,0.297,0.27,0.27,0.267,0.267,0.33,0.232,0.232,0.257,0.257,0.0
Joint 0: ,0.0,0.0,0.0,0.0,0.0,0.0,0.0,0.0,0.0,0.0,0.0,0.0,0.0,0.0,0.0,0.0,0.0,0.0,0.0,0.0,0.0,0.0,0.0,0.0,0.0,0.0,0.0
Joint 1: ,1.1,1.23,1.307,1.384,1.435,1.162,0.89,1.108,0.709,0.763,0.817,0.824,0.581,0.357,-0.034,-0.272,-0.566,-0.772,-0.977,-1.192,-1.406,-1.399,-1.339,-1.279,-1.19,-1.1,-1.1
Joint 2: ,0.0,0.0,0.0,0.0,0.0,0.0,0.0,0.0,0.0,0.0,0.0,0.0,0.0,0.0,0.0,0.0,0.0,0.0,0.0,0.0,0.0,0.0,0.0,0.0,0.0,0.0,0.0
Joint 3: ,0.1,0.324,0.535,0.746,0.94,0.92,0.9,0.848,0.984,1.233,1.481,1.19,1.273,1.347,1.636,1.741,1.786,1.611,1.436,1.276,1.116,0.786,0.562,0.338,0.119,-0.1,-0.1
Joint 4: ,0.0,0.0,0.0,0.0,0.0,0.0,0.0,0.0,0.0,0.0,0.0,0.0,0.0,0.0,0.0,0.0,0.0,0.0,0.0,0.0,0.0,0.0,0.0,0.0,0.0,0.0,0.0
Joint 5: ,0.2,0.1,0.05,0.0,0.0,0.0,0.0,0.0,0.0,0.0,0.0,0.0,0.0,0.0,0.0,0.0,0.0,0.0,0.0,0.0,0.0,0.0,0.0,0.0,-0.1,-0.199,-0.199
Joint 6: ,0.0,0.0,0.0,0.0,0.0,0.0,0.0,0.0,0.0,0.0,0.0,0.0,0.0,0.0,0.0,0.0,0.0,0.0,0.0,0.0,0.0,0.0,0.0,0.0,0.0,0.0,0.0
Trial,2,2D Sim,True,Distance Weight,0.85,Random Seed,30,Min Iterations,1200,Lazy,False,Distance cost,0.39762656605093616,Manip Cost,6.671615501208315,Total cost,1.338724906324543,Node cost function,False,Percent Manip Threshold,0,Update Path,True,Increasing weight,False,Parent finding radius R,0.6,Step Size,0.2,Goal Area Sample Probability,0.05,Goal Area Delta,0.6
Manipulability,0.081,0.122,0.151,0.137,0.184,0.221,0.232,0.194,0.229,0.264,0.272,0.253,0.223,0.206,0.188,0.19,0.229,0.224,0.172,0.102,0.024,0.079,0.079
Distance to Last Node,0.0,0.395,0.33,0.292,0.279,0.279,0.2,0.399,0.274,0.274,0.2,0.232,0.232,0.222,0.264,0.264,0.518,0.199,0.298,0.298,0.287,0.287,0.0
Joint 0: ,0.0,0.0,0.0,0.0,0.0,0.0,0.0,0.0,0.0,0.0,0.0,0.0,0.0,0.0,0.0,0.0,0.0,0.0,0.0,0.0,0.0,0.0,0.0
Joint 1: ,1.1,0.772,0.525,0.255,0.132,0.01,-0.114,-0.511,-0.241,0.03,0.088,-0.125,-0.338,-0.551,-0.813,-1.075,-1.475,-1.557,-1.472,-1.388,-1.244,-1.1,-1.1
Joint 2: ,0.0,0.0,0.0,0.0,0.0,0.0,0.0,0.0,0.0,0.0,0.0,0.0,0.0,0.0,0.0,0.0,0.0,0.0,0.0,0.0,0.0,0.0,0.0
Joint 3: ,0.1,0.318,0.532,0.63,0.879,1.127,1.284,1.332,1.377,1.423,1.615,1.524,1.433,1.494,1.467,1.439,1.11,0.929,0.644,0.359,0.13,-0.099,-0.099
Joint 4: ,0.0,0.0,0.0,0.0,0.0,0.0,0.0,0.0,0.0,0.0,0.0,0.0,0.0,0.0,0.0,0.0,0.0,0.0,0.0,0.0,0.0,0.0,0.0
Joint 5: ,0.2,0.175,0.124,0.074,0.045,0.017,0.014,0.011,0.012,0.013,0.01,0.005,0.0,0.0,0.0,0.0,0.0,0.0,0.0,0.0,-0.097,-0.195,-0.195
Joint 6: ,0.0,0.0,0.0,0.0,0.0,0.0,0.0,0.0,0.0,0.0,0.0,0.0,0.0,0.0,0.0,0.0,0.0,0.0,0.0,0.0,0.0,0.0,0.0
Trial,3,2D Sim,True,Distance Weight,0.85,Random Seed,45,Min Iterations,1200,Lazy,False,Distance cost,0.38650602241500115,Manip Cost,5.96403436484661,Total cost,1.2231352737797425,Node cost function,False,Percent Manip Threshold,0,Update Path,True,Increasing weight,False,Parent finding radius R,0.6,Step Size,0.2,Goal Area Sample Probability,0.05,Goal Area Delta,0.6
Manipulability,0.081,0.122,0.187,0.244,0.267,0.259,0.287,0.285,0.265,0.288,0.299,0.301,0.295,0.28,0.256,0.226,0.198,0.166,0.134,0.145,0.106,0.032,0.081,0.081
Distance to Last Node,0.0,0.2,0.263,0.263,0.2,0.279,0.269,0.269,0.198,0.262,0.262,0.248,0.248,0.256,0.267,0.267,0.25,0.478,0.299,0.252,0.228,0.298,0.298,0.0
Joint 0: ,0.0,0.0,0.0,0.0,0.0,0.0,0.0,0.0,0.0,0.0,0.0,0.0,0.0,0.0,0.0,0.0,0.0,0.0,0.0,0.0,0.0,0.0,0.0,0.0
Joint 1: ,1.1,1.02,0.953,0.887,1.045,0.772,0.983,1.195,1.382,1.121,0.86,0.641,0.422,0.17,-0.096,-0.362,-0.606,-0.955,-0.93,-1.139,-1.09,-1.095,-1.1,-1.1
Joint 2: ,0.0,0.0,0.0,0.0,0.0,0.0,0.0,0.0,0.0,0.0,0.0,0.0,0.0,0.0,0.0,0.0,0.0,0.0,0.0,0.0,0.0,0.0,0.0,0.0
Joint 3: ,0.1,0.28,0.533,0.786,0.906,0.929,1.095,1.261,1.282,1.266,1.251,1.367,1.482,1.528,1.516,1.504,1.449,1.123,0.825,0.685,0.462,0.181,-0.1,-0.1
Joint 4: ,0.0,0.0,0.0,0.0,0.0,0.0,0.0,0.0,0.0,0.0,0.0,0.0,0.0,0.0,0.0,0.0,0.0,0.0,0.0,0.0,0.0,0.0,0.0,0.0
Joint 5: ,0.2,0.167,0.141,0.116,0.097,0.048,0.054,0.059,0.0,0.016,0.031,0.017,0.002,0.001,0.001,0.0,0.0,0.0,0.0,0.0,0.0,-0.099,-0.198,-0.198
Joint 6: ,0.0,0.0,0.0,0.0,0.0,0.0,0.0,0.0,0.0,0.0,0.0,0.0,0.0,0.0,0.0,0.0,0.0,0.0,0.0,0.0,0.0,0.0,0.0,0.0
Trial,4,2D Sim,True,Distance Weight,0.85,Random Seed,60,Min Iterations,1200,Lazy,False,Distance cost,0.3606180588504774,Manip Cost,6.2694882152721485,Total cost,1.246948582313728,Node cost function,False,Percent Manip Threshold,0,Update Path,True,Increasing weight,False,Parent finding radius R,0.6,Step Size,0.2,Goal Area Sample Probability,0.05,Goal Area Delta,0.6
Manipulability,0.081,0.154,0.212,0.256,0.247,0.235,0.256,0.261,0.259,0.24,0.236,0.204,0.181,0.178,0.192,0.163,0.113,0.031,0.08,0.08
Distance to Last Node,0.0,0.447,0.295,0.295,0.345,0.285,0.233,0.237,0.237,0.298,0.43,0.32,0.273,0.249,0.393,0.276,0.258,0.294,0.294,0.0
Joint 0: ,0.0,0.0,0.0,0.0,0.0,0.0,0.0,0.0,0.0,0.0,0.0,0.0,0.0,0.0,0.0,0.0,0.0,0.0,0.0,0.0
Joint 1: ,1.1,0.977,0.804,0.631,0.958,0.675,0.904,0.677,0.45,0.159,-0.185,-0.503,-0.77,-0.994,-1.262,-1.286,-1.251,-1.175,-1.1,-1.1
Joint 2: ,0.0,0.0,0.0,0.0,0.0,0.0,0.0,0.0,0.0,0.0,0.0,0.0,0.0,0.0,0.0,0.0,0.0,0.0,0.0,0.0
Joint 3: ,0.1,0.498,0.737,0.977,0.865,0.887,0.924,0.993,1.062,1.126,1.384,1.416,1.361,1.252,0.965,0.691,0.435,0.168,-0.099,-0.099
Joint 4: ,0.0,0.0,0.0,0.0,0.0,0.0,0.0,0.0,0.0,0.0,0.0,0.0,0.0,0.0,0.0,0.0,0.0,0.0,0.0,0.0
Joint 5: ,0.2,0.038,0.031,0.024,0.026,0.0,0.011,0.017,0.022,0.018,0.012,0.008,0.005,0.003,0.0,0.0,0.0,-0.098,-0.196,-0.196
Joint 6: ,0.0,0.0,0.0,0.0,0.0,0.0,0.0,0.0,0.0,0.0,0.0,0.0,0.0,0.0,0.0,0.0,0.0,0.0,0.0,0.0
Trial,5,2D Sim,True,Distance Weight,0.85,Random Seed,75,Min Iterations,1200,Lazy,False,Distance cost,0.3600257891239051,Manip Cost,6.106487326306945,Total cost,1.2219950197013612,Node cost function,False,Percent Manip Threshold,0,Update Path,True,Increasing weight,False,Parent finding radius R,0.6,Step Size,0.2,Goal Area Sample Probability,0.05,Goal Area Delta,0.6
Manipulability,0.081,0.133,0.196,0.251,0.252,0.24,0.268,0.28,0.28,0.264,0.27,0.264,0.239,0.207,0.181,0.183,0.19,0.162,0.112,0.029,0.078,0.078
Distance to Last Node,0.0,0.2,0.274,0.274,0.2,0.2,0.243,0.243,0.293,0.293,0.288,0.288,0.243,0.258,0.291,0.291,0.466,0.289,0.225,0.298,0.298,0.0
Joint 0: ,0.0,0.0,0.0,0.0,0.0,0.0,0.0,0.0,0.0,0.0,0.0,0.0,0.0,0.0,0.0,0.0,0.0,0.0,0.0,0.0,0.0,0.0
Joint 1: ,1.1,1.072,1.01,0.948,0.754,0.556,0.791,1.027,0.736,0.444,0.233,0.022,-0.219,-0.474,-0.756,-1.038,-1.294,-1.394,-1.358,-1.23,-1.101,-1.101
Joint 2: ,0.0,0.0,0.0,0.0,0.0,0.0,0.0,0.0,0.0,0.0,0.0,0.0,0.0,0.0,0.0,0.0,0.0,0.0,0.0,0.0,0.0,0.0
Joint 3: ,0.1,0.297,0.561,0.824,0.871,0.893,0.95,1.007,1.033,1.059,1.252,1.445,1.468,1.427,1.357,1.287,0.897,0.626,0.405,0.154,-0.097,-0.097
Joint 4: ,0.0,0.0,0.0,0.0,0.0,0.0,0.0,0.0,0.0,0.0,0.0,0.0,0.0,0.0,0.0,0.0,0.0,0.0,0.0,0.0,0.0,0.0
Joint 5: ,0.2,0.182,0.141,0.099,0.084,0.071,0.079,0.086,0.075,0.063,0.031,0.0,0.0,0.0,0.0,0.0,0.0,0.0,0.0,-0.095,-0.191,-0.191
Joint 6: ,0.0,0.0,0.0,0.0,0.0,0.0,0.0,0.0,0.0,0.0,0.0,0.0,0.0,0.0,0.0,0.0,0.0,0.0,0.0,0.0,0.0,0.0
Trial,1,2D Sim,True,Distance Weight,0.8,Random Seed,15,Min Iterations,1200,Lazy,False,Distance cost,0.5016065563898908,Manip Cost,5.782870229032154,Total cost,1.5578592909183433,Node cost function,False,Percent Manip Threshold,0,Update Path,True,Increasing weight,False,Parent finding radius R,0.6,Step Size,0.2,Goal Area Sample Probability,0.05,Goal Area Delta,0.6
Manipulability,0.081,0.123,0.172,0.21,0.239,0.173,0.22,0.224,0.241,0.248,0.239,0.259,0.295,0.297,0.3,0.29,0.262,0.237,0.209,0.195,0.186,0.197,0.22,0.189,0.145,0.092,0.021,0.081,0.081
Distance to Last Node,0.0,0.277,0.23,0.23,0.2,0.379,0.476,0.259,0.259,0.259,0.224,0.422,0.254,0.254,0.252,0.225,0.454,0.26,0.297,0.27,0.27,0.267,0.267,0.33,0.232,0.232,0.257,0.257,0.0
Joint 0: ,0.0,0.0,0.0,0.0,0.0,0.0,0.0,0.0,0.0,0.0,0.0,0.0,0.0,0.0,0.0,0.0,0.0,0.0,0.0,0.0,0.0,0.0,0.0,0.0,0.0,0.0,0.0,0.0,0.0
Joint 1: ,1.1,1.23,1.307,1.384,1.435,1.323,1.635,1.403,1.146,0.89,1.108,0.709,0.763,0.817,0.581,0.357,-0.034,-0.272,-0.566,-0.772,-0.977,-1.192,-1.406,-1.399,-1.339,-1.279,-1.19,-1.1,-1.1
Joint 2: ,0.0,0.0,0.0,0.0,0.0,0.0,0.0,0.0,0.0,0.0,0.0,0.0,0.0,0.0,0.0,0.0,0.0,0.0,0.0,0.0,0.0,0.0,0.0,0.0,0.0,0.0,0.0,0.0,0.0
Joint 3: ,0.1,0.324,0.535,0.746,0.94,0.578,0.938,0.823,0.861,0.9,0.848,0.984,1.233,1.481,1.393,1.407,1.636,1.741,1.786,1.611,1.436,1.276,1.116,0.786,0.562,0.338,0.119,-0.1,-0.1
Joint 4: ,0.0,0.0,0.0,0.0,0.0,0.0,0.0,0.0,0.0,0.0,0.0,0.0,0.0,0.0,0.0,0.0,0.0,0.0,0.0,0.0,0.0,0.0,0.0,0.0,0.0,0.0,0.0,0.0,0.0
Joint 5: ,0.2,0.1,0.05,0.0,0.0,0.0,0.0,0.0,0.0,0.0,0.0,0.0,0.0,0.0,0.0,0.0,0.0,0.0,0.0,0.0,0.0,0.0,0.0,0.0,0.0,0.0,-0.1,-0.199,-0.199
Joint 6: ,0.0,0.0,0.0,0.0,0.0,0.0,0.0,0.0,0.0,0.0,0.0,0.0,0.0,0.0,0.0,0.0,0.0,0.0,0.0,0.0,0.0,0.0,0.0,0.0,0.0,0.0,0.0,0.0,0.0
Trial,2,2D Sim,True,Distance Weight,0.8,Random Seed,30,Min Iterations,1200,Lazy,False,Distance cost,0.470554716486178,Manip Cost,6.2099859034702165,Total cost,1.6184409538829856,Node cost function,False,Percent Manip Threshold,0,Update Path,True,Increasing weight,False,Parent finding radius R,0.6,Step Size,0.2,Goal Area Sample Probability,0.05,Goal Area Delta,0.6
Manipulability,0.081,0.122,0.151,0.137,0.184,0.221,0.232,0.194,0.229,0.264,0.272,0.253,0.223,0.206,0.188,0.19,0.229,0.258,0.277,0.292,0.263,0.221,0.166,0.102,0.024,0.079,0.079
Distance to Last Node,0.0,0.395,0.33,0.292,0.279,0.279,0.2,0.399,0.274,0.274,0.2,0.232,0.232,0.222,0.264,0.264,0.518,0.255,0.255,0.2,0.345,0.29,0.276,0.276,0.287,0.287,0.0
Joint 0: ,0.0,0.0,0.0,0.0,0.0,0.0,0.0,0.0,0.0,0.0,0.0,0.0,0.0,0.0,0.0,0.0,0.0,0.0,0.0,0.0,0.0,0.0,0.0,0.0,0.0,0.0,0.0
Joint 1: ,1.1,0.772,0.525,0.255,0.132,0.01,-0.114,-0.511,-0.241,0.03,0.088,-0.125,-0.338,-0.551,-0.813,-1.075,-1.475,-1.73,-1.986,-2.102,-1.816,-1.65,-1.519,-1.388,-1.244,-1.1,-1.1
Joint 2: ,0.0,0.0,0.0,0.0,0.0,0.0,0.0,0.0,0.0,0.0,0.0,0.0,0.0,0.0,0.0,0.0,0.0,0.0,0.0,0.0,0.0,0.0,0.0,0.0,0.0,0.0,0.0
Joint 3: ,0.1,0.318,0.532,0.63,0.879,1.127,1.284,1.332,1.377,1.423,1.615,1.524,1.433,1.494,1.467,1.439,1.11,1.112,1.113,1.276,1.082,0.844,0.601,0.359,0.13,-0.099,-0.099
Joint 4: ,0.0,0.0,0.0,0.0,0.0,0.0,0.0,0.0,0.0,0.0,0.0,0.0,0.0,0.0,0.0,0.0,0.0,0.0,0.0,0.0,0.0,0.0,0.0,0.0,0.0,0.0,0.0
Joint 5: ,0.2,0.175,0.124,0.074,0.045,0.017,0.014,0.011,0.012,0.013,0.01,0.005,0.0,0.0,0.0,0.0,0.0,0.0,0.0,0.0,0.0,0.0,0.0,0.0,-0.097,-0.195,-0.195
Joint 6: ,0.0,0.0,0.0,0.0,0.0,0.0,0.0,0.0,0.0,0.0,0.0,0.0,0.0,0.0,0.0,0.0,0.0,0.0,0.0,0.0,0.0,0.0,0.0,0.0,0.0,0.0,0.0
Trial,3,2D Sim,True,Distance Weight,0.8,Random Seed,45,Min Iterations,1200,Lazy,False,Distance cost,0.43497716206680737,Manip Cost,5.812593782510652,Total cost,1.5105004861555762,Node cost function,False,Percent Manip Threshold,0,Update Path,True,Increasing weight,False,Parent finding radius R,0.6,Step Size,0.2,Goal Area Sample Probability,0.05,Goal Area Delta,0.6
Manipulability,0.081,0.122,0.187,0.244,0.267,0.18,0.247,0.246,0.285,0.285,0.265,0.288,0.298,0.301,0.292,0.28,0.258,0.226,0.198,0.166,0.134,0.145,0.106,0.032,0.081,0.081
Distance to Last Node,0.0,0.2,0.263,0.263,0.2,0.388,0.288,0.239,0.292,0.292,0.198,0.268,0.268,0.262,0.262,0.255,0.255,0.289,0.25,0.478,0.299,0.252,0.228,0.298,0.298,0.0
Joint 0: ,0.0,0.0,0.0,0.0,0.0,0.0,0.0,0.0,0.0,0.0,0.0,0.0,0.0,0.0,0.0,0.0,0.0,0.0,0.0,0.0,0.0,0.0,0.0,0.0,0.0,0.0
Joint 1: ,1.1,1.02,0.953,0.887,1.045,0.765,0.966,0.732,0.964,1.195,1.382,1.115,0.848,0.638,0.428,0.173,-0.082,-0.362,-0.606,-0.955,-0.93,-1.139,-1.09,-1.095,-1.1,-1.1
Joint 2: ,0.0,0.0,0.0,0.0,0.0,0.0,0.0,0.0,0.0,0.0,0.0,0.0,0.0,0.0,0.0,0.0,0.0,0.0,0.0,0.0,0.0,0.0,0.0,0.0,0.0,0.0
Joint 3: ,0.1,0.28,0.533,0.786,0.906,0.655,0.859,0.906,1.083,1.261,1.282,1.264,1.246,1.402,1.558,1.566,1.573,1.504,1.449,1.123,0.825,0.685,0.462,0.181,-0.1,-0.1
Joint 4: ,0.0,0.0,0.0,0.0,0.0,0.0,0.0,0.0,0.0,0.0,0.0,0.0,0.0,0.0,0.0,0.0,0.0,0.0,0.0,0.0,0.0,0.0,0.0,0.0,0.0,0.0
Joint 5: ,0.2,0.167,0.141,0.116,0.097,0.0,0.034,0.017,0.038,0.059,0.0,0.011,0.022,0.011,0.0,0.0,0.0,0.0,0.0,0.0,0.0,0.0,0.0,-0.099,-0.198,-0.198
Joint 6: ,0.0,0.0,0.0,0.0,0.0,0.0,0.0,0.0,0.0,0.0,0.0,0.0,0.0,0.0,0.0,0.0,0.0,0.0,0.0,0.0,0.0,0.0,0.0,0.0,0.0,0.0
Trial,4,2D Sim,True,Distance Weight,0.8,Random Seed,60,Min Iterations,1200,Lazy,False,Distance cost,0.4637985427708115,Manip Cost,5.590847016588418,Total cost,1.4892082375343325,Node cost function,False,Percent Manip Threshold,0,Update Path,True,Increasing weight,False,Parent finding radius R,0.6,Step Size,0.2,Goal Area Sample Probability,0.05,Goal Area Delta,0.6
Manipulability,0.081,0.154,0.212,0.256,0.247,0.235,0.256,0.261,0.282,0.283,0.272,0.286,0.288,0.3,0.3,0.294,0.281,0.262,0.23,0.197,0.18,0.184,0.208,0.168,0.114,0.031,0.08,0.08
Distance to Last Node,0.0,0.447,0.295,0.295,0.345,0.285,0.233,0.237,0.245,0.245,0.2,0.218,0.218,0.2,0.2,0.241,0.241,0.229,0.287,0.287,0.239,0.239,0.457,0.288,0.259,0.296,0.296,0.0
Joint 0: ,0.0,0.0,0.0,0.0,0.0,0.0,0.0,0.0,0.0,0.0,0.0,0.0,0.0,0.0,0.0,0.0,0.0,0.0,0.0,0.0,0.0,0.0,0.0,0.0,0.0,0.0,0.0,0.0
Joint 1: ,1.1,0.977,0.804,0.631,0.958,0.675,0.904,0.677,0.907,1.137,1.314,1.103,0.892,0.805,0.662,0.425,0.188,-0.04,-0.321,-0.601,-0.826,-1.051,-1.385,-1.358,-1.287,-1.193,-1.1,-1.1
Joint 2: ,0.0,0.0,0.0,0.0,0.0,0.0,0.0,0.0,0.0,0.0,0.0,0.0,0.0,0.0,0.0,0.0,0.0,0.0,0.0,0.0,0.0,0.0,0.0,0.0,0.0,0.0,0.0,0.0
Joint 3: ,0.1,0.498,0.737,0.977,0.865,0.887,0.924,0.993,1.077,1.16,1.253,1.2,1.147,1.327,1.467,1.509,1.551,1.561,1.499,1.438,1.357,1.276,0.964,0.677,0.428,0.165,-0.099,-0.099
Joint 4: ,0.0,0.0,0.0,0.0,0.0,0.0,0.0,0.0,0.0,0.0,0.0,0.0,0.0,0.0,0.0,0.0,0.0,0.0,0.0,0.0,0.0,0.0,0.0,0.0,0.0,0.0,0.0,0.0
Joint 5: ,0.2,0.038,0.031,0.024,0.026,0.0,0.011,0.017,0.018,0.018,0.015,0.008,0.0,0.0,0.0,0.0,0.0,0.0,0.0,0.0,0.0,0.0,0.0,0.0,0.0,-0.098,-0.196,-0.196
Joint 6: ,0.0,0.0,0.0,0.0,0.0,0.0,0.0,0.0,0.0,0.0,0.0,0.0,0.0,0.0,0.0,0.0,0.0,0.0,0.0,0.0,0.0,0.0,0.0,0.0,0.0,0.0,0.0,0.0
Trial,5,2D Sim,True,Distance Weight,0.8,Random Seed,75,Min Iterations,1200,Lazy,False,Distance cost,0.3639865171616798,Manip Cost,6.075720966557838,Total cost,1.5063334070409111,Node cost function,False,Percent Manip Threshold,0,Update Path,True,Increasing weight,False,Parent finding radius R,0.6,Step Size,0.2,Goal Area Sample Probability,0.05,Goal Area Delta,0.6
Manipulability,0.081,0.133,0.196,0.251,0.252,0.24,0.268,0.28,0.28,0.264,0.27,0.264,0.239,0.214,0.191,0.184,0.187,0.19,0.162,0.112,0.029,0.078,0.078
Distance to Last Node,0.0,0.2,0.274,0.274,0.2,0.2,0.243,0.243,0.293,0.293,0.288,0.288,0.243,0.243,0.29,0.268,0.282,0.282,0.289,0.225,0.298,0.298,0.0
Joint 0: ,0.0,0.0,0.0,0.0,0.0,0.0,0.0,0.0,0.0,0.0,0.0,0.0,0.0,0.0,0.0,0.0,0.0,0.0,0.0,0.0,0.0,0.0,0.0
Joint 1: ,1.1,1.072,1.01,0.948,0.754,0.556,0.791,1.027,0.736,0.444,0.233,0.022,-0.219,-0.461,-0.751,-0.993,-1.144,-1.294,-1.394,-1.358,-1.23,-1.101,-1.101
Joint 2: ,0.0,0.0,0.0,0.0,0.0,0.0,0.0,0.0,0.0,0.0,0.0,0.0,0.0,0.0,0.0,0.0,0.0,0.0,0.0,0.0,0.0,0.0,0.0
Joint 3: ,0.1,0.297,0.561,0.824,0.871,0.893,0.95,1.007,1.033,1.059,1.252,1.445,1.468,1.491,1.489,1.375,1.136,0.897,0.626,0.405,0.154,-0.097,-0.097
Joint 4: ,0.0,0.0,0.0,0.0,0.0,0.0,0.0,0.0,0.0,0.0,0.0,0.0,0.0,0.0,0.0,0.0,0.0,0.0,0.0,0.0,0.0,0.0,0.0
Joint 5: ,0.2,0.182,0.141,0.099,0.084,0.071,0.079,0.086,0.075,0.063,0.031,0.0,0.0,0.0,0.0,0.0,0.0,0.0,0.0,0.0,-0.095,-0.191,-0.191
Joint 6: ,0.0,0.0,0.0,0.0,0.0,0.0,0.0,0.0,0.0,0.0,0.0,0.0,0.0,0.0,0.0,0.0,0.0,0.0,0.0,0.0,0.0,0.0,0.0
Trial,1,2D Sim,True,Distance Weight,0.7,Random Seed,15,Min Iterations,1200,Lazy,False,Distance cost,0.636190009349821,Manip Cost,5.329423631230438,Total cost,2.0441600959140063,Node cost function,False,Percent Manip Threshold,0,Update Path,True,Increasing weight,False,Parent finding radius R,0.6,Step Size,0.2,Goal Area Sample Probability,0.05,Goal Area Delta,0.6
Manipulability,0.081,0.123,0.164,0.239,0.173,0.22,0.224,0.241,0.248,0.239,0.259,0.295,0.297,0.253,0.279,0.292,0.299,0.292,0.298,0.294,0.287,0.262,0.237,0.209,0.195,0.186,0.197,0.22,0.189,0.145,0.092,0.021,0.081,0.081
Distance to Last Node,0.0,0.277,0.277,0.399,0.379,0.476,0.259,0.259,0.259,0.224,0.422,0.254,0.254,0.319,0.387,0.423,0.347,0.297,0.282,0.174,0.236,0.487,0.26,0.297,0.27,0.27,0.267,0.267,0.33,0.232,0.232,0.257,0.257,0.0
Joint 0: ,0.0,0.0,0.0,0.0,0.0,0.0,0.0,0.0,0.0,0.0,0.0,0.0,0.0,0.0,0.0,0.0,0.0,0.0,0.0,0.0,0.0,0.0,0.0,0.0,0.0,0.0,0.0,0.0,0.0,0.0,0.0,0.0,0.0,0.0
Joint 1: ,1.1,1.23,1.359,1.435,1.323,1.635,1.403,1.146,0.89,1.108,0.709,0.763,0.817,0.984,1.18,0.824,0.659,0.955,0.755,0.581,0.357,-0.034,-0.272,-0.566,-0.772,-0.977,-1.192,-1.406,-1.399,-1.339,-1.279,-1.19,-1.1,-1.1
Joint 2: ,0.0,0.0,0.0,0.0,0.0,0.0,0.0,0.0,0.0,0.0,0.0,0.0,0.0,0.0,0.0,0.0,0.0,0.0,0.0,0.0,0.0,0.0,0.0,0.0,0.0,0.0,0.0,0.0,0.0,0.0,0.0,0.0,0.0,0.0
Joint 3: ,0.1,0.324,0.548,0.94,0.578,0.938,0.823,0.861,0.9,0.848,0.984,1.233,1.481,1.753,1.42,1.19,1.495,1.468,1.269,1.273,1.347,1.636,1.741,1.786,1.611,1.436,1.276,1.116,0.786,0.562,0.338,0.119,-0.1,-0.1
Joint 4: ,0.0,0.0,0.0,0.0,0.0,0.0,0.0,0.0,0.0,0.0,0.0,0.0,0.0,0.0,0.0,0.0,0.0,0.0,0.0,0.0,0.0,0.0,0.0,0.0,0.0,0.0,0.0,0.0,0.0,0.0,0.0,0.0,0.0,0.0
Joint 5: ,0.2,0.1,0.0,0.0,0.0,0.0,0.0,0.0,0.0,0.0,0.0,0.0,0.0,0.0,0.0,0.0,0.0,0.0,0.0,0.0,0.0,0.0,0.0,0.0,0.0,0.0,0.0,0.0,0.0,0.0,0.0,-0.1,-0.199,-0.199
Joint 6: ,0.0,0.0,0.0,0.0,0.0,0.0,0.0,0.0,0.0,0.0,0.0,0.0,0.0,0.0,0.0,0.0,0.0,0.0,0.0,0.0,0.0,0.0,0.0,0.0,0.0,0.0,0.0,0.0,0.0,0.0,0.0,0.0,0.0,0.0
Trial,2,2D Sim,True,Distance Weight,0.7,Random Seed,30,Min Iterations,1200,Lazy,False,Distance cost,0.532302462861501,Manip Cost,5.941519107238961,Total cost,2.1550674561747396,Node cost function,False,Percent Manip Threshold,0,Update Path,True,Increasing weight,False,Parent finding radius R,0.6,Step Size,0.2,Goal Area Sample Probability,0.05,Goal Area Delta,0.6
Manipulability,0.081,0.122,0.151,0.137,0.184,0.221,0.232,0.194,0.229,0.264,0.272,0.253,0.223,0.206,0.188,0.19,0.229,0.255,0.252,0.277,0.254,0.292,0.272,0.263,0.221,0.166,0.102,0.024,0.079,0.079
Distance to Last Node,0.0,0.395,0.33,0.292,0.279,0.279,0.2,0.399,0.274,0.274,0.2,0.232,0.232,0.222,0.264,0.264,0.518,0.384,0.296,0.247,0.233,0.417,0.241,0.173,0.29,0.276,0.276,0.287,0.287,0.0
Joint 0: ,0.0,0.0,0.0,0.0,0.0,0.0,0.0,0.0,0.0,0.0,0.0,0.0,0.0,0.0,0.0,0.0,0.0,0.0,0.0,0.0,0.0,0.0,0.0,0.0,0.0,0.0,0.0,0.0,0.0,0.0
Joint 1: ,1.1,0.772,0.525,0.255,0.132,0.01,-0.114,-0.511,-0.241,0.03,0.088,-0.125,-0.338,-0.551,-0.813,-1.075,-1.475,-1.84,-2.123,-1.986,-1.771,-2.102,-1.988,-1.816,-1.65,-1.519,-1.388,-1.244,-1.1,-1.1
Joint 2: ,0.0,0.0,0.0,0.0,0.0,0.0,0.0,0.0,0.0,0.0,0.0,0.0,0.0,0.0,0.0,0.0,0.0,0.0,0.0,0.0,0.0,0.0,0.0,0.0,0.0,0.0,0.0,0.0,0.0,0.0
Joint 3: ,0.1,0.318,0.532,0.63,0.879,1.127,1.284,1.332,1.377,1.423,1.615,1.524,1.433,1.494,1.467,1.439,1.11,0.99,0.908,1.113,1.021,1.276,1.063,1.082,0.844,0.601,0.359,0.13,-0.099,-0.099
Joint 4: ,0.0,0.0,0.0,0.0,0.0,0.0,0.0,0.0,0.0,0.0,0.0,0.0,0.0,0.0,0.0,0.0,0.0,0.0,0.0,0.0,0.0,0.0,0.0,0.0,0.0,0.0,0.0,0.0,0.0,0.0
Joint 5: ,0.2,0.175,0.124,0.074,0.045,0.017,0.014,0.011,0.012,0.013,0.01,0.005,0.0,0.0,0.0,0.0,0.0,0.0,0.0,0.0,0.0,0.0,0.0,0.0,0.0,0.0,0.0,-0.097,-0.195,-0.195
Joint 6: ,0.0,0.0,0.0,0.0,0.0,0.0,0.0,0.0,0.0,0.0,0.0,0.0,0.0,0.0,0.0,0.0,0.0,0.0,0.0,0.0,0.0,0.0,0.0,0.0,0.0,0.0,0.0,0.0,0.0,0.0
Trial,3,2D Sim,True,Distance Weight,0.7,Random Seed,45,Min Iterations,1200,Lazy,False,Distance cost,0.508830527025853,Manip Cost,5.477271961357657,Total cost,1.9993629573253942,Node cost function,False,Percent Manip Threshold,0,Update Path,True,Increasing weight,False,Parent finding radius R,0.6,Step Size,0.2,Goal Area Sample Probability,0.05,Goal Area Delta,0.6
Manipulability,0.081,0.122,0.187,0.244,0.267,0.18,0.247,0.246,0.285,0.285,0.265,0.288,0.298,0.291,0.277,0.279,0.298,0.292,0.3,0.292,0.28,0.258,0.226,0.198,0.166,0.134,0.145,0.106,0.032,0.081,0.081
Distance to Last Node,0.0,0.2,0.263,0.263,0.2,0.388,0.288,0.239,0.292,0.292,0.198,0.268,0.268,0.204,0.204,0.291,0.272,0.272,0.2,0.2,0.255,0.255,0.289,0.25,0.478,0.299,0.252,0.228,0.298,0.298,0.0
Joint 0: ,0.0,0.0,0.0,0.0,0.0,0.0,0.0,0.0,0.0,0.0,0.0,0.0,0.0,0.0,0.0,0.0,0.0,0.0,0.0,0.0,0.0,0.0,0.0,0.0,0.0,0.0,0.0,0.0,0.0,0.0,0.0
Joint 1: ,1.1,1.02,0.953,0.887,1.045,0.765,0.966,0.732,0.964,1.195,1.382,1.115,0.848,1.051,1.255,1.012,0.89,0.767,0.599,0.428,0.173,-0.082,-0.362,-0.606,-0.955,-0.93,-1.139,-1.09,-1.095,-1.1,-1.1
Joint 2: ,0.0,0.0,0.0,0.0,0.0,0.0,0.0,0.0,0.0,0.0,0.0,0.0,0.0,0.0,0.0,0.0,0.0,0.0,0.0,0.0,0.0,0.0,0.0,0.0,0.0,0.0,0.0,0.0,0.0,0.0,0.0
Joint 3: ,0.1,0.28,0.533,0.786,0.906,0.655,0.859,0.906,1.083,1.261,1.282,1.264,1.246,1.242,1.238,1.077,1.32,1.563,1.455,1.558,1.566,1.573,1.504,1.449,1.123,0.825,0.685,0.462,0.181,-0.1,-0.1
Joint 4: ,0.0,0.0,0.0,0.0,0.0,0.0,0.0,0.0,0.0,0.0,0.0,0.0,0.0,0.0,0.0,0.0,0.0,0.0,0.0,0.0,0.0,0.0,0.0,0.0,0.0,0.0,0.0,0.0,0.0,0.0,0.0
Joint 5: ,0.2,0.167,0.141,0.116,0.097,0.0,0.034,0.017,0.038,0.059,0.0,0.011,0.022,0.011,0.0,0.0,0.001,0.002,0.001,0.0,0.0,0.0,0.0,0.0,0.0,0.0,0.0,0.0,-0.099,-0.198,-0.198
Joint 6: ,0.0,0.0,0.0,0.0,0.0,0.0,0.0,0.0,0.0,0.0,0.0,0.0,0.0,0.0,0.0,0.0,0.0,0.0,0.0,0.0,0.0,0.0,0.0,0.0,0.0,0.0,0.0,0.0,0.0,0.0,0.0
Trial,4,2D Sim,True,Distance Weight,0.7,Random Seed,60,Min Iterations,1200,Lazy,False,Distance cost,0.5250656828008585,Manip Cost,5.371805252726226,Total cost,1.979087553778469,Node cost function,False,Percent Manip Threshold,0,Update Path,True,Increasing weight,False,Parent finding radius R,0.6,Step Size,0.2,Goal Area Sample Probability,0.05,Goal Area Delta,0.6
Manipulability,0.081,0.154,0.212,0.256,0.247,0.235,0.256,0.261,0.282,0.283,0.272,0.255,0.276,0.277,0.288,0.26,0.3,0.3,0.291,0.281,0.262,0.23,0.197,0.18,0.184,0.204,0.163,0.112,0.032,0.08,0.08
Distance to Last Node,0.0,0.447,0.295,0.295,0.345,0.285,0.233,0.237,0.245,0.245,0.2,0.2,0.317,0.016,0.405,0.253,0.35,0.2,0.296,0.235,0.229,0.287,0.287,0.239,0.239,0.449,0.265,0.265,0.296,0.296,0.0
Joint 0: ,0.0,0.0,0.0,0.0,0.0,0.0,0.0,0.0,0.0,0.0,0.0,0.0,0.0,0.0,0.0,0.0,0.0,0.0,0.0,0.0,0.0,0.0,0.0,0.0,0.0,0.0,0.0,0.0,0.0,0.0,0.0
Joint 1: ,1.1,0.977,0.804,0.631,0.958,0.675,0.904,0.677,0.907,1.137,1.314,1.435,1.256,1.248,0.892,0.688,0.805,0.662,0.373,0.188,-0.04,-0.321,-0.601,-0.826,-1.051,-1.362,-1.275,-1.189,-1.144,-1.1,-1.1
Joint 2: ,0.0,0.0,0.0,0.0,0.0,0.0,0.0,0.0,0.0,0.0,0.0,0.0,0.0,0.0,0.0,0.0,0.0,0.0,0.0,0.0,0.0,0.0,0.0,0.0,0.0,0.0,0.0,0.0,0.0,0.0,0.0
Joint 3: ,0.1,0.498,0.737,0.977,0.865,0.887,0.924,0.993,1.077,1.16,1.253,1.094,1.355,1.341,1.147,0.997,1.327,1.467,1.406,1.551,1.561,1.499,1.438,1.357,1.276,0.952,0.702,0.451,0.176,-0.099,-0.099
Joint 4: ,0.0,0.0,0.0,0.0,0.0,0.0,0.0,0.0,0.0,0.0,0.0,0.0,0.0,0.0,0.0,0.0,0.0,0.0,0.0,0.0,0.0,0.0,0.0,0.0,0.0,0.0,0.0,0.0,0.0,0.0,0.0
Joint 5: ,0.2,0.038,0.031,0.024,0.026,0.0,0.011,0.017,0.018,0.018,0.015,0.008,0.0,0.0,0.0,0.0,0.0,0.0,0.0,0.0,0.0,0.0,0.0,0.0,0.0,0.0,0.0,0.0,-0.098,-0.196,-0.196
Joint 6: ,0.0,0.0,0.0,0.0,0.0,0.0,0.0,0.0,0.0,0.0,0.0,0.0,0.0,0.0,0.0,0.0,0.0,0.0,0.0,0.0,0.0,0.0,0.0,0.0,0.0,0.0,0.0,0.0,0.0,0.0,0.0
Trial,5,2D Sim,True,Distance Weight,0.7,Random Seed,75,Min Iterations,1200,Lazy,False,Distance cost,0.46147017264195167,Manip Cost,5.6296369581764365,Total cost,2.0119202083022976,Node cost function,False,Percent Manip Threshold,0,Update Path,True,Increasing weight,False,Parent finding radius R,0.6,Step Size,0.2,Goal Area Sample Probability,0.05,Goal Area Delta,0.6
Manipulability,0.081,0.133,0.196,0.251,0.252,0.24,0.268,0.28,0.28,0.289,0.284,0.287,0.269,0.293,0.288,0.267,0.244,0.218,0.208,0.191,0.19,0.206,0.223,0.201,0.159,0.106,0.025,0.078,0.078
Distance to Last Node,0.0,0.2,0.274,0.274,0.2,0.2,0.243,0.243,0.293,0.228,0.228,0.293,0.293,0.288,0.288,0.289,0.244,0.244,0.259,0.294,0.294,0.285,0.285,0.208,0.222,0.222,0.299,0.299,0.0
Joint 0: ,0.0,0.0,0.0,0.0,0.0,0.0,0.0,0.0,0.0,0.0,0.0,0.0,0.0,0.0,0.0,0.0,0.0,0.0,0.0,0.0,0.0,0.0,0.0,0.0,0.0,0.0,0.0,0.0,0.0
Joint 1: ,1.1,1.072,1.01,0.948,0.754,0.556,0.791,1.027,0.736,0.958,1.18,0.891,0.603,0.477,0.351,0.085,-0.142,-0.368,-0.595,-0.837,-1.079,-1.277,-1.475,-1.487,-1.46,-1.432,-1.267,-1.101,-1.101
Joint 2: ,0.0,0.0,0.0,0.0,0.0,0.0,0.0,0.0,0.0,0.0,0.0,0.0,0.0,0.0,0.0,0.0,0.0,0.0,0.0,0.0,0.0,0.0,0.0,0.0,0.0,0.0,0.0,0.0,0.0
Joint 3: ,0.1,0.297,0.561,0.824,0.871,0.893,0.95,1.007,1.033,1.084,1.136,1.103,1.069,1.328,1.587,1.697,1.789,1.88,1.753,1.587,1.42,1.216,1.012,0.805,0.584,0.364,0.133,-0.097,-0.097
Joint 4: ,0.0,0.0,0.0,0.0,0.0,0.0,0.0,0.0,0.0,0.0,0.0,0.0,0.0,0.0,0.0,0.0,0.0,0.0,0.0,0.0,0.0,0.0,0.0,0.0,0.0,0.0,0.0,0.0,0.0
Joint 5: ,0.2,0.182,0.141,0.099,0.084,0.071,0.079,0.086,0.075,0.075,0.076,0.038,0.0,0.0,0.0,0.0,0.0,0.0,0.0,0.0,0.0,0.0,0.0,0.0,0.0,0.0,-0.095,-0.191,-0.191
Joint 6: ,0.0,0.0,0.0,0.0,0.0,0.0,0.0,0.0,0.0,0.0,0.0,0.0,0.0,0.0,0.0,0.0,0.0,0.0,0.0,0.0,0.0,0.0,0.0,0.0,0.0,0.0,0.0,0.0,0.0
