Trial,1,2D Sim,True,Distance Weight,0.9,Random Seed,15,Min Iterations,1200,Lazy,False,Distance cost,0.36422248337563234,Manip Cost,6.256601971107793,Total cost,0.9534604321488482,Node cost function,False,Percent Manip Threshold,20,Update Path,True,Increasing weight,False,Parent finding radius R,0.6,Step Size,0.2,Goal Area Sample Probability,0.05,Goal Area Delta,0.6
Manipulability,0.081,0.123,0.172,0.215,0.262,0.292,0.299,0.295,0.288,0.279,0.262,0.237,0.209,0.195,0.186,0.197,0.201,0.189,0.145,0.092,0.021,0.081,0.081
Distance to Last Node,0.0,0.277,0.23,0.278,0.274,0.274,0.347,0.219,0.247,0.247,0.247,0.26,0.297,0.27,0.27,0.267,0.266,0.266,0.232,0.232,0.257,0.257,0.0
Joint 0: ,0.0,0.0,0.0,0.0,0.0,0.0,0.0,0.0,0.0,0.0,0.0,0.0,0.0,0.0,0.0,0.0,0.0,0.0,0.0,0.0,0.0,0.0,0.0
Joint 1: ,1.1,1.23,1.307,1.098,0.961,0.824,0.659,0.607,0.37,0.168,-0.034,-0.272,-0.566,-0.772,-0.977,-1.192,-1.295,-1.399,-1.339,-1.279,-1.19,-1.1,-1.1
Joint 2: ,0.0,0.0,0.0,0.0,0.0,0.0,0.0,0.0,0.0,0.0,0.0,0.0,0.0,0.0,0.0,0.0,0.0,0.0,0.0,0.0,0.0,0.0,0.0
Joint 3: ,0.1,0.324,0.535,0.717,0.954,1.19,1.495,1.283,1.352,1.494,1.636,1.741,1.786,1.611,1.436,1.276,1.031,0.786,0.562,0.338,0.119,-0.1,-0.1
Joint 4: ,0.0,0.0,0.0,0.0,0.0,0.0,0.0,0.0,0.0,0.0,0.0,0.0,0.0,0.0,0.0,0.0,0.0,0.0,0.0,0.0,0.0,0.0,0.0
Joint 5: ,0.2,0.1,0.05,0.025,0.012,0.0,0.0,0.0,0.0,0.0,0.0,0.0,0.0,0.0,0.0,0.0,0.0,0.0,0.0,0.0,-0.1,-0.199,-0.199
Joint 6: ,0.0,0.0,0.0,0.0,0.0,0.0,0.0,0.0,0.0,0.0,0.0,0.0,0.0,0.0,0.0,0.0,0.0,0.0,0.0,0.0,0.0,0.0,0.0
Trial,2,2D Sim,True,Distance Weight,0.9,Random Seed,30,Min Iterations,1200,Lazy,False,Distance cost,0.35974332349029325,Manip Cost,6.7453186360901105,Total cost,0.9983008547502747,Node cost function,False,Percent Manip Threshold,20,Update Path,True,Increasing weight,False,Parent finding radius R,0.6,Step Size,0.2,Goal Area Sample Probability,0.05,Goal Area Delta,0.6
Manipulability,0.081,0.121,0.188,0.231,0.262,0.291,0.284,0.29,0.254,0.273,0.243,0.207,0.189,0.167,0.172,0.193,0.16,0.102,0.024,0.076,0.076
Distance to Last Node,0.0,0.5,0.471,0.237,0.237,0.239,0.286,0.281,0.281,0.207,0.224,0.224,0.274,0.262,0.296,0.296,0.284,0.284,0.283,0.283,0.0
Joint 0: ,0.0,0.0,0.0,0.0,0.0,0.0,0.0,0.0,0.0,0.0,0.0,0.0,0.0,0.0,0.0,0.0,0.0,0.0,0.0,0.0,0.0
Joint 1: ,1.1,0.782,0.449,0.352,0.255,0.364,0.499,0.339,0.18,0.136,-0.078,-0.291,-0.558,-0.796,-1.048,-1.3,-1.344,-1.388,-1.247,-1.106,-1.106
Joint 2: ,0.0,0.0,0.0,0.0,0.0,0.0,0.0,0.0,0.0,0.0,0.0,0.0,0.0,0.0,0.0,0.0,0.0,0.0,0.0,0.0,0.0
Joint 3: ,0.1,0.439,0.772,0.988,1.204,1.417,1.669,1.438,1.207,1.408,1.341,1.273,1.337,1.23,1.075,0.92,0.639,0.359,0.131,-0.096,-0.096
Joint 4: ,0.0,0.0,0.0,0.0,0.0,0.0,0.0,0.0,0.0,0.0,0.0,0.0,0.0,0.0,0.0,0.0,0.0,0.0,0.0,0.0,0.0
Joint 5: ,0.2,0.016,0.012,0.009,0.007,0.003,0.002,0.001,0.0,0.0,0.0,0.0,0.0,0.0,0.0,0.0,0.0,0.0,-0.092,-0.183,-0.183
Joint 6: ,0.0,0.0,0.0,0.0,0.0,0.0,0.0,0.0,0.0,0.0,0.0,0.0,0.0,0.0,0.0,0.0,0.0,0.0,0.0,0.0,0.0
Trial,3,2D Sim,True,Distance Weight,0.9,Random Seed,45,Min Iterations,1200,Lazy,False,Distance cost,0.28541245564104933,Manip Cost,6.964163177049134,Total cost,0.9532875277818575,Node cost function,False,Percent Manip Threshold,20,Update Path,True,Increasing weight,False,Parent finding radius R,0.6,Step Size,0.2,Goal Area Sample Probability,0.05,Goal Area Delta,0.6
Manipulability,0.081,0.141,0.199,0.236,0.27,0.285,0.26,0.224,0.184,0.166,0.134,0.145,0.106,0.032,0.081,0.081
Distance to Last Node,0.0,0.298,0.298,0.476,0.24,0.24,0.402,0.29,0.29,0.411,0.299,0.252,0.228,0.298,0.298,0.0
Joint 0: ,0.0,0.0,0.0,0.0,0.0,0.0,0.0,0.0,0.0,0.0,0.0,0.0,0.0,0.0,0.0,0.0
Joint 1: ,1.1,0.949,0.797,0.498,0.395,0.293,-0.068,-0.332,-0.596,-0.955,-0.93,-1.139,-1.09,-1.095,-1.1,-1.1
Joint 2: ,0.0,0.0,0.0,0.0,0.0,0.0,0.0,0.0,0.0,0.0,0.0,0.0,0.0,0.0,0.0,0.0
Joint 3: ,0.1,0.354,0.608,0.952,1.17,1.387,1.565,1.444,1.323,1.123,0.825,0.685,0.462,0.181,-0.1,-0.1
Joint 4: ,0.0,0.0,0.0,0.0,0.0,0.0,0.0,0.0,0.0,0.0,0.0,0.0,0.0,0.0,0.0,0.0
Joint 5: ,0.2,0.169,0.138,0.0,0.0,0.0,0.0,0.0,0.0,0.0,0.0,0.0,0.0,-0.099,-0.198,-0.198
Joint 6: ,0.0,0.0,0.0,0.0,0.0,0.0,0.0,0.0,0.0,0.0,0.0,0.0,0.0,0.0,0.0,0.0
Trial,4,2D Sim,True,Distance Weight,0.9,Random Seed,60,Min Iterations,1200,Lazy,False,Distance cost,0.2806750682568359,Manip Cost,7.027966663887548,Total cost,0.9554042278199069,Node cost function,False,Percent Manip Threshold,20,Update Path,True,Increasing weight,False,Parent finding radius R,0.6,Step Size,0.2,Goal Area Sample Probability,0.05,Goal Area Delta,0.6
Manipulability,0.081,0.154,0.22,0.235,0.234,0.225,0.214,0.204,0.181,0.178,0.192,0.163,0.113,0.031,0.08,0.08
Distance to Last Node,0.0,0.447,0.397,0.269,0.233,0.216,0.216,0.434,0.273,0.249,0.393,0.276,0.258,0.294,0.294,0.0
Joint 0: ,0.0,0.0,0.0,0.0,0.0,0.0,0.0,0.0,0.0,0.0,0.0,0.0,0.0,0.0,0.0,0.0
Joint 1: ,1.1,0.977,0.711,0.481,0.27,0.069,-0.132,-0.503,-0.77,-0.994,-1.262,-1.286,-1.251,-1.175,-1.1,-1.1
Joint 2: ,0.0,0.0,0.0,0.0,0.0,0.0,0.0,0.0,0.0,0.0,0.0,0.0,0.0,0.0,0.0,0.0
Joint 3: ,0.1,0.498,0.793,0.933,1.032,1.112,1.191,1.416,1.361,1.252,0.965,0.691,0.435,0.168,-0.099,-0.099
Joint 4: ,0.0,0.0,0.0,0.0,0.0,0.0,0.0,0.0,0.0,0.0,0.0,0.0,0.0,0.0,0.0,0.0
Joint 5: ,0.2,0.038,0.03,0.025,0.021,0.018,0.014,0.008,0.005,0.003,0.0,0.0,0.0,-0.098,-0.196,-0.196
Joint 6: ,0.0,0.0,0.0,0.0,0.0,0.0,0.0,0.0,0.0,0.0,0.0,0.0,0.0,0.0,0.0,0.0
Trial,5,2D Sim,True,Distance Weight,0.9,Random Seed,75,Min Iterations,1200,Lazy,False,Distance cost,0.3492640091225553,Manip Cost,6.472420008167218,Total cost,0.9615796090270214,Node cost function,False,Percent Manip Threshold,20,Update Path,True,Increasing weight,False,Parent finding radius R,0.6,Step Size,0.2,Goal Area Sample Probability,0.05,Goal Area Delta,0.6
Manipulability,0.081,0.163,0.206,0.24,0.242,0.24,0.223,0.207,0.194,0.186,0.19,0.224,0.253,0.259,0.214,0.106,0.025,0.078,0.078
Distance to Last Node,0.0,0.378,0.299,0.299,0.292,0.246,0.445,0.299,0.247,0.247,0.27,0.288,0.278,0.278,0.289,0.533,0.299,0.299,0.0
Joint 0: ,0.0,0.0,0.0,0.0,0.0,0.0,0.0,0.0,0.0,0.0,0.0,0.0,0.0,0.0,0.0,0.0,0.0,0.0,0.0
Joint 1: ,1.1,0.929,0.742,0.556,0.305,0.097,-0.29,-0.558,-0.791,-1.023,-1.292,-1.504,-1.655,-1.805,-1.796,-1.432,-1.267,-1.101,-1.101
Joint 2: ,0.0,0.0,0.0,0.0,0.0,0.0,0.0,0.0,0.0,0.0,0.0,0.0,0.0,0.0,0.0,0.0,0.0,0.0,0.0
Joint 3: ,0.1,0.436,0.664,0.893,1.039,1.168,1.387,1.519,1.603,1.686,1.706,1.511,1.277,1.043,0.754,0.364,0.133,-0.097,-0.097
Joint 4: ,0.0,0.0,0.0,0.0,0.0,0.0,0.0,0.0,0.0,0.0,0.0,0.0,0.0,0.0,0.0,0.0,0.0,0.0,0.0
Joint 5: ,0.2,0.165,0.118,0.071,0.036,0.018,0.0,0.0,0.0,0.0,0.0,0.0,0.0,0.0,0.0,0.0,-0.095,-0.191,-0.191
Joint 6: ,0.0,0.0,0.0,0.0,0.0,0.0,0.0,0.0,0.0,0.0,0.0,0.0,0.0,0.0,0.0,0.0,0.0,0.0,0.0
Trial,1,2D Sim,True,Distance Weight,0.85,Random Seed,15,Min Iterations,1200,Lazy,False,Distance cost,0.40327265877835583,Manip Cost,6.004473914297453,Total cost,1.2434528471062205,Node cost function,False,Percent Manip Threshold,20,Update Path,True,Increasing weight,False,Parent finding radius R,0.6,Step Size,0.2,Goal Area Sample Probability,0.05,Goal Area Delta,0.6
Manipulability,0.081,0.123,0.172,0.215,0.248,0.292,0.297,0.266,0.298,0.294,0.287,0.262,0.237,0.209,0.195,0.186,0.197,0.22,0.189,0.145,0.092,0.021,0.081,0.081
Distance to Last Node,0.0,0.277,0.23,0.278,0.278,0.293,0.293,0.283,0.255,0.255,0.236,0.487,0.26,0.297,0.27,0.27,0.267,0.267,0.33,0.232,0.232,0.257,0.257,0.0
Joint 0: ,0.0,0.0,0.0,0.0,0.0,0.0,0.0,0.0,0.0,0.0,0.0,0.0,0.0,0.0,0.0,0.0,0.0,0.0,0.0,0.0,0.0,0.0,0.0,0.0
Joint 1: ,1.1,1.23,1.307,1.098,0.89,0.854,0.817,0.747,0.664,0.581,0.357,-0.034,-0.272,-0.566,-0.772,-0.977,-1.192,-1.406,-1.399,-1.339,-1.279,-1.19,-1.1,-1.1
Joint 2: ,0.0,0.0,0.0,0.0,0.0,0.0,0.0,0.0,0.0,0.0,0.0,0.0,0.0,0.0,0.0,0.0,0.0,0.0,0.0,0.0,0.0,0.0,0.0,0.0
Joint 3: ,0.1,0.324,0.535,0.717,0.9,1.19,1.481,1.756,1.514,1.273,1.347,1.636,1.741,1.786,1.611,1.436,1.276,1.116,0.786,0.562,0.338,0.119,-0.1,-0.1
Joint 4: ,0.0,0.0,0.0,0.0,0.0,0.0,0.0,0.0,0.0,0.0,0.0,0.0,0.0,0.0,0.0,0.0,0.0,0.0,0.0,0.0,0.0,0.0,0.0,0.0
Joint 5: ,0.2,0.1,0.05,0.025,0.0,0.0,0.0,0.0,0.0,0.0,0.0,0.0,0.0,0.0,0.0,0.0,0.0,0.0,0.0,0.0,0.0,-0.1,-0.199,-0.199
Joint 6: ,0.0,0.0,0.0,0.0,0.0,0.0,0.0,0.0,0.0,0.0,0.0,0.0,0.0,0.0,0.0,0.0,0.0,0.0,0.0,0.0,0.0,0.0,0.0,0.0
Trial,2,2D Sim,True,Distance Weight,0.85,Random Seed,30,Min Iterations,1200,Lazy,False,Distance cost,0.3872061829750282,Manip Cost,6.505136316546482,Total cost,1.3048957030107462,Node cost function,False,Percent Manip Threshold,20,Update Path,True,Increasing weight,False,Parent finding radius R,0.6,Step Size,0.2,Goal Area Sample Probability,0.05,Goal Area Delta,0.6
Manipulability,0.081,0.121,0.188,0.231,0.262,0.286,0.291,0.271,0.296,0.28,0.256,0.207,0.189,0.167,0.172,0.193,0.16,0.102,0.024,0.076,0.076
Distance to Last Node,0.0,0.5,0.471,0.237,0.237,0.293,0.285,0.285,0.461,0.268,0.268,0.295,0.274,0.262,0.296,0.296,0.284,0.284,0.283,0.283,0.0
Joint 0: ,0.0,0.0,0.0,0.0,0.0,0.0,0.0,0.0,0.0,0.0,0.0,0.0,0.0,0.0,0.0,0.0,0.0,0.0,0.0,0.0,0.0
Joint 1: ,1.1,0.782,0.449,0.352,0.255,0.257,0.521,0.784,0.501,0.234,-0.032,-0.291,-0.558,-0.796,-1.048,-1.3,-1.344,-1.388,-1.247,-1.106,-1.106
Joint 2: ,0.0,0.0,0.0,0.0,0.0,0.0,0.0,0.0,0.0,0.0,0.0,0.0,0.0,0.0,0.0,0.0,0.0,0.0,0.0,0.0,0.0
Joint 3: ,0.1,0.439,0.772,0.988,1.204,1.497,1.607,1.717,1.353,1.384,1.415,1.273,1.337,1.23,1.075,0.92,0.639,0.359,0.131,-0.096,-0.096
Joint 4: ,0.0,0.0,0.0,0.0,0.0,0.0,0.0,0.0,0.0,0.0,0.0,0.0,0.0,0.0,0.0,0.0,0.0,0.0,0.0,0.0,0.0
Joint 5: ,0.2,0.016,0.012,0.009,0.007,0.003,0.002,0.0,0.0,0.0,0.0,0.0,0.0,0.0,0.0,0.0,0.0,0.0,-0.092,-0.183,-0.183
Joint 6: ,0.0,0.0,0.0,0.0,0.0,0.0,0.0,0.0,0.0,0.0,0.0,0.0,0.0,0.0,0.0,0.0,0.0,0.0,0.0,0.0,0.0
Trial,3,2D Sim,True,Distance Weight,0.85,Random Seed,45,Min Iterations,1200,Lazy,False,Distance cost,0.29910240449701364,Manip Cost,6.791318260457032,Total cost,1.2729347828910167,Node cost function,False,Percent Manip Threshold,20,Update Path,True,Increasing weight,False,Parent finding radius R,0.6,Step Size,0.2,Goal Area Sample Probability,0.05,Goal Area Delta,0.6
Manipulability,0.081,0.141,0.199,0.236,0.284,0.292,0.28,0.251,0.216,0.184,0.166,0.134,0.145,0.106,0.032,0.081,0.081
Distance to Last Node,0.0,0.298,0.298,0.476,0.248,0.381,0.238,0.299,0.252,0.252,0.411,0.299,0.252,0.228,0.298,0.298,0.0
Joint 0: ,0.0,0.0,0.0,0.0,0.0,0.0,0.0,0.0,0.0,0.0,0.0,0.0,0.0,0.0,0.0,0.0,0.0
Joint 1: ,1.1,0.949,0.797,0.498,0.536,0.409,0.17,-0.112,-0.354,-0.596,-0.955,-0.93,-1.139,-1.09,-1.095,-1.1,-1.1
Joint 2: ,0.0,0.0,0.0,0.0,0.0,0.0,0.0,0.0,0.0,0.0,0.0,0.0,0.0,0.0,0.0,0.0,0.0
Joint 3: ,0.1,0.354,0.608,0.952,1.198,1.557,1.561,1.462,1.393,1.323,1.123,0.825,0.685,0.462,0.181,-0.1,-0.1
Joint 4: ,0.0,0.0,0.0,0.0,0.0,0.0,0.0,0.0,0.0,0.0,0.0,0.0,0.0,0.0,0.0,0.0,0.0
Joint 5: ,0.2,0.169,0.138,0.0,0.001,0.001,0.0,0.0,0.0,0.0,0.0,0.0,0.0,0.0,-0.099,-0.198,-0.198
Joint 6: ,0.0,0.0,0.0,0.0,0.0,0.0,0.0,0.0,0.0,0.0,0.0,0.0,0.0,0.0,0.0,0.0,0.0
Trial,4,2D Sim,True,Distance Weight,0.85,Random Seed,60,Min Iterations,1200,Lazy,False,Distance cost,0.3871051903512919,Manip Cost,5.848862328059488,Total cost,1.2063687610075213,Node cost function,False,Percent Manip Threshold,20,Update Path,True,Increasing weight,False,Parent finding radius R,0.6,Step Size,0.2,Goal Area Sample Probability,0.05,Goal Area Delta,0.6
Manipulability,0.081,0.154,0.247,0.29,0.299,0.297,0.276,0.3,0.299,0.287,0.262,0.23,0.197,0.18,0.184,0.208,0.168,0.114,0.031,0.08,0.08
Distance to Last Node,0.0,0.447,0.367,0.292,0.39,0.25,0.25,0.317,0.28,0.28,0.339,0.287,0.287,0.239,0.239,0.457,0.288,0.259,0.296,0.296,0.0
Joint 0: ,0.0,0.0,0.0,0.0,0.0,0.0,0.0,0.0,0.0,0.0,0.0,0.0,0.0,0.0,0.0,0.0,0.0,0.0,0.0,0.0,0.0
Joint 1: ,1.1,0.977,0.958,0.939,0.722,0.855,0.988,0.799,0.549,0.299,-0.04,-0.321,-0.601,-0.826,-1.051,-1.385,-1.358,-1.287,-1.193,-1.1,-1.1
Joint 2: ,0.0,0.0,0.0,0.0,0.0,0.0,0.0,0.0,0.0,0.0,0.0,0.0,0.0,0.0,0.0,0.0,0.0,0.0,0.0,0.0,0.0
Joint 3: ,0.1,0.498,0.865,1.156,1.48,1.269,1.058,1.312,1.437,1.562,1.561,1.499,1.438,1.357,1.276,0.964,0.677,0.428,0.165,-0.099,-0.099
Joint 4: ,0.0,0.0,0.0,0.0,0.0,0.0,0.0,0.0,0.0,0.0,0.0,0.0,0.0,0.0,0.0,0.0,0.0,0.0,0.0,0.0,0.0
Joint 5: ,0.2,0.038,0.026,0.014,0.0,0.0,0.0,0.0,0.0,0.0,0.0,0.0,0.0,0.0,0.0,0.0,0.0,0.0,-0.098,-0.196,-0.196
Joint 6: ,0.0,0.0,0.0,0.0,0.0,0.0,0.0,0.0,0.0,0.0,0.0,0.0,0.0,0.0,0.0,0.0,0.0,0.0,0.0,0.0,0.0
Trial,5,2D Sim,True,Distance Weight,0.85,Random Seed,75,Min Iterations,1200,Lazy,False,Distance cost,0.3673678221497218,Manip Cost,6.190754389123052,Total cost,1.2408758071957213,Node cost function,False,Percent Manip Threshold,20,Update Path,True,Increasing weight,False,Parent finding radius R,0.6,Step Size,0.2,Goal Area Sample Probability,0.05,Goal Area Delta,0.6
Manipulability,0.081,0.15,0.204,0.246,0.276,0.297,0.278,0.3,0.279,0.279,0.268,0.245,0.22,0.172,0.158,0.173,0.194,0.211,0.168,0.106,0.025,0.078,0.078
Distance to Last Node,0.0,0.275,0.236,0.241,0.241,0.28,0.28,0.285,0.285,0.282,0.282,0.24,0.24,0.292,0.263,0.263,0.221,0.221,0.269,0.269,0.299,0.299,0.0
Joint 0: ,0.0,0.0,0.0,0.0,0.0,0.0,0.0,0.0,0.0,0.0,0.0,0.0,0.0,0.0,0.0,0.0,0.0,0.0,0.0,0.0,0.0,0.0,0.0
Joint 1: ,1.1,1.034,0.991,0.963,0.935,0.939,0.942,0.807,0.672,0.413,0.154,-0.085,-0.323,-0.56,-0.812,-1.065,-1.268,-1.471,-1.452,-1.432,-1.267,-1.101,-1.101
Joint 2: ,0.0,0.0,0.0,0.0,0.0,0.0,0.0,0.0,0.0,0.0,0.0,0.0,0.0,0.0,0.0,0.0,0.0,0.0,0.0,0.0,0.0,0.0,0.0
Joint 3: ,0.1,0.366,0.595,0.824,1.054,1.334,1.614,1.363,1.113,1.224,1.335,1.362,1.39,1.218,1.146,1.073,0.986,0.9,0.632,0.364,0.133,-0.097,-0.097
Joint 4: ,0.0,0.0,0.0,0.0,0.0,0.0,0.0,0.0,0.0,0.0,0.0,0.0,0.0,0.0,0.0,0.0,0.0,0.0,0.0,0.0,0.0,0.0,0.0
Joint 5: ,0.2,0.175,0.137,0.069,0.0,0.0,0.0,0.0,0.0,0.0,0.0,0.0,0.0,0.0,0.0,0.0,0.0,0.0,0.0,0.0,-0.095,-0.191,-0.191
Joint 6: ,0.0,0.0,0.0,0.0,0.0,0.0,0.0,0.0,0.0,0.0,0.0,0.0,0.0,0.0,0.0,0.0,0.0,0.0,0.0,0.0,0.0,0.0,0.0
Trial,1,2D Sim,True,Distance Weight,0.8,Random Seed,15,Min Iterations,1200,Lazy,False,Distance cost,0.4575969405149001,Manip Cost,5.726753619517076,Total cost,1.511428276315335,Node cost function,False,Percent Manip Threshold,20,Update Path,True,Increasing weight,False,Parent finding radius R,0.6,Step Size,0.2,Goal Area Sample Probability,0.05,Goal Area Delta,0.6
Manipulability,0.081,0.123,0.172,0.214,0.239,0.256,0.275,0.253,0.294,0.292,0.292,0.292,0.294,0.287,0.262,0.237,0.209,0.195,0.186,0.197,0.22,0.189,0.145,0.092,0.021,0.081,0.081
Distance to Last Node,0.0,0.277,0.23,0.214,0.214,0.252,0.555,0.19,0.293,0.293,0.248,0.271,0.23,0.236,0.487,0.26,0.297,0.27,0.27,0.267,0.267,0.33,0.232,0.232,0.257,0.257,0.0
Joint 0: ,0.0,0.0,0.0,0.0,0.0,0.0,0.0,0.0,0.0,0.0,0.0,0.0,0.0,0.0,0.0,0.0,0.0,0.0,0.0,0.0,0.0,0.0,0.0,0.0,0.0,0.0,0.0
Joint 1: ,1.1,1.23,1.307,1.371,1.435,1.456,1.058,0.984,0.904,0.824,1.038,0.796,0.581,0.357,-0.034,-0.272,-0.566,-0.772,-0.977,-1.192,-1.406,-1.399,-1.339,-1.279,-1.19,-1.1,-1.1
Joint 2: ,0.0,0.0,0.0,0.0,0.0,0.0,0.0,0.0,0.0,0.0,0.0,0.0,0.0,0.0,0.0,0.0,0.0,0.0,0.0,0.0,0.0,0.0,0.0,0.0,0.0,0.0,0.0
Joint 3: ,0.1,0.324,0.535,0.737,0.94,1.19,1.578,1.753,1.472,1.19,1.315,1.193,1.273,1.347,1.636,1.741,1.786,1.611,1.436,1.276,1.116,0.786,0.562,0.338,0.119,-0.1,-0.1
Joint 4: ,0.0,0.0,0.0,0.0,0.0,0.0,0.0,0.0,0.0,0.0,0.0,0.0,0.0,0.0,0.0,0.0,0.0,0.0,0.0,0.0,0.0,0.0,0.0,0.0,0.0,0.0,0.0
Joint 5: ,0.2,0.1,0.05,0.025,0.0,0.0,0.004,0.0,0.0,0.0,0.0,0.0,0.0,0.0,0.0,0.0,0.0,0.0,0.0,0.0,0.0,0.0,0.0,0.0,-0.1,-0.199,-0.199
Joint 6: ,0.0,0.0,0.0,0.0,0.0,0.0,0.0,0.0,0.0,0.0,0.0,0.0,0.0,0.0,0.0,0.0,0.0,0.0,0.0,0.0,0.0,0.0,0.0,0.0,0.0,0.0,0.0
Trial,2,2D Sim,True,Distance Weight,0.8,Random Seed,30,Min Iterations,1200,Lazy,False,Distance cost,0.4788700851234803,Manip Cost,5.9068790412944265,Total cost,1.5644718763576693,Node cost function,False,Percent Manip Threshold,20,Update Path,True,Increasing weight,False,Parent finding radius R,0.6,Step Size,0.2,Goal Area Sample Probability,0.05,Goal Area Delta,0.6
Manipulability,0.081,0.121,0.188,0.231,0.262,0.286,0.291,0.271,0.298,0.29,0.291,0.288,0.3,0.298,0.273,0.243,0.207,0.189,0.167,0.172,0.193,0.16,0.102,0.024,0.079,0.079
Distance to Last Node,0.0,0.5,0.471,0.237,0.237,0.293,0.285,0.285,0.416,0.449,0.263,0.299,0.157,0.24,0.4,0.224,0.224,0.274,0.262,0.296,0.296,0.284,0.284,0.287,0.287,0.0
Joint 0: ,0.0,0.0,0.0,0.0,0.0,0.0,0.0,0.0,0.0,0.0,0.0,0.0,0.0,0.0,0.0,0.0,0.0,0.0,0.0,0.0,0.0,0.0,0.0,0.0,0.0,0.0
Joint 1: ,1.1,0.782,0.449,0.352,0.255,0.257,0.521,0.784,0.507,0.885,1.048,0.833,0.764,0.529,0.136,-0.078,-0.291,-0.558,-0.796,-1.048,-1.3,-1.344,-1.388,-1.244,-1.1,-1.1
Joint 2: ,0.0,0.0,0.0,0.0,0.0,0.0,0.0,0.0,0.0,0.0,0.0,0.0,0.0,0.0,0.0,0.0,0.0,0.0,0.0,0.0,0.0,0.0,0.0,0.0,0.0,0.0
Joint 3: ,0.1,0.439,0.772,0.988,1.204,1.497,1.607,1.717,1.408,1.165,1.371,1.579,1.438,1.483,1.408,1.341,1.273,1.337,1.23,1.075,0.92,0.639,0.359,0.13,-0.099,-0.099
Joint 4: ,0.0,0.0,0.0,0.0,0.0,0.0,0.0,0.0,0.0,0.0,0.0,0.0,0.0,0.0,0.0,0.0,0.0,0.0,0.0,0.0,0.0,0.0,0.0,0.0,0.0,0.0
Joint 5: ,0.2,0.016,0.012,0.009,0.007,0.003,0.002,0.0,0.0,0.0,0.0,0.0,0.0,0.0,0.0,0.0,0.0,0.0,0.0,0.0,0.0,0.0,0.0,-0.097,-0.195,-0.195
Joint 6: ,0.0,0.0,0.0,0.0,0.0,0.0,0.0,0.0,0.0,0.0,0.0,0.0,0.0,0.0,0.0,0.0,0.0,0.0,0.0,0.0,0.0,0.0,0.0,0.0,0.0,0.0
Trial,3,2D Sim,True,Distance Weight,0.8,Random Seed,45,Min Iterations,1200,Lazy,False,Distance cost,0.29910240449701364,Manip Cost,6.791318260457032,Total cost,1.5975455756890171,Node cost function,False,Percent Manip Threshold,20,Update Path,True,Increasing weight,False,Parent finding radius R,0.6,Step Size,0.2,Goal Area Sample Probability,0.05,Goal Area Delta,0.6
Manipulability,0.081,0.141,0.199,0.236,0.284,0.292,0.28,0.251,0.216,0.184,0.166,0.134,0.145,0.106,0.032,0.081,0.081
Distance to Last Node,0.0,0.298,0.298,0.476,0.248,0.381,0.238,0.299,0.252,0.252,0.411,0.299,0.252,0.228,0.298,0.298,0.0
Joint 0: ,0.0,0.0,0.0,0.0,0.0,0.0,0.0,0.0,0.0,0.0,0.0,0.0,0.0,0.0,0.0,0.0,0.0
Joint 1: ,1.1,0.949,0.797,0.498,0.536,0.409,0.17,-0.112,-0.354,-0.596,-0.955,-0.93,-1.139,-1.09,-1.095,-1.1,-1.1
Joint 2: ,0.0,0.0,0.0,0.0,0.0,0.0,0.0,0.0,0.0,0.0,0.0,0.0,0.0,0.0,0.0,0.0,0.0
Joint 3: ,0.1,0.354,0.608,0.952,1.198,1.557,1.561,1.462,1.393,1.323,1.123,0.825,0.685,0.462,0.181,-0.1,-0.1
Joint 4: ,0.0,0.0,0.0,0.0,0.0,0.0,0.0,0.0,0.0,0.0,0.0,0.0,0.0,0.0,0.0,0.0,0.0
Joint 5: ,0.2,0.169,0.138,0.0,0.001,0.001,0.0,0.0,0.0,0.0,0.0,0.0,0.0,0.0,-0.099,-0.198,-0.198
Joint 6: ,0.0,0.0,0.0,0.0,0.0,0.0,0.0,0.0,0.0,0.0,0.0,0.0,0.0,0.0,0.0,0.0,0.0
Trial,4,2D Sim,True,Distance Weight,0.8,Random Seed,60,Min Iterations,1200,Lazy,False,Distance cost,0.43372466099887597,Manip Cost,5.645928191969724,Total cost,1.4761653671930453,Node cost function,False,Percent Manip Threshold,20,Update Path,True,Increasing weight,False,Parent finding radius R,0.6,Step Size,0.2,Goal Area Sample Probability,0.05,Goal Area Delta,0.6
Manipulability,0.081,0.154,0.218,0.263,0.277,0.251,0.287,0.288,0.26,0.295,0.295,0.299,0.295,0.281,0.256,0.225,0.197,0.18,0.184,0.204,0.163,0.114,0.032,0.08,0.08
Distance to Last Node,0.0,0.447,0.244,0.244,0.398,0.275,0.288,0.288,0.293,0.253,0.253,0.2,0.269,0.269,0.282,0.258,0.258,0.239,0.239,0.449,0.265,0.263,0.296,0.296,0.0
Joint 0: ,0.0,0.0,0.0,0.0,0.0,0.0,0.0,0.0,0.0,0.0,0.0,0.0,0.0,0.0,0.0,0.0,0.0,0.0,0.0,0.0,0.0,0.0,0.0,0.0,0.0
Joint 1: ,1.1,0.977,1.055,1.133,1.248,1.279,1.108,0.938,0.688,0.803,0.919,0.722,0.455,0.188,-0.09,-0.345,-0.601,-0.826,-1.051,-1.362,-1.275,-1.245,-1.173,-1.1,-1.1
Joint 2: ,0.0,0.0,0.0,0.0,0.0,0.0,0.0,0.0,0.0,0.0,0.0,0.0,0.0,0.0,0.0,0.0,0.0,0.0,0.0,0.0,0.0,0.0,0.0,0.0,0.0
Joint 3: ,0.1,0.498,0.729,0.961,1.341,1.614,1.382,1.149,0.997,1.222,1.447,1.48,1.516,1.551,1.502,1.47,1.438,1.357,1.276,0.952,0.702,0.441,0.171,-0.099,-0.099
Joint 4: ,0.0,0.0,0.0,0.0,0.0,0.0,0.0,0.0,0.0,0.0,0.0,0.0,0.0,0.0,0.0,0.0,0.0,0.0,0.0,0.0,0.0,0.0,0.0,0.0,0.0
Joint 5: ,0.2,0.038,0.031,0.023,0.0,0.0,0.002,0.003,0.0,0.0,0.001,0.0,0.0,0.0,0.0,0.0,0.0,0.0,0.0,0.0,0.0,0.0,-0.098,-0.196,-0.196
Joint 6: ,0.0,0.0,0.0,0.0,0.0,0.0,0.0,0.0,0.0,0.0,0.0,0.0,0.0,0.0,0.0,0.0,0.0,0.0,0.0,0.0,0.0,0.0,0.0,0.0,0.0
Trial,5,2D Sim,True,Distance Weight,0.8,Random Seed,75,Min Iterations,1200,Lazy,False,Distance cost,0.37215875550771654,Manip Cost,6.151793311334904,Total cost,1.528085666673154,Node cost function,False,Percent Manip Threshold,20,Update Path,True,Increasing weight,False,Parent finding radius R,0.6,Step Size,0.2,Goal Area Sample Probability,0.05,Goal Area Delta,0.6
Manipulability,0.081,0.15,0.204,0.261,0.282,0.292,0.278,0.3,0.279,0.279,0.268,0.245,0.22,0.172,0.158,0.173,0.194,0.211,0.168,0.106,0.025,0.078,0.078
Distance to Last Node,0.0,0.275,0.236,0.288,0.243,0.292,0.292,0.285,0.285,0.282,0.282,0.24,0.24,0.292,0.263,0.263,0.221,0.221,0.269,0.269,0.299,0.299,0.0
Joint 0: ,0.0,0.0,0.0,0.0,0.0,0.0,0.0,0.0,0.0,0.0,0.0,0.0,0.0,0.0,0.0,0.0,0.0,0.0,0.0,0.0,0.0,0.0,0.0
Joint 1: ,1.1,1.034,0.991,1.085,1.18,1.061,0.942,0.807,0.672,0.413,0.154,-0.085,-0.323,-0.56,-0.812,-1.065,-1.268,-1.471,-1.452,-1.432,-1.267,-1.101,-1.101
Joint 2: ,0.0,0.0,0.0,0.0,0.0,0.0,0.0,0.0,0.0,0.0,0.0,0.0,0.0,0.0,0.0,0.0,0.0,0.0,0.0,0.0,0.0,0.0,0.0
Joint 3: ,0.1,0.366,0.595,0.865,1.088,1.351,1.614,1.363,1.113,1.224,1.335,1.362,1.39,1.218,1.146,1.073,0.986,0.9,0.632,0.364,0.133,-0.097,-0.097
Joint 4: ,0.0,0.0,0.0,0.0,0.0,0.0,0.0,0.0,0.0,0.0,0.0,0.0,0.0,0.0,0.0,0.0,0.0,0.0,0.0,0.0,0.0,0.0,0.0
Joint 5: ,0.2,0.175,0.137,0.106,0.084,0.042,0.0,0.0,0.0,0.0,0.0,0.0,0.0,0.0,0.0,0.0,0.0,0.0,0.0,0.0,-0.095,-0.191,-0.191
Joint 6: ,0.0,0.0,0.0,0.0,0.0,0.0,0.0,0.0,0.0,0.0,0.0,0.0,0.0,0.0,0.0,0.0,0.0,0.0,0.0,0.0,0.0,0.0,0.0
Trial,1,2D Sim,True,Distance Weight,0.7,Random Seed,15,Min Iterations,1200,Lazy,False,Distance cost,0.4910485535792529,Manip Cost,5.5774060604385625,Total cost,2.0169558056370462,Node cost function,False,Percent Manip Threshold,20,Update Path,True,Increasing weight,False,Parent finding radius R,0.6,Step Size,0.2,Goal Area Sample Probability,0.05,Goal Area Delta,0.6
Manipulability,0.081,0.123,0.172,0.214,0.239,0.256,0.275,0.253,0.294,0.292,0.292,0.292,0.265,0.294,0.287,0.293,0.281,0.262,0.237,0.209,0.195,0.186,0.197,0.22,0.189,0.145,0.092,0.021,0.081,0.081
Distance to Last Node,0.0,0.277,0.23,0.214,0.214,0.252,0.555,0.19,0.293,0.293,0.248,0.271,0.271,0.205,0.236,0.239,0.254,0.254,0.26,0.297,0.27,0.27,0.267,0.267,0.33,0.232,0.232,0.257,0.257,0.0
Joint 0: ,0.0,0.0,0.0,0.0,0.0,0.0,0.0,0.0,0.0,0.0,0.0,0.0,0.0,0.0,0.0,0.0,0.0,0.0,0.0,0.0,0.0,0.0,0.0,0.0,0.0,0.0,0.0,0.0,0.0,0.0
Joint 1: ,1.1,1.23,1.307,1.371,1.435,1.456,1.058,0.984,0.904,0.824,1.038,0.796,0.554,0.581,0.357,0.468,0.217,-0.034,-0.272,-0.566,-0.772,-0.977,-1.192,-1.406,-1.399,-1.339,-1.279,-1.19,-1.1,-1.1
Joint 2: ,0.0,0.0,0.0,0.0,0.0,0.0,0.0,0.0,0.0,0.0,0.0,0.0,0.0,0.0,0.0,0.0,0.0,0.0,0.0,0.0,0.0,0.0,0.0,0.0,0.0,0.0,0.0,0.0,0.0,0.0
Joint 3: ,0.1,0.324,0.535,0.737,0.94,1.19,1.578,1.753,1.472,1.19,1.315,1.193,1.07,1.273,1.347,1.559,1.598,1.636,1.741,1.786,1.611,1.436,1.276,1.116,0.786,0.562,0.338,0.119,-0.1,-0.1
Joint 4: ,0.0,0.0,0.0,0.0,0.0,0.0,0.0,0.0,0.0,0.0,0.0,0.0,0.0,0.0,0.0,0.0,0.0,0.0,0.0,0.0,0.0,0.0,0.0,0.0,0.0,0.0,0.0,0.0,0.0,0.0
Joint 5: ,0.2,0.1,0.05,0.025,0.0,0.0,0.004,0.0,0.0,0.0,0.0,0.0,0.0,0.0,0.0,0.0,0.0,0.0,0.0,0.0,0.0,0.0,0.0,0.0,0.0,0.0,0.0,-0.1,-0.199,-0.199
Joint 6: ,0.0,0.0,0.0,0.0,0.0,0.0,0.0,0.0,0.0,0.0,0.0,0.0,0.0,0.0,0.0,0.0,0.0,0.0,0.0,0.0,0.0,0.0,0.0,0.0,0.0,0.0,0.0,0.0,0.0,0.0
Trial,2,2D Sim,True,Distance Weight,0.7,Random Seed,30,Min Iterations,1200,Lazy,False,Distance cost,0.6027448464398542,Manip Cost,5.440004908391208,Total cost,2.0539228650252603,Node cost function,False,Percent Manip Threshold,20,Update Path,True,Increasing weight,False,Parent finding radius R,0.6,Step Size,0.2,Goal Area Sample Probability,0.05,Goal Area Delta,0.6
Manipulability,0.081,0.121,0.188,0.231,0.262,0.286,0.291,0.271,0.298,0.29,0.266,0.284,0.262,0.276,0.27,0.266,0.289,0.3,0.292,0.299,0.298,0.273,0.243,0.207,0.189,0.167,0.172,0.193,0.16,0.102,0.024,0.079,0.079
Distance to Last Node,0.0,0.5,0.471,0.237,0.237,0.293,0.285,0.285,0.416,0.449,0.284,0.292,0.292,0.224,0.224,0.251,0.294,0.294,0.221,0.229,0.229,0.4,0.224,0.224,0.274,0.262,0.296,0.296,0.284,0.284,0.287,0.287,0.0
Joint 0: ,0.0,0.0,0.0,0.0,0.0,0.0,0.0,0.0,0.0,0.0,0.0,0.0,0.0,0.0,0.0,0.0,0.0,0.0,0.0,0.0,0.0,0.0,0.0,0.0,0.0,0.0,0.0,0.0,0.0,0.0,0.0,0.0,0.0
Joint 1: ,1.1,0.782,0.449,0.352,0.255,0.257,0.521,0.784,0.507,0.885,1.116,1.164,1.212,1.248,1.284,1.348,1.056,0.763,0.984,0.757,0.529,0.136,-0.078,-0.291,-0.558,-0.796,-1.048,-1.3,-1.344,-1.388,-1.244,-1.1,-1.1
Joint 2: ,0.0,0.0,0.0,0.0,0.0,0.0,0.0,0.0,0.0,0.0,0.0,0.0,0.0,0.0,0.0,0.0,0.0,0.0,0.0,0.0,0.0,0.0,0.0,0.0,0.0,0.0,0.0,0.0,0.0,0.0,0.0,0.0,0.0
Joint 3: ,0.1,0.439,0.772,0.988,1.204,1.497,1.607,1.717,1.408,1.165,1.001,1.289,1.576,1.355,1.134,1.377,1.411,1.445,1.446,1.464,1.483,1.408,1.341,1.273,1.337,1.23,1.075,0.92,0.639,0.359,0.13,-0.099,-0.099
Joint 4: ,0.0,0.0,0.0,0.0,0.0,0.0,0.0,0.0,0.0,0.0,0.0,0.0,0.0,0.0,0.0,0.0,0.0,0.0,0.0,0.0,0.0,0.0,0.0,0.0,0.0,0.0,0.0,0.0,0.0,0.0,0.0,0.0,0.0
Joint 5: ,0.2,0.016,0.012,0.009,0.007,0.003,0.002,0.0,0.0,0.0,0.0,0.0,0.0,0.0,0.0,0.0,0.0,0.0,0.0,0.0,0.0,0.0,0.0,0.0,0.0,0.0,0.0,0.0,0.0,0.0,-0.097,-0.195,-0.195
Joint 6: ,0.0,0.0,0.0,0.0,0.0,0.0,0.0,0.0,0.0,0.0,0.0,0.0,0.0,0.0,0.0,0.0,0.0,0.0,0.0,0.0,0.0,0.0,0.0,0.0,0.0,0.0,0.0,0.0,0.0,0.0,0.0,0.0,0.0
Trial,3,2D Sim,True,Distance Weight,0.7,Random Seed,45,Min Iterations,1200,Lazy,False,Distance cost,0.30927571016900923,Manip Cost,6.549887613919798,Total cost,2.181459281294246,Node cost function,False,Percent Manip Threshold,20,Update Path,True,Increasing weight,False,Parent finding radius R,0.6,Step Size,0.2,Goal Area Sample Probability,0.05,Goal Area Delta,0.6
Manipulability,0.081,0.122,0.187,0.267,0.29,0.301,0.301,0.292,0.28,0.251,0.216,0.184,0.166,0.134,0.145,0.106,0.032,0.081,0.081
Distance to Last Node,0.0,0.2,0.263,0.387,0.218,0.267,0.26,0.26,0.238,0.299,0.252,0.252,0.411,0.299,0.252,0.228,0.298,0.298,0.0
Joint 0: ,0.0,0.0,0.0,0.0,0.0,0.0,0.0,0.0,0.0,0.0,0.0,0.0,0.0,0.0,0.0,0.0,0.0,0.0,0.0
Joint 1: ,1.1,1.02,0.953,1.045,1.028,0.881,0.645,0.409,0.17,-0.112,-0.354,-0.596,-0.955,-0.93,-1.139,-1.09,-1.095,-1.1,-1.1
Joint 2: ,0.0,0.0,0.0,0.0,0.0,0.0,0.0,0.0,0.0,0.0,0.0,0.0,0.0,0.0,0.0,0.0,0.0,0.0,0.0
Joint 3: ,0.1,0.28,0.533,0.906,1.121,1.342,1.449,1.557,1.561,1.462,1.393,1.323,1.123,0.825,0.685,0.462,0.181,-0.1,-0.1
Joint 4: ,0.0,0.0,0.0,0.0,0.0,0.0,0.0,0.0,0.0,0.0,0.0,0.0,0.0,0.0,0.0,0.0,0.0,0.0,0.0
Joint 5: ,0.2,0.167,0.141,0.097,0.067,0.036,0.018,0.001,0.0,0.0,0.0,0.0,0.0,0.0,0.0,0.0,-0.099,-0.198,-0.198
Joint 6: ,0.0,0.0,0.0,0.0,0.0,0.0,0.0,0.0,0.0,0.0,0.0,0.0,0.0,0.0,0.0,0.0,0.0,0.0,0.0
Trial,4,2D Sim,True,Distance Weight,0.7,Random Seed,60,Min Iterations,1200,Lazy,False,Distance cost,0.5069227259021127,Manip Cost,5.324125066266435,Total cost,1.9520834280114094,Node cost function,False,Percent Manip Threshold,20,Update Path,True,Increasing weight,False,Parent finding radius R,0.6,Step Size,0.2,Goal Area Sample Probability,0.05,Goal Area Delta,0.6
Manipulability,0.081,0.154,0.218,0.263,0.277,0.251,0.287,0.288,0.26,0.295,0.295,0.299,0.297,0.279,0.3,0.299,0.287,0.262,0.23,0.197,0.18,0.184,0.204,0.163,0.112,0.032,0.08,0.08
Distance to Last Node,0.0,0.447,0.244,0.244,0.398,0.275,0.288,0.288,0.293,0.253,0.253,0.2,0.25,0.382,0.339,0.28,0.28,0.339,0.287,0.287,0.239,0.239,0.449,0.265,0.265,0.296,0.296,0.0
Joint 0: ,0.0,0.0,0.0,0.0,0.0,0.0,0.0,0.0,0.0,0.0,0.0,0.0,0.0,0.0,0.0,0.0,0.0,0.0,0.0,0.0,0.0,0.0,0.0,0.0,0.0,0.0,0.0,0.0
Joint 1: ,1.1,0.977,1.055,1.133,1.248,1.279,1.108,0.938,0.688,0.803,0.919,0.722,0.855,0.828,0.799,0.549,0.299,-0.04,-0.321,-0.601,-0.826,-1.051,-1.362,-1.275,-1.189,-1.144,-1.1,-1.1
Joint 2: ,0.0,0.0,0.0,0.0,0.0,0.0,0.0,0.0,0.0,0.0,0.0,0.0,0.0,0.0,0.0,0.0,0.0,0.0,0.0,0.0,0.0,0.0,0.0,0.0,0.0,0.0,0.0,0.0
Joint 3: ,0.1,0.498,0.729,0.961,1.341,1.614,1.382,1.149,0.997,1.222,1.447,1.48,1.269,1.65,1.312,1.437,1.562,1.561,1.499,1.438,1.357,1.276,0.952,0.702,0.451,0.176,-0.099,-0.099
Joint 4: ,0.0,0.0,0.0,0.0,0.0,0.0,0.0,0.0,0.0,0.0,0.0,0.0,0.0,0.0,0.0,0.0,0.0,0.0,0.0,0.0,0.0,0.0,0.0,0.0,0.0,0.0,0.0,0.0
Joint 5: ,0.2,0.038,0.031,0.023,0.0,0.0,0.002,0.003,0.0,0.0,0.001,0.0,0.0,0.0,0.0,0.0,0.0,0.0,0.0,0.0,0.0,0.0,0.0,0.0,0.0,-0.098,-0.196,-0.196
Joint 6: ,0.0,0.0,0.0,0.0,0.0,0.0,0.0,0.0,0.0,0.0,0.0,0.0,0.0,0.0,0.0,0.0,0.0,0.0,0.0,0.0,0.0,0.0,0.0,0.0,0.0,0.0,0.0,0.0
Trial,5,2D Sim,True,Distance Weight,0.7,Random Seed,75,Min Iterations,1200,Lazy,False,Distance cost,0.4763848967920369,Manip Cost,5.624220526626182,Total cost,2.0207355857422806,Node cost function,False,Percent Manip Threshold,20,Update Path,True,Increasing weight,False,Parent finding radius R,0.6,Step Size,0.2,Goal Area Sample Probability,0.05,Goal Area Delta,0.6
Manipulability,0.081,0.163,0.206,0.264,0.27,0.284,0.287,0.288,0.276,0.264,0.281,0.285,0.289,0.284,0.268,0.24,0.175,0.179,0.192,0.223,0.201,0.159,0.106,0.025,0.078,0.078
Distance to Last Node,0.0,0.378,0.299,0.497,0.288,0.267,0.293,0.287,0.287,0.232,0.271,0.271,0.281,0.292,0.292,0.263,0.453,0.24,0.27,0.499,0.208,0.222,0.222,0.299,0.299,0.0
Joint 0: ,0.0,0.0,0.0,0.0,0.0,0.0,0.0,0.0,0.0,0.0,0.0,0.0,0.0,0.0,0.0,0.0,0.0,0.0,0.0,0.0,0.0,0.0,0.0,0.0,0.0,0.0
Joint 1: ,1.1,0.929,0.742,0.444,0.233,0.227,0.415,0.675,0.935,0.706,0.504,0.301,0.545,0.29,0.034,-0.227,-0.624,-0.852,-1.121,-1.475,-1.487,-1.46,-1.432,-1.267,-1.101,-1.101
Joint 2: ,0.0,0.0,0.0,0.0,0.0,0.0,0.0,0.0,0.0,0.0,0.0,0.0,0.0,0.0,0.0,0.0,0.0,0.0,0.0,0.0,0.0,0.0,0.0,0.0,0.0,0.0
Joint 3: ,0.1,0.436,0.664,1.059,1.252,1.519,1.294,1.174,1.054,1.014,1.194,1.374,1.236,1.377,1.519,1.488,1.268,1.344,1.363,1.012,0.805,0.584,0.364,0.133,-0.097,-0.097
Joint 4: ,0.0,0.0,0.0,0.0,0.0,0.0,0.0,0.0,0.0,0.0,0.0,0.0,0.0,0.0,0.0,0.0,0.0,0.0,0.0,0.0,0.0,0.0,0.0,0.0,0.0,0.0
Joint 5: ,0.2,0.165,0.118,0.063,0.031,0.016,0.008,0.004,0.0,0.0,0.0,0.0,0.0,0.0,0.0,0.0,0.0,0.0,0.0,0.0,0.0,0.0,0.0,-0.095,-0.191,-0.191
Joint 6: ,0.0,0.0,0.0,0.0,0.0,0.0,0.0,0.0,0.0,0.0,0.0,0.0,0.0,0.0,0.0,0.0,0.0,0.0,0.0,0.0,0.0,0.0,0.0,0.0,0.0,0.0
