Trial,1,2D Sim,True,Distance Weight,0.9,Random Seed,15,Min Iterations,1200,Lazy,False,Distance cost,0.39056021939241936,Manip Cost,6.106015981685175,Total cost,0.9621057956216947,Node cost function,False,Percent Manip Threshold,10,Update Path,True,Increasing weight,False,Parent finding radius R,0.6,Step Size,0.2,Goal Area Sample Probability,0.05,Goal Area Delta,0.6
Manipulability,0.081,0.123,0.172,0.214,0.239,0.256,0.275,0.297,0.294,0.287,0.262,0.237,0.209,0.195,0.186,0.197,0.201,0.189,0.145,0.092,0.021,0.081,0.081
Distance to Last Node,0.0,0.277,0.23,0.214,0.214,0.252,0.555,0.26,0.315,0.236,0.487,0.26,0.297,0.27,0.27,0.267,0.266,0.266,0.232,0.232,0.257,0.257,0.0
Joint 0: ,0.0,0.0,0.0,0.0,0.0,0.0,0.0,0.0,0.0,0.0,0.0,0.0,0.0,0.0,0.0,0.0,0.0,0.0,0.0,0.0,0.0,0.0,0.0
Joint 1: ,1.1,1.23,1.307,1.371,1.435,1.456,1.058,0.817,0.581,0.357,-0.034,-0.272,-0.566,-0.772,-0.977,-1.192,-1.295,-1.399,-1.339,-1.279,-1.19,-1.1,-1.1
Joint 2: ,0.0,0.0,0.0,0.0,0.0,0.0,0.0,0.0,0.0,0.0,0.0,0.0,0.0,0.0,0.0,0.0,0.0,0.0,0.0,0.0,0.0,0.0,0.0
Joint 3: ,0.1,0.324,0.535,0.737,0.94,1.19,1.578,1.481,1.273,1.347,1.636,1.741,1.786,1.611,1.436,1.276,1.031,0.786,0.562,0.338,0.119,-0.1,-0.1
Joint 4: ,0.0,0.0,0.0,0.0,0.0,0.0,0.0,0.0,0.0,0.0,0.0,0.0,0.0,0.0,0.0,0.0,0.0,0.0,0.0,0.0,0.0,0.0,0.0
Joint 5: ,0.2,0.1,0.05,0.025,0.0,0.0,0.004,0.0,0.0,0.0,0.0,0.0,0.0,0.0,0.0,0.0,0.0,0.0,0.0,0.0,-0.1,-0.199,-0.199
Joint 6: ,0.0,0.0,0.0,0.0,0.0,0.0,0.0,0.0,0.0,0.0,0.0,0.0,0.0,0.0,0.0,0.0,0.0,0.0,0.0,0.0,0.0,0.0,0.0
Trial,2,2D Sim,True,Distance Weight,0.9,Random Seed,30,Min Iterations,1200,Lazy,False,Distance cost,0.31717957976386574,Manip Cost,7.3212163775947054,Total cost,1.0175832595469496,Node cost function,False,Percent Manip Threshold,10,Update Path,True,Increasing weight,False,Parent finding radius R,0.6,Step Size,0.2,Goal Area Sample Probability,0.05,Goal Area Delta,0.6
Manipulability,0.081,0.122,0.128,0.125,0.177,0.221,0.262,0.272,0.253,0.223,0.206,0.191,0.187,0.174,0.146,0.107,0.031,0.079,0.079
Distance to Last Node,0.0,0.395,0.258,0.45,0.248,0.248,0.247,0.247,0.232,0.232,0.222,0.228,0.447,0.283,0.283,0.21,0.287,0.287,0.0
Joint 0: ,0.0,0.0,0.0,0.0,0.0,0.0,0.0,0.0,0.0,0.0,0.0,0.0,0.0,0.0,0.0,0.0,0.0,0.0,0.0
Joint 1: ,1.1,0.772,0.567,0.172,0.091,0.01,0.049,0.088,-0.125,-0.338,-0.551,-0.778,-1.116,-1.154,-1.191,-1.161,-1.131,-1.1,-1.1
Joint 2: ,0.0,0.0,0.0,0.0,0.0,0.0,0.0,0.0,0.0,0.0,0.0,0.0,0.0,0.0,0.0,0.0,0.0,0.0,0.0
Joint 3: ,0.1,0.318,0.456,0.658,0.893,1.127,1.371,1.615,1.524,1.433,1.494,1.499,1.206,0.926,0.646,0.438,0.169,-0.099,-0.099
Joint 4: ,0.0,0.0,0.0,0.0,0.0,0.0,0.0,0.0,0.0,0.0,0.0,0.0,0.0,0.0,0.0,0.0,0.0,0.0,0.0
Joint 5: ,0.2,0.175,0.101,0.026,0.021,0.017,0.014,0.01,0.005,0.0,0.0,0.0,0.0,0.0,0.0,0.0,-0.097,-0.195,-0.195
Joint 6: ,0.0,0.0,0.0,0.0,0.0,0.0,0.0,0.0,0.0,0.0,0.0,0.0,0.0,0.0,0.0,0.0,0.0,0.0,0.0
Trial,3,2D Sim,True,Distance Weight,0.9,Random Seed,45,Min Iterations,1200,Lazy,False,Distance cost,0.28123554389347755,Manip Cost,7.037996389119635,Total cost,0.956911628416093,Node cost function,False,Percent Manip Threshold,10,Update Path,True,Increasing weight,False,Parent finding radius R,0.6,Step Size,0.2,Goal Area Sample Probability,0.05,Goal Area Delta,0.6
Manipulability,0.081,0.122,0.187,0.267,0.259,0.288,0.286,0.276,0.245,0.208,0.157,0.123,0.116,0.103,0.031,0.081,0.081
Distance to Last Node,0.0,0.2,0.263,0.387,0.279,0.269,0.355,0.231,0.27,0.27,0.288,0.288,0.287,0.287,0.292,0.292,0.0
Joint 0: ,0.0,0.0,0.0,0.0,0.0,0.0,0.0,0.0,0.0,0.0,0.0,0.0,0.0,0.0,0.0,0.0,0.0
Joint 1: ,1.1,1.02,0.953,1.045,0.772,0.643,0.343,0.137,-0.129,-0.395,-0.565,-0.735,-0.912,-1.09,-1.095,-1.1,-1.1
Joint 2: ,0.0,0.0,0.0,0.0,0.0,0.0,0.0,0.0,0.0,0.0,0.0,0.0,0.0,0.0,0.0,0.0,0.0
Joint 3: ,0.1,0.28,0.533,0.906,0.929,1.165,1.352,1.458,1.411,1.364,1.132,0.9,0.674,0.449,0.174,-0.1,-0.1
Joint 4: ,0.0,0.0,0.0,0.0,0.0,0.0,0.0,0.0,0.0,0.0,0.0,0.0,0.0,0.0,0.0,0.0,0.0
Joint 5: ,0.2,0.167,0.141,0.097,0.048,0.024,0.0,0.0,0.0,0.0,0.0,0.0,0.0,0.0,-0.099,-0.198,-0.198
Joint 6: ,0.0,0.0,0.0,0.0,0.0,0.0,0.0,0.0,0.0,0.0,0.0,0.0,0.0,0.0,0.0,0.0,0.0
Trial,4,2D Sim,True,Distance Weight,0.9,Random Seed,60,Min Iterations,1200,Lazy,False,Distance cost,0.3300615547385578,Manip Cost,6.505585957165804,Total cost,0.9476139949812823,Node cost function,False,Percent Manip Threshold,10,Update Path,True,Increasing weight,False,Parent finding radius R,0.6,Step Size,0.2,Goal Area Sample Probability,0.05,Goal Area Delta,0.6
Manipulability,0.081,0.154,0.212,0.256,0.247,0.258,0.259,0.24,0.214,0.204,0.181,0.178,0.192,0.163,0.112,0.032,0.08,0.08
Distance to Last Node,0.0,0.447,0.295,0.295,0.345,0.272,0.272,0.298,0.298,0.434,0.273,0.249,0.393,0.276,0.258,0.296,0.296,0.0
Joint 0: ,0.0,0.0,0.0,0.0,0.0,0.0,0.0,0.0,0.0,0.0,0.0,0.0,0.0,0.0,0.0,0.0,0.0,0.0
Joint 1: ,1.1,0.977,0.804,0.631,0.958,0.704,0.45,0.159,-0.132,-0.503,-0.77,-0.994,-1.262,-1.286,-1.189,-1.144,-1.1,-1.1
Joint 2: ,0.0,0.0,0.0,0.0,0.0,0.0,0.0,0.0,0.0,0.0,0.0,0.0,0.0,0.0,0.0,0.0,0.0,0.0
Joint 3: ,0.1,0.498,0.737,0.977,0.865,0.963,1.062,1.126,1.191,1.416,1.361,1.252,0.965,0.691,0.451,0.176,-0.099,-0.099
Joint 4: ,0.0,0.0,0.0,0.0,0.0,0.0,0.0,0.0,0.0,0.0,0.0,0.0,0.0,0.0,0.0,0.0,0.0,0.0
Joint 5: ,0.2,0.038,0.031,0.024,0.026,0.024,0.022,0.018,0.014,0.008,0.005,0.003,0.0,0.0,0.0,-0.098,-0.196,-0.196
Joint 6: ,0.0,0.0,0.0,0.0,0.0,0.0,0.0,0.0,0.0,0.0,0.0,0.0,0.0,0.0,0.0,0.0,0.0,0.0
Trial,5,2D Sim,True,Distance Weight,0.9,Random Seed,75,Min Iterations,1200,Lazy,False,Distance cost,0.34074806661593643,Manip Cost,6.44349313979963,Total cost,0.9510225739343057,Node cost function,False,Percent Manip Threshold,10,Update Path,True,Increasing weight,False,Parent finding radius R,0.6,Step Size,0.2,Goal Area Sample Probability,0.05,Goal Area Delta,0.6
Manipulability,0.081,0.15,0.204,0.251,0.24,0.268,0.28,0.28,0.264,0.239,0.216,0.173,0.16,0.152,0.19,0.162,0.112,0.029,0.078,0.078
Distance to Last Node,0.0,0.275,0.236,0.236,0.399,0.243,0.243,0.293,0.293,0.225,0.276,0.399,0.276,0.281,0.375,0.289,0.225,0.298,0.298,0.0
Joint 0: ,0.0,0.0,0.0,0.0,0.0,0.0,0.0,0.0,0.0,0.0,0.0,0.0,0.0,0.0,0.0,0.0,0.0,0.0,0.0,0.0
Joint 1: ,1.1,1.034,0.991,0.948,0.556,0.791,1.027,0.736,0.444,0.231,-0.04,-0.438,-0.714,-0.933,-1.294,-1.394,-1.358,-1.23,-1.101,-1.101
Joint 2: ,0.0,0.0,0.0,0.0,0.0,0.0,0.0,0.0,0.0,0.0,0.0,0.0,0.0,0.0,0.0,0.0,0.0,0.0,0.0,0.0
Joint 3: ,0.1,0.366,0.595,0.824,0.893,0.95,1.007,1.033,1.059,1.091,1.146,1.172,1.176,0.999,0.897,0.626,0.405,0.154,-0.097,-0.097
Joint 4: ,0.0,0.0,0.0,0.0,0.0,0.0,0.0,0.0,0.0,0.0,0.0,0.0,0.0,0.0,0.0,0.0,0.0,0.0,0.0,0.0
Joint 5: ,0.2,0.175,0.137,0.099,0.071,0.079,0.086,0.075,0.063,0.0,0.0,0.0,0.0,0.0,0.0,0.0,0.0,-0.095,-0.191,-0.191
Joint 6: ,0.0,0.0,0.0,0.0,0.0,0.0,0.0,0.0,0.0,0.0,0.0,0.0,0.0,0.0,0.0,0.0,0.0,0.0,0.0,0.0
Trial,1,2D Sim,True,Distance Weight,0.85,Random Seed,15,Min Iterations,1200,Lazy,False,Distance cost,0.4103947264510148,Manip Cost,5.968011541435335,Total cost,1.244037248698663,Node cost function,False,Percent Manip Threshold,10,Update Path,True,Increasing weight,False,Parent finding radius R,0.6,Step Size,0.2,Goal Area Sample Probability,0.05,Goal Area Delta,0.6
Manipulability,0.081,0.123,0.172,0.214,0.239,0.256,0.275,0.292,0.299,0.294,0.28,0.262,0.237,0.209,0.195,0.186,0.197,0.22,0.189,0.145,0.092,0.021,0.081,0.081
Distance to Last Node,0.0,0.277,0.23,0.214,0.214,0.252,0.555,0.453,0.347,0.266,0.233,0.233,0.26,0.297,0.27,0.27,0.267,0.267,0.33,0.232,0.232,0.257,0.257,0.0
Joint 0: ,0.0,0.0,0.0,0.0,0.0,0.0,0.0,0.0,0.0,0.0,0.0,0.0,0.0,0.0,0.0,0.0,0.0,0.0,0.0,0.0,0.0,0.0,0.0,0.0
Joint 1: ,1.1,1.23,1.307,1.371,1.435,1.456,1.058,0.824,0.659,0.396,0.181,-0.034,-0.272,-0.566,-0.772,-0.977,-1.192,-1.406,-1.399,-1.339,-1.279,-1.19,-1.1,-1.1
Joint 2: ,0.0,0.0,0.0,0.0,0.0,0.0,0.0,0.0,0.0,0.0,0.0,0.0,0.0,0.0,0.0,0.0,0.0,0.0,0.0,0.0,0.0,0.0,0.0,0.0
Joint 3: ,0.1,0.324,0.535,0.737,0.94,1.19,1.578,1.19,1.495,1.458,1.547,1.636,1.741,1.786,1.611,1.436,1.276,1.116,0.786,0.562,0.338,0.119,-0.1,-0.1
Joint 4: ,0.0,0.0,0.0,0.0,0.0,0.0,0.0,0.0,0.0,0.0,0.0,0.0,0.0,0.0,0.0,0.0,0.0,0.0,0.0,0.0,0.0,0.0,0.0,0.0
Joint 5: ,0.2,0.1,0.05,0.025,0.0,0.0,0.004,0.0,0.0,0.0,0.0,0.0,0.0,0.0,0.0,0.0,0.0,0.0,0.0,0.0,0.0,-0.1,-0.199,-0.199
Joint 6: ,0.0,0.0,0.0,0.0,0.0,0.0,0.0,0.0,0.0,0.0,0.0,0.0,0.0,0.0,0.0,0.0,0.0,0.0,0.0,0.0,0.0,0.0,0.0,0.0
Trial,2,2D Sim,True,Distance Weight,0.85,Random Seed,30,Min Iterations,1200,Lazy,False,Distance cost,0.42152197116184015,Manip Cost,6.520714405307517,Total cost,1.3364008362836919,Node cost function,False,Percent Manip Threshold,10,Update Path,True,Increasing weight,False,Parent finding radius R,0.6,Step Size,0.2,Goal Area Sample Probability,0.05,Goal Area Delta,0.6
Manipulability,0.081,0.122,0.128,0.125,0.177,0.221,0.262,0.282,0.283,0.268,0.259,0.244,0.258,0.235,0.21,0.185,0.185,0.207,0.248,0.221,0.168,0.102,0.024,0.079,0.079
Distance to Last Node,0.0,0.395,0.258,0.45,0.248,0.248,0.247,0.297,0.242,0.281,0.233,0.233,0.248,0.205,0.205,0.281,0.281,0.264,0.366,0.266,0.279,0.279,0.287,0.287,0.0
Joint 0: ,0.0,0.0,0.0,0.0,0.0,0.0,0.0,0.0,0.0,0.0,0.0,0.0,0.0,0.0,0.0,0.0,0.0,0.0,0.0,0.0,0.0,0.0,0.0,0.0,0.0
Joint 1: ,1.1,0.772,0.567,0.172,0.091,0.01,0.049,0.236,0.28,0.441,0.22,-0.001,-0.07,-0.272,-0.474,-0.75,-1.026,-1.275,-1.622,-1.587,-1.487,-1.388,-1.244,-1.1,-1.1
Joint 2: ,0.0,0.0,0.0,0.0,0.0,0.0,0.0,0.0,0.0,0.0,0.0,0.0,0.0,0.0,0.0,0.0,0.0,0.0,0.0,0.0,0.0,0.0,0.0,0.0,0.0
Joint 3: ,0.1,0.318,0.456,0.658,0.893,1.127,1.371,1.602,1.364,1.133,1.208,1.282,1.52,1.489,1.457,1.404,1.35,1.261,1.144,0.881,0.62,0.359,0.13,-0.099,-0.099
Joint 4: ,0.0,0.0,0.0,0.0,0.0,0.0,0.0,0.0,0.0,0.0,0.0,0.0,0.0,0.0,0.0,0.0,0.0,0.0,0.0,0.0,0.0,0.0,0.0,0.0,0.0
Joint 5: ,0.2,0.175,0.101,0.026,0.021,0.017,0.014,0.009,0.007,0.006,0.003,0.0,0.0,0.0,0.0,0.0,0.0,0.0,0.0,0.0,0.0,0.0,-0.097,-0.195,-0.195
Joint 6: ,0.0,0.0,0.0,0.0,0.0,0.0,0.0,0.0,0.0,0.0,0.0,0.0,0.0,0.0,0.0,0.0,0.0,0.0,0.0,0.0,0.0,0.0,0.0,0.0,0.0
Trial,3,2D Sim,True,Distance Weight,0.85,Random Seed,45,Min Iterations,1200,Lazy,False,Distance cost,0.334191063636829,Manip Cost,6.333808597704187,Total cost,1.2341336937469327,Node cost function,False,Percent Manip Threshold,10,Update Path,True,Increasing weight,False,Parent finding radius R,0.6,Step Size,0.2,Goal Area Sample Probability,0.05,Goal Area Delta,0.6
Manipulability,0.081,0.122,0.187,0.267,0.285,0.295,0.287,0.298,0.291,0.278,0.25,0.216,0.184,0.166,0.134,0.145,0.106,0.032,0.081,0.081
Distance to Last Node,0.0,0.2,0.263,0.387,0.386,0.237,0.237,0.278,0.278,0.222,0.29,0.247,0.247,0.411,0.299,0.252,0.228,0.298,0.298,0.0
Joint 0: ,0.0,0.0,0.0,0.0,0.0,0.0,0.0,0.0,0.0,0.0,0.0,0.0,0.0,0.0,0.0,0.0,0.0,0.0,0.0,0.0
Joint 1: ,1.1,1.02,0.953,1.045,1.195,0.968,0.742,0.559,0.376,0.154,-0.121,-0.358,-0.596,-0.955,-0.93,-1.139,-1.09,-1.095,-1.1,-1.1
Joint 2: ,0.0,0.0,0.0,0.0,0.0,0.0,0.0,0.0,0.0,0.0,0.0,0.0,0.0,0.0,0.0,0.0,0.0,0.0,0.0,0.0
Joint 3: ,0.1,0.28,0.533,0.906,1.261,1.193,1.126,1.335,1.544,1.554,1.459,1.391,1.323,1.123,0.825,0.685,0.462,0.181,-0.1,-0.1
Joint 4: ,0.0,0.0,0.0,0.0,0.0,0.0,0.0,0.0,0.0,0.0,0.0,0.0,0.0,0.0,0.0,0.0,0.0,0.0,0.0,0.0
Joint 5: ,0.2,0.167,0.141,0.097,0.059,0.045,0.031,0.015,0.0,0.0,0.0,0.0,0.0,0.0,0.0,0.0,0.0,-0.099,-0.198,-0.198
Joint 6: ,0.0,0.0,0.0,0.0,0.0,0.0,0.0,0.0,0.0,0.0,0.0,0.0,0.0,0.0,0.0,0.0,0.0,0.0,0.0,0.0
Trial,4,2D Sim,True,Distance Weight,0.85,Random Seed,60,Min Iterations,1200,Lazy,False,Distance cost,0.3596307555189628,Manip Cost,6.3066605268664295,Total cost,1.251685221221083,Node cost function,False,Percent Manip Threshold,10,Update Path,True,Increasing weight,False,Parent finding radius R,0.6,Step Size,0.2,Goal Area Sample Probability,0.05,Goal Area Delta,0.6
Manipulability,0.081,0.154,0.212,0.256,0.247,0.235,0.256,0.261,0.259,0.24,0.214,0.204,0.181,0.178,0.192,0.163,0.112,0.032,0.08,0.08
Distance to Last Node,0.0,0.447,0.295,0.295,0.345,0.285,0.233,0.237,0.237,0.298,0.298,0.434,0.273,0.249,0.393,0.276,0.258,0.296,0.296,0.0
Joint 0: ,0.0,0.0,0.0,0.0,0.0,0.0,0.0,0.0,0.0,0.0,0.0,0.0,0.0,0.0,0.0,0.0,0.0,0.0,0.0,0.0
Joint 1: ,1.1,0.977,0.804,0.631,0.958,0.675,0.904,0.677,0.45,0.159,-0.132,-0.503,-0.77,-0.994,-1.262,-1.286,-1.189,-1.144,-1.1,-1.1
Joint 2: ,0.0,0.0,0.0,0.0,0.0,0.0,0.0,0.0,0.0,0.0,0.0,0.0,0.0,0.0,0.0,0.0,0.0,0.0,0.0,0.0
Joint 3: ,0.1,0.498,0.737,0.977,0.865,0.887,0.924,0.993,1.062,1.126,1.191,1.416,1.361,1.252,0.965,0.691,0.451,0.176,-0.099,-0.099
Joint 4: ,0.0,0.0,0.0,0.0,0.0,0.0,0.0,0.0,0.0,0.0,0.0,0.0,0.0,0.0,0.0,0.0,0.0,0.0,0.0,0.0
Joint 5: ,0.2,0.038,0.031,0.024,0.026,0.0,0.011,0.017,0.022,0.018,0.014,0.008,0.005,0.003,0.0,0.0,0.0,-0.098,-0.196,-0.196
Joint 6: ,0.0,0.0,0.0,0.0,0.0,0.0,0.0,0.0,0.0,0.0,0.0,0.0,0.0,0.0,0.0,0.0,0.0,0.0,0.0,0.0
Trial,5,2D Sim,True,Distance Weight,0.85,Random Seed,75,Min Iterations,1200,Lazy,False,Distance cost,0.3430119702713403,Manip Cost,6.390966532819613,Total cost,1.2502051546535813,Node cost function,False,Percent Manip Threshold,10,Update Path,True,Increasing weight,False,Parent finding radius R,0.6,Step Size,0.2,Goal Area Sample Probability,0.05,Goal Area Delta,0.6
Manipulability,0.081,0.15,0.204,0.251,0.24,0.268,0.28,0.28,0.264,0.239,0.216,0.173,0.16,0.173,0.19,0.162,0.112,0.029,0.078,0.078
Distance to Last Node,0.0,0.275,0.236,0.236,0.399,0.243,0.243,0.293,0.293,0.225,0.276,0.399,0.276,0.276,0.415,0.289,0.225,0.298,0.298,0.0
Joint 0: ,0.0,0.0,0.0,0.0,0.0,0.0,0.0,0.0,0.0,0.0,0.0,0.0,0.0,0.0,0.0,0.0,0.0,0.0,0.0,0.0
Joint 1: ,1.1,1.034,0.991,0.948,0.556,0.791,1.027,0.736,0.444,0.231,-0.04,-0.438,-0.714,-0.99,-1.294,-1.394,-1.358,-1.23,-1.101,-1.101
Joint 2: ,0.0,0.0,0.0,0.0,0.0,0.0,0.0,0.0,0.0,0.0,0.0,0.0,0.0,0.0,0.0,0.0,0.0,0.0,0.0,0.0
Joint 3: ,0.1,0.366,0.595,0.824,0.893,0.95,1.007,1.033,1.059,1.091,1.146,1.172,1.176,1.18,0.897,0.626,0.405,0.154,-0.097,-0.097
Joint 4: ,0.0,0.0,0.0,0.0,0.0,0.0,0.0,0.0,0.0,0.0,0.0,0.0,0.0,0.0,0.0,0.0,0.0,0.0,0.0,0.0
Joint 5: ,0.2,0.175,0.137,0.099,0.071,0.079,0.086,0.075,0.063,0.0,0.0,0.0,0.0,0.0,0.0,0.0,0.0,-0.095,-0.191,-0.191
Joint 6: ,0.0,0.0,0.0,0.0,0.0,0.0,0.0,0.0,0.0,0.0,0.0,0.0,0.0,0.0,0.0,0.0,0.0,0.0,0.0,0.0
Trial,1,2D Sim,True,Distance Weight,0.8,Random Seed,15,Min Iterations,1200,Lazy,False,Distance cost,0.4533319447504083,Manip Cost,5.732835254510009,Total cost,1.5092326067023283,Node cost function,False,Percent Manip Threshold,10,Update Path,True,Increasing weight,False,Parent finding radius R,0.6,Step Size,0.2,Goal Area Sample Probability,0.05,Goal Area Delta,0.6
Manipulability,0.081,0.123,0.172,0.214,0.239,0.256,0.275,0.297,0.279,0.289,0.299,0.294,0.28,0.262,0.237,0.209,0.195,0.186,0.197,0.22,0.189,0.145,0.092,0.021,0.081,0.081
Distance to Last Node,0.0,0.277,0.23,0.214,0.214,0.252,0.555,0.26,0.368,0.455,0.367,0.266,0.233,0.233,0.26,0.297,0.27,0.27,0.267,0.267,0.33,0.232,0.232,0.257,0.257,0.0
Joint 0: ,0.0,0.0,0.0,0.0,0.0,0.0,0.0,0.0,0.0,0.0,0.0,0.0,0.0,0.0,0.0,0.0,0.0,0.0,0.0,0.0,0.0,0.0,0.0,0.0,0.0,0.0
Joint 1: ,1.1,1.23,1.307,1.371,1.435,1.456,1.058,0.817,1.18,0.807,0.659,0.396,0.181,-0.034,-0.272,-0.566,-0.772,-0.977,-1.192,-1.406,-1.399,-1.339,-1.279,-1.19,-1.1,-1.1
Joint 2: ,0.0,0.0,0.0,0.0,0.0,0.0,0.0,0.0,0.0,0.0,0.0,0.0,0.0,0.0,0.0,0.0,0.0,0.0,0.0,0.0,0.0,0.0,0.0,0.0,0.0,0.0
Joint 3: ,0.1,0.324,0.535,0.737,0.94,1.19,1.578,1.481,1.42,1.159,1.495,1.458,1.547,1.636,1.741,1.786,1.611,1.436,1.276,1.116,0.786,0.562,0.338,0.119,-0.1,-0.1
Joint 4: ,0.0,0.0,0.0,0.0,0.0,0.0,0.0,0.0,0.0,0.0,0.0,0.0,0.0,0.0,0.0,0.0,0.0,0.0,0.0,0.0,0.0,0.0,0.0,0.0,0.0,0.0
Joint 5: ,0.2,0.1,0.05,0.025,0.0,0.0,0.004,0.0,0.0,0.0,0.0,0.0,0.0,0.0,0.0,0.0,0.0,0.0,0.0,0.0,0.0,0.0,0.0,-0.1,-0.199,-0.199
Joint 6: ,0.0,0.0,0.0,0.0,0.0,0.0,0.0,0.0,0.0,0.0,0.0,0.0,0.0,0.0,0.0,0.0,0.0,0.0,0.0,0.0,0.0,0.0,0.0,0.0,0.0,0.0
Trial,2,2D Sim,True,Distance Weight,0.8,Random Seed,30,Min Iterations,1200,Lazy,False,Distance cost,0.3665457164663587,Manip Cost,6.857389042526967,Total cost,1.6647143816784802,Node cost function,False,Percent Manip Threshold,10,Update Path,True,Increasing weight,False,Parent finding radius R,0.6,Step Size,0.2,Goal Area Sample Probability,0.05,Goal Area Delta,0.6
Manipulability,0.081,0.122,0.128,0.125,0.177,0.221,0.262,0.282,0.283,0.256,0.244,0.226,0.208,0.19,0.187,0.174,0.146,0.107,0.031,0.079,0.079
Distance to Last Node,0.0,0.395,0.258,0.45,0.248,0.248,0.247,0.297,0.242,0.242,0.362,0.233,0.233,0.282,0.463,0.283,0.283,0.21,0.287,0.287,0.0
Joint 0: ,0.0,0.0,0.0,0.0,0.0,0.0,0.0,0.0,0.0,0.0,0.0,0.0,0.0,0.0,0.0,0.0,0.0,0.0,0.0,0.0,0.0
Joint 1: ,1.1,0.772,0.567,0.172,0.091,0.01,0.049,0.236,0.28,0.325,-0.001,-0.225,-0.449,-0.727,-1.116,-1.154,-1.191,-1.161,-1.131,-1.1,-1.1
Joint 2: ,0.0,0.0,0.0,0.0,0.0,0.0,0.0,0.0,0.0,0.0,0.0,0.0,0.0,0.0,0.0,0.0,0.0,0.0,0.0,0.0,0.0
Joint 3: ,0.1,0.318,0.456,0.658,0.893,1.127,1.371,1.602,1.364,1.125,1.282,1.346,1.409,1.456,1.206,0.926,0.646,0.438,0.169,-0.099,-0.099
Joint 4: ,0.0,0.0,0.0,0.0,0.0,0.0,0.0,0.0,0.0,0.0,0.0,0.0,0.0,0.0,0.0,0.0,0.0,0.0,0.0,0.0,0.0
Joint 5: ,0.2,0.175,0.101,0.026,0.021,0.017,0.014,0.009,0.007,0.005,0.0,0.0,0.0,0.0,0.0,0.0,0.0,0.0,-0.097,-0.195,-0.195
Joint 6: ,0.0,0.0,0.0,0.0,0.0,0.0,0.0,0.0,0.0,0.0,0.0,0.0,0.0,0.0,0.0,0.0,0.0,0.0,0.0,0.0,0.0
Trial,3,2D Sim,True,Distance Weight,0.8,Random Seed,45,Min Iterations,1200,Lazy,False,Distance cost,0.3762350751054508,Manip Cost,6.158035454366831,Total cost,1.5325951509577267,Node cost function,False,Percent Manip Threshold,10,Update Path,True,Increasing weight,False,Parent finding radius R,0.6,Step Size,0.2,Goal Area Sample Probability,0.05,Goal Area Delta,0.6
Manipulability,0.081,0.122,0.187,0.267,0.18,0.247,0.246,0.285,0.3,0.301,0.292,0.28,0.256,0.226,0.198,0.166,0.134,0.145,0.106,0.032,0.081,0.081
Distance to Last Node,0.0,0.2,0.263,0.387,0.388,0.288,0.239,0.292,0.259,0.251,0.251,0.238,0.268,0.268,0.25,0.478,0.299,0.252,0.228,0.298,0.298,0.0
Joint 0: ,0.0,0.0,0.0,0.0,0.0,0.0,0.0,0.0,0.0,0.0,0.0,0.0,0.0,0.0,0.0,0.0,0.0,0.0,0.0,0.0,0.0,0.0
Joint 1: ,1.1,1.02,0.953,1.045,0.765,0.966,0.732,0.964,0.851,0.63,0.409,0.17,-0.096,-0.362,-0.606,-0.955,-0.93,-1.139,-1.09,-1.095,-1.1,-1.1
Joint 2: ,0.0,0.0,0.0,0.0,0.0,0.0,0.0,0.0,0.0,0.0,0.0,0.0,0.0,0.0,0.0,0.0,0.0,0.0,0.0,0.0,0.0,0.0
Joint 3: ,0.1,0.28,0.533,0.906,0.655,0.859,0.906,1.083,1.316,1.435,1.554,1.559,1.532,1.504,1.449,1.123,0.825,0.685,0.462,0.181,-0.1,-0.1
Joint 4: ,0.0,0.0,0.0,0.0,0.0,0.0,0.0,0.0,0.0,0.0,0.0,0.0,0.0,0.0,0.0,0.0,0.0,0.0,0.0,0.0,0.0,0.0
Joint 5: ,0.2,0.167,0.141,0.097,0.0,0.034,0.017,0.038,0.02,0.01,0.0,0.0,0.0,0.0,0.0,0.0,0.0,0.0,0.0,-0.099,-0.198,-0.198
Joint 6: ,0.0,0.0,0.0,0.0,0.0,0.0,0.0,0.0,0.0,0.0,0.0,0.0,0.0,0.0,0.0,0.0,0.0,0.0,0.0,0.0,0.0,0.0
Trial,4,2D Sim,True,Distance Weight,0.8,Random Seed,60,Min Iterations,1200,Lazy,False,Distance cost,0.46436979946046036,Manip Cost,5.566561988901093,Total cost,1.4848082373485865,Node cost function,False,Percent Manip Threshold,10,Update Path,True,Increasing weight,False,Parent finding radius R,0.6,Step Size,0.2,Goal Area Sample Probability,0.05,Goal Area Delta,0.6
Manipulability,0.081,0.154,0.212,0.256,0.247,0.235,0.256,0.261,0.282,0.283,0.298,0.3,0.297,0.3,0.299,0.287,0.262,0.23,0.197,0.18,0.184,0.204,0.163,0.112,0.032,0.08,0.08
Distance to Last Node,0.0,0.447,0.295,0.295,0.345,0.285,0.233,0.237,0.245,0.245,0.283,0.283,0.262,0.056,0.28,0.28,0.339,0.287,0.287,0.239,0.239,0.449,0.265,0.265,0.296,0.296,0.0
Joint 0: ,0.0,0.0,0.0,0.0,0.0,0.0,0.0,0.0,0.0,0.0,0.0,0.0,0.0,0.0,0.0,0.0,0.0,0.0,0.0,0.0,0.0,0.0,0.0,0.0,0.0,0.0,0.0
Joint 1: ,1.1,0.977,0.804,0.631,0.958,0.675,0.904,0.677,0.907,1.137,0.899,0.662,0.825,0.799,0.549,0.299,-0.04,-0.321,-0.601,-0.826,-1.051,-1.362,-1.275,-1.189,-1.144,-1.1,-1.1
Joint 2: ,0.0,0.0,0.0,0.0,0.0,0.0,0.0,0.0,0.0,0.0,0.0,0.0,0.0,0.0,0.0,0.0,0.0,0.0,0.0,0.0,0.0,0.0,0.0,0.0,0.0,0.0,0.0
Joint 3: ,0.1,0.498,0.737,0.977,0.865,0.887,0.924,0.993,1.077,1.16,1.314,1.467,1.262,1.312,1.437,1.562,1.561,1.499,1.438,1.357,1.276,0.952,0.702,0.451,0.176,-0.099,-0.099
Joint 4: ,0.0,0.0,0.0,0.0,0.0,0.0,0.0,0.0,0.0,0.0,0.0,0.0,0.0,0.0,0.0,0.0,0.0,0.0,0.0,0.0,0.0,0.0,0.0,0.0,0.0,0.0,0.0
Joint 5: ,0.2,0.038,0.031,0.024,0.026,0.0,0.011,0.017,0.018,0.018,0.009,0.0,0.0,0.0,0.0,0.0,0.0,0.0,0.0,0.0,0.0,0.0,0.0,0.0,-0.098,-0.196,-0.196
Joint 6: ,0.0,0.0,0.0,0.0,0.0,0.0,0.0,0.0,0.0,0.0,0.0,0.0,0.0,0.0,0.0,0.0,0.0,0.0,0.0,0.0,0.0,0.0,0.0,0.0,0.0,0.0,0.0
Trial,5,2D Sim,True,Distance Weight,0.8,Random Seed,75,Min Iterations,1200,Lazy,False,Distance cost,0.41759905656908,Manip Cost,5.945880507452344,Total cost,1.5232553467457324,Node cost function,False,Percent Manip Threshold,10,Update Path,True,Increasing weight,False,Parent finding radius R,0.6,Step Size,0.2,Goal Area Sample Probability,0.05,Goal Area Delta,0.6
Manipulability,0.081,0.15,0.204,0.251,0.24,0.268,0.28,0.28,0.264,0.235,0.223,0.207,0.194,0.186,0.19,0.224,0.253,0.259,0.22,0.166,0.106,0.025,0.078,0.078
Distance to Last Node,0.0,0.275,0.236,0.236,0.399,0.243,0.243,0.293,0.293,0.415,0.399,0.299,0.247,0.247,0.27,0.288,0.278,0.278,0.252,0.266,0.266,0.299,0.299,0.0
Joint 0: ,0.0,0.0,0.0,0.0,0.0,0.0,0.0,0.0,0.0,0.0,0.0,0.0,0.0,0.0,0.0,0.0,0.0,0.0,0.0,0.0,0.0,0.0,0.0,0.0
Joint 1: ,1.1,1.034,0.991,0.948,0.556,0.791,1.027,0.736,0.444,0.055,-0.29,-0.558,-0.791,-1.023,-1.292,-1.504,-1.655,-1.805,-1.738,-1.585,-1.432,-1.267,-1.101,-1.101
Joint 2: ,0.0,0.0,0.0,0.0,0.0,0.0,0.0,0.0,0.0,0.0,0.0,0.0,0.0,0.0,0.0,0.0,0.0,0.0,0.0,0.0,0.0,0.0,0.0,0.0
Joint 3: ,0.1,0.366,0.595,0.824,0.893,0.95,1.007,1.033,1.059,1.185,1.387,1.519,1.603,1.686,1.706,1.511,1.277,1.043,0.8,0.582,0.364,0.133,-0.097,-0.097
Joint 4: ,0.0,0.0,0.0,0.0,0.0,0.0,0.0,0.0,0.0,0.0,0.0,0.0,0.0,0.0,0.0,0.0,0.0,0.0,0.0,0.0,0.0,0.0,0.0,0.0
Joint 5: ,0.2,0.175,0.137,0.099,0.071,0.079,0.086,0.075,0.063,0.0,0.0,0.0,0.0,0.0,0.0,0.0,0.0,0.0,0.0,0.0,0.0,-0.095,-0.191,-0.191
Joint 6: ,0.0,0.0,0.0,0.0,0.0,0.0,0.0,0.0,0.0,0.0,0.0,0.0,0.0,0.0,0.0,0.0,0.0,0.0,0.0,0.0,0.0,0.0,0.0,0.0
Trial,1,2D Sim,True,Distance Weight,0.7,Random Seed,15,Min Iterations,1200,Lazy,False,Distance cost,0.5217679873202711,Manip Cost,5.713623787243295,Total cost,2.079324727297178,Node cost function,False,Percent Manip Threshold,10,Update Path,True,Increasing weight,False,Parent finding radius R,0.6,Step Size,0.2,Goal Area Sample Probability,0.05,Goal Area Delta,0.6
Manipulability,0.081,0.104,0.119,0.176,0.238,0.281,0.3,0.289,0.256,0.273,0.271,0.237,0.271,0.272,0.286,0.277,0.263,0.256,0.224,0.199,0.188,0.204,0.235,0.259,0.21,0.155,0.092,0.021,0.081,0.081
Distance to Last Node,0.0,0.289,0.244,0.289,0.28,0.28,0.24,0.214,0.214,0.27,0.27,0.411,0.264,0.264,0.412,0.212,0.212,0.278,0.262,0.417,0.297,0.297,0.283,0.283,0.345,0.28,0.28,0.257,0.257,0.0
Joint 0: ,0.0,0.0,0.0,0.0,0.0,0.0,0.0,0.0,0.0,0.0,0.0,0.0,0.0,0.0,0.0,0.0,0.0,0.0,0.0,0.0,0.0,0.0,0.0,0.0,0.0,0.0,0.0,0.0,0.0,0.0
Joint 1: ,1.1,0.854,0.643,0.518,0.494,0.471,0.538,0.579,0.619,0.363,0.107,0.408,0.241,0.073,0.469,0.261,0.054,-0.081,-0.34,-0.712,-0.988,-1.264,-1.502,-1.74,-1.583,-1.431,-1.279,-1.19,-1.1,-1.1
Joint 2: ,0.0,0.0,0.0,0.0,0.0,0.0,0.0,0.0,0.0,0.0,0.0,0.0,0.0,0.0,0.0,0.0,0.0,0.0,0.0,0.0,0.0,0.0,0.0,0.0,0.0,0.0,0.0,0.0,0.0,0.0
Joint 3: ,0.1,0.247,0.369,0.628,0.904,1.179,1.41,1.62,1.829,1.745,1.66,1.94,1.735,1.531,1.647,1.688,1.73,1.487,1.45,1.64,1.53,1.42,1.268,1.115,0.808,0.573,0.338,0.119,-0.1,-0.1
Joint 4: ,0.0,0.0,0.0,0.0,0.0,0.0,0.0,0.0,0.0,0.0,0.0,0.0,0.0,0.0,0.0,0.0,0.0,0.0,0.0,0.0,0.0,0.0,0.0,0.0,0.0,0.0,0.0,0.0,0.0,0.0
Joint 5: ,0.2,0.166,0.144,0.117,0.075,0.033,0.027,0.013,0.0,0.0,0.0,0.0,0.0,0.0,0.0,0.0,0.0,0.0,0.0,0.0,0.0,0.0,0.0,0.0,0.0,0.0,0.0,-0.1,-0.199,-0.199
Joint 6: ,0.0,0.0,0.0,0.0,0.0,0.0,0.0,0.0,0.0,0.0,0.0,0.0,0.0,0.0,0.0,0.0,0.0,0.0,0.0,0.0,0.0,0.0,0.0,0.0,0.0,0.0,0.0,0.0,0.0,0.0
Trial,2,2D Sim,True,Distance Weight,0.7,Random Seed,30,Min Iterations,1200,Lazy,False,Distance cost,0.5243038597219909,Manip Cost,6.24011163747985,Total cost,2.239046193049349,Node cost function,False,Percent Manip Threshold,10,Update Path,True,Increasing weight,False,Parent finding radius R,0.6,Step Size,0.2,Goal Area Sample Probability,0.05,Goal Area Delta,0.6
Manipulability,0.081,0.122,0.128,0.131,0.173,0.209,0.194,0.229,0.264,0.223,0.206,0.225,0.244,0.226,0.208,0.247,0.21,0.241,0.211,0.178,0.178,0.204,0.182,0.146,0.107,0.031,0.079,0.079
Distance to Last Node,0.0,0.395,0.258,0.258,0.498,0.478,0.2,0.274,0.274,0.368,0.222,0.294,0.294,0.233,0.233,0.468,0.451,0.292,0.286,0.286,0.286,0.286,0.26,0.26,0.21,0.287,0.287,0.0
Joint 0: ,0.0,0.0,0.0,0.0,0.0,0.0,0.0,0.0,0.0,0.0,0.0,0.0,0.0,0.0,0.0,0.0,0.0,0.0,0.0,0.0,0.0,0.0,0.0,0.0,0.0,0.0,0.0,0.0
Joint 1: ,1.1,0.772,0.567,0.361,-0.007,-0.314,-0.511,-0.241,0.03,-0.338,-0.551,-0.276,-0.001,-0.225,-0.449,-0.138,-0.474,-0.262,-0.495,-0.728,-1.001,-1.274,-1.232,-1.191,-1.161,-1.131,-1.1,-1.1
Joint 2: ,0.0,0.0,0.0,0.0,0.0,0.0,0.0,0.0,0.0,0.0,0.0,0.0,0.0,0.0,0.0,0.0,0.0,0.0,0.0,0.0,0.0,0.0,0.0,0.0,0.0,0.0,0.0,0.0
Joint 3: ,0.1,0.318,0.456,0.593,0.928,1.295,1.332,1.377,1.423,1.433,1.494,1.388,1.282,1.346,1.409,1.758,1.457,1.658,1.492,1.326,1.242,1.159,0.902,0.646,0.438,0.169,-0.099,-0.099
Joint 4: ,0.0,0.0,0.0,0.0,0.0,0.0,0.0,0.0,0.0,0.0,0.0,0.0,0.0,0.0,0.0,0.0,0.0,0.0,0.0,0.0,0.0,0.0,0.0,0.0,0.0,0.0,0.0,0.0
Joint 5: ,0.2,0.175,0.101,0.028,0.019,0.013,0.011,0.012,0.013,0.0,0.0,0.0,0.0,0.0,0.0,0.0,0.0,0.0,0.0,0.0,0.0,0.0,0.0,0.0,0.0,-0.097,-0.195,-0.195
Joint 6: ,0.0,0.0,0.0,0.0,0.0,0.0,0.0,0.0,0.0,0.0,0.0,0.0,0.0,0.0,0.0,0.0,0.0,0.0,0.0,0.0,0.0,0.0,0.0,0.0,0.0,0.0,0.0,0.0
Trial,3,2D Sim,True,Distance Weight,0.7,Random Seed,45,Min Iterations,1200,Lazy,False,Distance cost,0.429597747584515,Manip Cost,5.836687595711853,Total cost,2.0517247020227165,Node cost function,False,Percent Manip Threshold,10,Update Path,True,Increasing weight,False,Parent finding radius R,0.6,Step Size,0.2,Goal Area Sample Probability,0.05,Goal Area Delta,0.6
Manipulability,0.081,0.122,0.187,0.267,0.18,0.247,0.246,0.285,0.285,0.265,0.288,0.298,0.301,0.292,0.28,0.257,0.226,0.198,0.166,0.134,0.145,0.106,0.032,0.081,0.081
Distance to Last Node,0.0,0.2,0.263,0.387,0.388,0.288,0.239,0.292,0.292,0.198,0.268,0.268,0.262,0.262,0.248,0.273,0.273,0.25,0.478,0.299,0.252,0.228,0.298,0.298,0.0
Joint 0: ,0.0,0.0,0.0,0.0,0.0,0.0,0.0,0.0,0.0,0.0,0.0,0.0,0.0,0.0,0.0,0.0,0.0,0.0,0.0,0.0,0.0,0.0,0.0,0.0,0.0
Joint 1: ,1.1,1.02,0.953,1.045,0.765,0.966,0.732,0.964,1.195,1.382,1.115,0.848,0.638,0.428,0.18,-0.091,-0.362,-0.606,-0.955,-0.93,-1.139,-1.09,-1.095,-1.1,-1.1
Joint 2: ,0.0,0.0,0.0,0.0,0.0,0.0,0.0,0.0,0.0,0.0,0.0,0.0,0.0,0.0,0.0,0.0,0.0,0.0,0.0,0.0,0.0,0.0,0.0,0.0,0.0
Joint 3: ,0.1,0.28,0.533,0.906,0.655,0.859,0.906,1.083,1.261,1.282,1.264,1.246,1.402,1.558,1.561,1.533,1.504,1.449,1.123,0.825,0.685,0.462,0.181,-0.1,-0.1
Joint 4: ,0.0,0.0,0.0,0.0,0.0,0.0,0.0,0.0,0.0,0.0,0.0,0.0,0.0,0.0,0.0,0.0,0.0,0.0,0.0,0.0,0.0,0.0,0.0,0.0,0.0
Joint 5: ,0.2,0.167,0.141,0.097,0.0,0.034,0.017,0.038,0.059,0.0,0.011,0.022,0.011,0.0,0.0,0.0,0.0,0.0,0.0,0.0,0.0,0.0,-0.099,-0.198,-0.198
Joint 6: ,0.0,0.0,0.0,0.0,0.0,0.0,0.0,0.0,0.0,0.0,0.0,0.0,0.0,0.0,0.0,0.0,0.0,0.0,0.0,0.0,0.0,0.0,0.0,0.0,0.0
Trial,4,2D Sim,True,Distance Weight,0.7,Random Seed,60,Min Iterations,1200,Lazy,False,Distance cost,0.5188228462988997,Manip Cost,5.3927724196152536,Total cost,1.9810077182938062,Node cost function,False,Percent Manip Threshold,10,Update Path,True,Increasing weight,False,Parent finding radius R,0.6,Step Size,0.2,Goal Area Sample Probability,0.05,Goal Area Delta,0.6
Manipulability,0.081,0.154,0.212,0.256,0.247,0.235,0.256,0.261,0.282,0.283,0.255,0.276,0.277,0.288,0.26,0.3,0.3,0.291,0.281,0.262,0.23,0.197,0.18,0.184,0.204,0.163,0.112,0.032,0.08,0.08
Distance to Last Node,0.0,0.447,0.295,0.295,0.345,0.285,0.233,0.237,0.245,0.245,0.305,0.317,0.016,0.405,0.253,0.35,0.2,0.296,0.235,0.229,0.287,0.287,0.239,0.239,0.449,0.265,0.265,0.296,0.296,0.0
Joint 0: ,0.0,0.0,0.0,0.0,0.0,0.0,0.0,0.0,0.0,0.0,0.0,0.0,0.0,0.0,0.0,0.0,0.0,0.0,0.0,0.0,0.0,0.0,0.0,0.0,0.0,0.0,0.0,0.0,0.0,0.0
Joint 1: ,1.1,0.977,0.804,0.631,0.958,0.675,0.904,0.677,0.907,1.137,1.435,1.256,1.248,0.892,0.688,0.805,0.662,0.373,0.188,-0.04,-0.321,-0.601,-0.826,-1.051,-1.362,-1.275,-1.189,-1.144,-1.1,-1.1
Joint 2: ,0.0,0.0,0.0,0.0,0.0,0.0,0.0,0.0,0.0,0.0,0.0,0.0,0.0,0.0,0.0,0.0,0.0,0.0,0.0,0.0,0.0,0.0,0.0,0.0,0.0,0.0,0.0,0.0,0.0,0.0
Joint 3: ,0.1,0.498,0.737,0.977,0.865,0.887,0.924,0.993,1.077,1.16,1.094,1.355,1.341,1.147,0.997,1.327,1.467,1.406,1.551,1.561,1.499,1.438,1.357,1.276,0.952,0.702,0.451,0.176,-0.099,-0.099
Joint 4: ,0.0,0.0,0.0,0.0,0.0,0.0,0.0,0.0,0.0,0.0,0.0,0.0,0.0,0.0,0.0,0.0,0.0,0.0,0.0,0.0,0.0,0.0,0.0,0.0,0.0,0.0,0.0,0.0,0.0,0.0
Joint 5: ,0.2,0.038,0.031,0.024,0.026,0.0,0.011,0.017,0.018,0.018,0.008,0.0,0.0,0.0,0.0,0.0,0.0,0.0,0.0,0.0,0.0,0.0,0.0,0.0,0.0,0.0,0.0,-0.098,-0.196,-0.196
Joint 6: ,0.0,0.0,0.0,0.0,0.0,0.0,0.0,0.0,0.0,0.0,0.0,0.0,0.0,0.0,0.0,0.0,0.0,0.0,0.0,0.0,0.0,0.0,0.0,0.0,0.0,0.0,0.0,0.0,0.0,0.0
Trial,5,2D Sim,True,Distance Weight,0.7,Random Seed,75,Min Iterations,1200,Lazy,False,Distance cost,0.425209344701674,Manip Cost,5.9810774695130915,Total cost,2.0919697821450995,Node cost function,False,Percent Manip Threshold,10,Update Path,True,Increasing weight,False,Parent finding radius R,0.6,Step Size,0.2,Goal Area Sample Probability,0.05,Goal Area Delta,0.6
Manipulability,0.081,0.15,0.204,0.251,0.24,0.268,0.28,0.28,0.264,0.235,0.223,0.207,0.194,0.186,0.19,0.224,0.253,0.259,0.22,0.164,0.126,0.091,0.021,0.079,0.079
Distance to Last Node,0.0,0.275,0.236,0.236,0.399,0.243,0.243,0.293,0.293,0.415,0.399,0.299,0.247,0.247,0.27,0.288,0.278,0.278,0.252,0.252,0.266,0.227,0.251,0.251,0.0
Joint 0: ,0.0,0.0,0.0,0.0,0.0,0.0,0.0,0.0,0.0,0.0,0.0,0.0,0.0,0.0,0.0,0.0,0.0,0.0,0.0,0.0,0.0,0.0,0.0,0.0,0.0
Joint 1: ,1.1,1.034,0.991,0.948,0.556,0.791,1.027,0.736,0.444,0.055,-0.29,-0.558,-0.791,-1.023,-1.292,-1.504,-1.655,-1.805,-1.738,-1.672,-1.43,-1.227,-1.163,-1.098,-1.098
Joint 2: ,0.0,0.0,0.0,0.0,0.0,0.0,0.0,0.0,0.0,0.0,0.0,0.0,0.0,0.0,0.0,0.0,0.0,0.0,0.0,0.0,0.0,0.0,0.0,0.0,0.0
Joint 3: ,0.1,0.366,0.595,0.824,0.893,0.95,1.007,1.033,1.059,1.185,1.387,1.519,1.603,1.686,1.706,1.511,1.277,1.043,0.8,0.557,0.446,0.344,0.121,-0.102,-0.102
Joint 4: ,0.0,0.0,0.0,0.0,0.0,0.0,0.0,0.0,0.0,0.0,0.0,0.0,0.0,0.0,0.0,0.0,0.0,0.0,0.0,0.0,0.0,0.0,0.0,0.0,0.0
Joint 5: ,0.2,0.175,0.137,0.099,0.071,0.079,0.086,0.075,0.063,0.0,0.0,0.0,0.0,0.0,0.0,0.0,0.0,0.0,0.0,0.0,0.0,0.0,-0.096,-0.191,-0.191
Joint 6: ,0.0,0.0,0.0,0.0,0.0,0.0,0.0,0.0,0.0,0.0,0.0,0.0,0.0,0.0,0.0,0.0,0.0,0.0,0.0,0.0,0.0,0.0,0.0,0.0,0.0
