Trial,1,2D Sim,True,Distance Weight,0.9,Random Seed,15,Min Iterations,1200,Lazy,False,Distance cost,0.27783725203937704,Manip Cost,8.379060069924204,Total cost,1.0879595338278596,Node cost function,True,Percent Manip Threshold,20,Update Path,True,Increasing weight,False,Parent finding radius R,0.6,Step Size,0.2,Goal Area Sample Probability,0.05,Goal Area Delta,0.6
Manipulability,0.081,0.121,0.164,0.222,0.265,0.283,0.283,0.263,0.245,0.222,0.182,0.165,0.145,0.132,0.092,0.021,0.081,0.081
Distance to Last Node,0.0,0.283,0.283,0.292,0.292,0.314,0.0,0.229,0.245,0.232,0.286,0.286,0.362,0.293,0.293,0.257,0.257,0.0
Joint 0: ,0.0,0.0,0.0,0.0,0.0,0.0,0.0,0.0,0.0,0.0,0.0,0.0,0.0,0.0,0.0,0.0,0.0,0.0
Joint 1: ,1.1,0.984,0.869,0.711,0.554,0.346,0.346,0.118,-0.115,-0.345,-0.604,-0.863,-0.995,-1.137,-1.279,-1.19,-1.1,-1.1
Joint 2: ,0.0,0.0,0.0,0.0,0.0,0.0,0.0,0.0,0.0,0.0,0.0,0.0,0.0,0.0,0.0,0.0,0.0,0.0
Joint 3: ,0.1,0.338,0.577,0.823,1.07,1.305,1.305,1.32,1.399,1.431,1.31,1.188,0.851,0.594,0.338,0.119,-0.1,-0.1
Joint 4: ,0.0,0.0,0.0,0.0,0.0,0.0,0.0,0.0,0.0,0.0,0.0,0.0,0.0,0.0,0.0,0.0,0.0,0.0
Joint 5: ,0.2,0.1,0.0,0.0,0.0,0.0,0.0,0.0,0.0,0.0,0.0,0.0,0.0,0.0,0.0,-0.1,-0.199,-0.199
Joint 6: ,0.0,0.0,0.0,0.0,0.0,0.0,0.0,0.0,0.0,0.0,0.0,0.0,0.0,0.0,0.0,0.0,0.0,0.0
Trial,2,2D Sim,True,Distance Weight,0.9,Random Seed,30,Min Iterations,1200,Lazy,False,Distance cost,0.28875799233317284,Manip Cost,8.2726792297404,Total cost,1.0871501160738952,Node cost function,True,Percent Manip Threshold,20,Update Path,True,Increasing weight,False,Parent finding radius R,0.6,Step Size,0.2,Goal Area Sample Probability,0.05,Goal Area Delta,0.6
Manipulability,0.081,0.121,0.145,0.208,0.204,0.193,0.181,0.177,0.178,0.176,0.201,0.224,0.224,0.188,0.102,0.024,0.079,0.079
Distance to Last Node,0.0,0.293,0.278,0.458,0.26,0.268,0.268,0.22,0.22,0.286,0.286,0.351,0.0,0.232,0.375,0.287,0.287,0.0
Joint 0: ,0.0,0.0,0.0,0.0,0.0,0.0,0.0,0.0,0.0,0.0,0.0,0.0,0.0,0.0,0.0,0.0,0.0,0.0
Joint 1: ,1.1,0.877,0.671,0.404,0.171,-0.076,-0.323,-0.525,-0.728,-0.995,-1.262,-1.557,-1.557,-1.549,-1.388,-1.244,-1.1,-1.1
Joint 2: ,0.0,0.0,0.0,0.0,0.0,0.0,0.0,0.0,0.0,0.0,0.0,0.0,0.0,0.0,0.0,0.0,0.0,0.0
Joint 3: ,0.1,0.29,0.466,0.832,0.945,1.048,1.151,1.238,1.326,1.223,1.12,0.929,0.929,0.698,0.359,0.13,-0.099,-0.099
Joint 4: ,0.0,0.0,0.0,0.0,0.0,0.0,0.0,0.0,0.0,0.0,0.0,0.0,0.0,0.0,0.0,0.0,0.0,0.0
Joint 5: ,0.2,0.181,0.123,0.056,0.039,0.019,0.0,0.0,0.0,0.0,0.0,0.0,0.0,0.0,0.0,-0.097,-0.195,-0.195
Joint 6: ,0.0,0.0,0.0,0.0,0.0,0.0,0.0,0.0,0.0,0.0,0.0,0.0,0.0,0.0,0.0,0.0,0.0,0.0
Trial,3,2D Sim,True,Distance Weight,0.9,Random Seed,45,Min Iterations,1200,Lazy,False,Distance cost,0.30612574277255655,Manip Cost,7.40854395088589,Total cost,1.0163675635838898,Node cost function,True,Percent Manip Threshold,20,Update Path,True,Increasing weight,False,Parent finding radius R,0.6,Step Size,0.2,Goal Area Sample Probability,0.05,Goal Area Delta,0.6
Manipulability,0.081,0.157,0.206,0.248,0.287,0.292,0.276,0.252,0.242,0.219,0.195,0.163,0.123,0.116,0.103,0.031,0.081,0.081
Distance to Last Node,0.0,0.396,0.261,0.261,0.276,0.457,0.241,0.241,0.275,0.237,0.237,0.297,0.297,0.287,0.287,0.292,0.292,0.0
Joint 0: ,0.0,0.0,0.0,0.0,0.0,0.0,0.0,0.0,0.0,0.0,0.0,0.0,0.0,0.0,0.0,0.0,0.0,0.0
Joint 1: ,1.1,0.891,0.83,0.769,0.67,0.41,0.204,-0.002,-0.25,-0.467,-0.685,-0.71,-0.735,-0.912,-1.09,-1.095,-1.1,-1.1
Joint 2: ,0.0,0.0,0.0,0.0,0.0,0.0,0.0,0.0,0.0,0.0,0.0,0.0,0.0,0.0,0.0,0.0,0.0,0.0
Joint 3: ,0.1,0.432,0.675,0.917,1.174,1.55,1.676,1.802,1.682,1.586,1.491,1.195,0.9,0.674,0.449,0.174,-0.1,-0.1
Joint 4: ,0.0,0.0,0.0,0.0,0.0,0.0,0.0,0.0,0.0,0.0,0.0,0.0,0.0,0.0,0.0,0.0,0.0,0.0
Joint 5: ,0.2,0.15,0.075,0.0,0.001,0.001,0.0,0.0,0.0,0.0,0.0,0.0,0.0,0.0,0.0,-0.099,-0.198,-0.198
Joint 6: ,0.0,0.0,0.0,0.0,0.0,0.0,0.0,0.0,0.0,0.0,0.0,0.0,0.0,0.0,0.0,0.0,0.0,0.0
Trial,4,2D Sim,True,Distance Weight,0.9,Random Seed,60,Min Iterations,1200,Lazy,False,Distance cost,0.24517675280026052,Manip Cost,9.173248081117578,Total cost,1.137983885631992,Node cost function,True,Percent Manip Threshold,20,Update Path,True,Increasing weight,False,Parent finding radius R,0.6,Step Size,0.2,Goal Area Sample Probability,0.05,Goal Area Delta,0.6
Manipulability,0.081,0.154,0.22,0.235,0.234,0.2,0.149,0.104,0.128,0.129,0.108,0.027,0.08,0.08
Distance to Last Node,0.0,0.447,0.397,0.269,0.233,0.253,0.238,0.38,0.356,0.281,0.281,0.288,0.288,0.0
Joint 0: ,0.0,0.0,0.0,0.0,0.0,0.0,0.0,0.0,0.0,0.0,0.0,0.0,0.0,0.0
Joint 1: ,1.1,0.977,0.711,0.481,0.27,0.018,-0.206,-0.569,-0.92,-1.125,-1.33,-1.215,-1.1,-1.1
Joint 2: ,0.0,0.0,0.0,0.0,0.0,0.0,0.0,0.0,0.0,0.0,0.0,0.0,0.0,0.0
Joint 3: ,0.1,0.498,0.793,0.933,1.032,1.026,0.944,0.832,0.777,0.584,0.391,0.146,-0.099,-0.099
Joint 4: ,0.0,0.0,0.0,0.0,0.0,0.0,0.0,0.0,0.0,0.0,0.0,0.0,0.0,0.0
Joint 5: ,0.2,0.038,0.03,0.025,0.021,0.016,0.008,0.0,0.0,0.0,0.0,-0.098,-0.196,-0.196
Joint 6: ,0.0,0.0,0.0,0.0,0.0,0.0,0.0,0.0,0.0,0.0,0.0,0.0,0.0,0.0
Trial,5,2D Sim,True,Distance Weight,0.9,Random Seed,75,Min Iterations,1200,Lazy,False,Distance cost,0.3054593533247019,Manip Cost,7.5665352492682105,Total cost,1.0315669429190526,Node cost function,True,Percent Manip Threshold,20,Update Path,True,Increasing weight,False,Parent finding radius R,0.6,Step Size,0.2,Goal Area Sample Probability,0.05,Goal Area Delta,0.6
Manipulability,0.081,0.163,0.206,0.24,0.242,0.24,0.223,0.214,0.191,0.189,0.207,0.215,0.211,0.211,0.168,0.106,0.025,0.078,0.078
Distance to Last Node,0.0,0.378,0.299,0.299,0.292,0.246,0.445,0.2,0.29,0.29,0.295,0.227,0.227,0.0,0.269,0.269,0.299,0.299,0.0
Joint 0: ,0.0,0.0,0.0,0.0,0.0,0.0,0.0,0.0,0.0,0.0,0.0,0.0,0.0,0.0,0.0,0.0,0.0,0.0,0.0
Joint 1: ,1.1,0.929,0.742,0.556,0.305,0.097,-0.29,-0.461,-0.751,-1.04,-1.277,-1.374,-1.471,-1.471,-1.452,-1.432,-1.267,-1.101,-1.101
Joint 2: ,0.0,0.0,0.0,0.0,0.0,0.0,0.0,0.0,0.0,0.0,0.0,0.0,0.0,0.0,0.0,0.0,0.0,0.0,0.0
Joint 3: ,0.1,0.436,0.664,0.893,1.039,1.168,1.387,1.491,1.489,1.487,1.311,1.105,0.9,0.9,0.632,0.364,0.133,-0.097,-0.097
Joint 4: ,0.0,0.0,0.0,0.0,0.0,0.0,0.0,0.0,0.0,0.0,0.0,0.0,0.0,0.0,0.0,0.0,0.0,0.0,0.0
Joint 5: ,0.2,0.165,0.118,0.071,0.036,0.018,0.0,0.0,0.0,0.0,0.0,0.0,0.0,0.0,0.0,0.0,-0.095,-0.191,-0.191
Joint 6: ,0.0,0.0,0.0,0.0,0.0,0.0,0.0,0.0,0.0,0.0,0.0,0.0,0.0,0.0,0.0,0.0,0.0,0.0,0.0
Trial,1,2D Sim,True,Distance Weight,0.85,Random Seed,15,Min Iterations,1200,Lazy,False,Distance cost,0.33154573500246753,Manip Cost,5.760847610269781,Total cost,1.1459410162925647,Node cost function,True,Percent Manip Threshold,20,Update Path,True,Increasing weight,False,Parent finding radius R,0.6,Step Size,0.2,Goal Area Sample Probability,0.05,Goal Area Delta,0.6
Manipulability,0.081,0.082,0.153,0.167,0.16,0.175,0.202,0.212,0.212,0.238,0.238,0.249,0.268,0.279,0.279,0.28,0.229,0.229,0.152,0.115,0.081,0.081
Distance to Last Node,0.0,0.571,0.296,0.292,0.292,0.481,0.227,0.227,0.0,0.33,0.0,0.409,0.255,0.255,0.0,0.285,0.257,0.0,0.294,0.275,0.275,0.0
Joint 0: ,0.0,0.0,0.0,0.0,0.0,0.0,0.0,0.0,0.0,0.0,0.0,0.0,0.0,0.0,0.0,0.0,0.0,0.0,0.0,0.0,0.0,0.0
Joint 1: ,1.1,1.486,1.443,1.233,1.023,0.654,0.606,0.557,0.557,0.274,0.274,-0.036,-0.284,-0.531,-0.531,-0.805,-0.793,-0.793,-0.841,-0.97,-1.1,-1.1
Joint 2: ,0.0,0.0,0.0,0.0,0.0,0.0,0.0,0.0,0.0,0.0,0.0,0.0,0.0,0.0,0.0,0.0,0.0,0.0,0.0,0.0,0.0,0.0
Joint 3: ,0.1,-0.271,-0.564,-0.766,-0.968,-1.278,-1.5,-1.722,-1.722,-1.553,-1.553,-1.286,-1.225,-1.164,-1.164,-1.088,-0.831,-0.831,-0.542,-0.321,-0.1,-0.1
Joint 4: ,0.0,0.0,0.0,0.0,0.0,0.0,0.0,0.0,0.0,0.0,0.0,0.0,0.0,0.0,0.0,0.0,0.0,0.0,0.0,0.0,0.0,0.0
Joint 5: ,0.2,0.0,0.0,0.0,0.0,0.0,0.0,0.0,0.0,0.0,0.0,0.0,0.0,0.0,0.0,0.0,0.0,0.0,0.0,-0.1,-0.199,-0.199
Joint 6: ,0.0,0.0,0.0,0.0,0.0,0.0,0.0,0.0,0.0,0.0,0.0,0.0,0.0,0.0,0.0,0.0,0.0,0.0,0.0,0.0,0.0,0.0
Trial,2,2D Sim,True,Distance Weight,0.85,Random Seed,30,Min Iterations,1200,Lazy,False,Distance cost,0.3882452094482688,Manip Cost,5.7718130106517895,Total cost,1.195780379628797,Node cost function,True,Percent Manip Threshold,20,Update Path,True,Increasing weight,False,Parent finding radius R,0.6,Step Size,0.2,Goal Area Sample Probability,0.05,Goal Area Delta,0.6
Manipulability,0.081,0.07,0.134,0.189,0.219,0.224,0.255,0.281,0.281,0.253,0.218,0.218,0.19,0.151,0.183,0.227,0.227,0.209,0.209,0.206,0.206,0.186,0.17,0.123,0.079,0.079
Distance to Last Node,0.0,0.431,0.271,0.271,0.286,0.286,0.264,0.264,0.0,0.291,0.291,0.0,0.267,0.447,0.265,0.265,0.0,0.476,0.0,0.255,0.0,0.287,0.372,0.294,0.294,0.0
Joint 0: ,0.0,0.0,0.0,0.0,0.0,0.0,0.0,0.0,0.0,0.0,0.0,0.0,0.0,0.0,0.0,0.0,0.0,0.0,0.0,0.0,0.0,0.0,0.0,0.0,0.0,0.0
Joint 1: ,1.1,1.24,1.337,1.435,1.428,1.422,1.686,1.95,1.95,1.661,1.371,1.371,1.106,0.708,0.484,0.26,0.26,-0.069,-0.069,-0.289,-0.289,-0.519,-0.859,-0.98,-1.1,-1.1
Joint 2: ,0.0,0.0,0.0,0.0,0.0,0.0,0.0,0.0,0.0,0.0,0.0,0.0,0.0,0.0,0.0,0.0,0.0,0.0,0.0,0.0,0.0,0.0,0.0,0.0,0.0,0.0
Joint 3: ,0.1,-0.255,-0.508,-0.76,-1.046,-1.333,-1.34,-1.346,-1.346,-1.315,-1.283,-1.283,-1.314,-1.11,-1.252,-1.394,-1.394,-1.05,-1.05,-0.921,-0.921,-0.75,-0.599,-0.349,-0.099,-0.099
Joint 4: ,0.0,0.0,0.0,0.0,0.0,0.0,0.0,0.0,0.0,0.0,0.0,0.0,0.0,0.0,0.0,0.0,0.0,0.0,0.0,0.0,0.0,0.0,0.0,0.0,0.0,0.0
Joint 5: ,0.2,0.0,0.0,0.0,0.0,0.0,0.0,0.0,0.0,0.0,0.0,0.0,0.0,0.0,0.0,0.0,0.0,0.0,0.0,0.0,0.0,0.0,0.0,-0.097,-0.195,-0.195
Joint 6: ,0.0,0.0,0.0,0.0,0.0,0.0,0.0,0.0,0.0,0.0,0.0,0.0,0.0,0.0,0.0,0.0,0.0,0.0,0.0,0.0,0.0,0.0,0.0,0.0,0.0,0.0
Trial,3,2D Sim,True,Distance Weight,0.85,Random Seed,45,Min Iterations,1200,Lazy,False,Distance cost,0.47418538355215173,Manip Cost,5.030944470348035,Total cost,1.1576992465715343,Node cost function,True,Percent Manip Threshold,20,Update Path,True,Increasing weight,False,Parent finding radius R,0.6,Step Size,0.2,Goal Area Sample Probability,0.05,Goal Area Delta,0.6
Manipulability,0.081,0.075,0.123,0.184,0.234,0.267,0.282,0.282,0.276,0.252,0.252,0.239,0.212,0.212,0.168,0.165,0.197,0.222,0.228,0.228,0.234,0.219,0.219,0.234,0.246,0.246,0.272,0.285,0.285,0.291,0.274,0.274,0.26,0.238,0.177,0.127,0.081,0.081
Distance to Last Node,0.0,0.468,0.2,0.269,0.269,0.271,0.271,0.0,0.218,0.218,0.0,0.268,0.268,0.0,0.365,0.293,0.293,0.21,0.21,0.0,0.279,0.279,0.0,0.212,0.212,0.0,0.272,0.272,0.0,0.259,0.259,0.0,0.13,0.126,0.255,0.266,0.266,0.0
Joint 0: ,0.0,0.0,0.0,0.0,0.0,0.0,0.0,0.0,0.0,0.0,0.0,0.0,0.0,0.0,0.0,0.0,0.0,0.0,0.0,0.0,0.0,0.0,0.0,0.0,0.0,0.0,0.0,0.0,0.0,0.0,0.0,0.0,0.0,0.0,0.0,0.0,0.0,0.0
Joint 1: ,1.1,1.303,1.403,1.524,1.644,1.808,1.972,1.972,1.924,1.877,1.877,1.617,1.357,1.357,0.994,0.721,0.449,0.413,0.377,0.377,0.135,-0.107,-0.107,-0.309,-0.511,-0.511,-0.726,-0.942,-0.942,-1.061,-1.18,-1.18,-1.161,-1.142,-1.108,-1.104,-1.1,-1.1
Joint 2: ,0.0,0.0,0.0,0.0,0.0,0.0,0.0,0.0,0.0,0.0,0.0,0.0,0.0,0.0,0.0,0.0,0.0,0.0,0.0,0.0,0.0,0.0,0.0,0.0,0.0,0.0,0.0,0.0,0.0,0.0,0.0,0.0,0.0,0.0,0.0,0.0,0.0,0.0
Joint 3: ,0.1,-0.284,-0.458,-0.698,-0.938,-1.154,-1.371,-1.371,-1.158,-0.945,-0.945,-1.011,-1.077,-1.077,-1.106,-1.215,-1.324,-1.531,-1.738,-1.738,-1.878,-2.018,-2.018,-1.954,-1.89,-1.89,-1.724,-1.558,-1.558,-1.328,-1.098,-1.098,-0.97,-0.845,-0.593,-0.346,-0.1,-0.1
Joint 4: ,0.0,0.0,0.0,0.0,0.0,0.0,0.0,0.0,0.0,0.0,0.0,0.0,0.0,0.0,0.0,0.0,0.0,0.0,0.0,0.0,0.0,0.0,0.0,0.0,0.0,0.0,0.0,0.0,0.0,0.0,0.0,0.0,0.0,0.0,0.0,0.0,0.0,0.0
Joint 5: ,0.2,0.026,0.024,0.012,0.0,0.0,0.0,0.0,0.0,0.0,0.0,0.0,0.0,0.0,0.0,0.0,0.0,0.0,0.0,0.0,0.0,0.0,0.0,0.0,0.0,0.0,0.0,0.0,0.0,0.0,0.0,0.0,0.0,0.0,0.0,-0.099,-0.198,-0.198
Joint 6: ,0.0,0.0,0.0,0.0,0.0,0.0,0.0,0.0,0.0,0.0,0.0,0.0,0.0,0.0,0.0,0.0,0.0,0.0,0.0,0.0,0.0,0.0,0.0,0.0,0.0,0.0,0.0,0.0,0.0,0.0,0.0,0.0,0.0,0.0,0.0,0.0,0.0,0.0
Trial,4,2D Sim,True,Distance Weight,0.85,Random Seed,60,Min Iterations,1200,Lazy,False,Distance cost,0.36698677532252977,Manip Cost,5.300447767389082,Total cost,1.1070059241325128,Node cost function,True,Percent Manip Threshold,20,Update Path,True,Increasing weight,False,Parent finding radius R,0.6,Step Size,0.2,Goal Area Sample Probability,0.05,Goal Area Delta,0.6
Manipulability,0.081,0.058,0.162,0.212,0.243,0.258,0.258,0.224,0.193,0.173,0.176,0.202,0.202,0.246,0.279,0.279,0.292,0.292,0.301,0.296,0.296,0.285,0.251,0.251,0.189,0.133,0.08,0.08
Distance to Last Node,0.0,0.498,0.396,0.232,0.211,0.211,0.0,0.293,0.26,0.26,0.265,0.265,0.0,0.292,0.292,0.0,0.222,0.0,0.291,0.291,0.0,0.14,0.29,0.0,0.257,0.295,0.295,0.0
Joint 0: ,0.0,0.0,0.0,0.0,0.0,0.0,0.0,0.0,0.0,0.0,0.0,0.0,0.0,0.0,0.0,0.0,0.0,0.0,0.0,0.0,0.0,0.0,0.0,0.0,0.0,0.0,0.0,0.0
Joint 1: ,1.1,1.426,1.538,1.569,1.634,1.699,1.699,1.427,1.171,0.915,0.652,0.389,0.389,0.114,-0.162,-0.162,-0.382,-0.382,-0.637,-0.892,-0.892,-0.841,-1.03,-1.03,-1.002,-1.051,-1.1,-1.1
Joint 2: ,0.0,0.0,0.0,0.0,0.0,0.0,0.0,0.0,0.0,0.0,0.0,0.0,0.0,0.0,0.0,0.0,0.0,0.0,0.0,0.0,0.0,0.0,0.0,0.0,0.0,0.0,0.0,0.0
Joint 3: ,0.1,-0.265,-0.644,-0.871,-1.071,-1.271,-1.271,-1.163,-1.209,-1.255,-1.284,-1.313,-1.313,-1.408,-1.502,-1.502,-1.533,-1.533,-1.393,-1.252,-1.252,-1.122,-0.902,-0.902,-0.646,-0.373,-0.099,-0.099
Joint 4: ,0.0,0.0,0.0,0.0,0.0,0.0,0.0,0.0,0.0,0.0,0.0,0.0,0.0,0.0,0.0,0.0,0.0,0.0,0.0,0.0,0.0,0.0,0.0,0.0,0.0,0.0,0.0,0.0
Joint 5: ,0.2,0.108,0.085,0.046,0.026,0.006,0.006,0.003,0.002,0.0,0.0,0.0,0.0,0.0,0.0,0.0,0.0,0.0,0.0,0.0,0.0,0.0,0.0,0.0,0.0,-0.098,-0.196,-0.196
Joint 6: ,0.0,0.0,0.0,0.0,0.0,0.0,0.0,0.0,0.0,0.0,0.0,0.0,0.0,0.0,0.0,0.0,0.0,0.0,0.0,0.0,0.0,0.0,0.0,0.0,0.0,0.0,0.0,0.0
Trial,5,2D Sim,True,Distance Weight,0.85,Random Seed,75,Min Iterations,1200,Lazy,False,Distance cost,0.26867787496614876,Manip Cost,8.554938291317063,Total cost,1.5116169374187862,Node cost function,True,Percent Manip Threshold,20,Update Path,True,Increasing weight,False,Parent finding radius R,0.6,Step Size,0.2,Goal Area Sample Probability,0.05,Goal Area Delta,0.6
Manipulability,0.081,0.163,0.206,0.237,0.239,0.216,0.192,0.186,0.174,0.161,0.163,0.149,0.101,0.024,0.079,0.079
Distance to Last Node,0.0,0.378,0.299,0.486,0.2,0.276,0.276,0.228,0.259,0.299,0.299,0.289,0.226,0.275,0.275,0.0
Joint 0: ,0.0,0.0,0.0,0.0,0.0,0.0,0.0,0.0,0.0,0.0,0.0,0.0,0.0,0.0,0.0,0.0
Joint 1: ,1.1,0.929,0.742,0.406,0.231,-0.04,-0.31,-0.519,-0.779,-0.965,-1.151,-1.323,-1.328,-1.215,-1.102,-1.102
Joint 2: ,0.0,0.0,0.0,0.0,0.0,0.0,0.0,0.0,0.0,0.0,0.0,0.0,0.0,0.0,0.0,0.0
Joint 3: ,0.1,0.436,0.664,0.994,1.091,1.146,1.202,1.294,1.29,1.056,0.822,0.589,0.363,0.131,-0.102,-0.102
Joint 4: ,0.0,0.0,0.0,0.0,0.0,0.0,0.0,0.0,0.0,0.0,0.0,0.0,0.0,0.0,0.0,0.0
Joint 5: ,0.2,0.165,0.118,0.0,0.0,0.0,0.0,0.0,0.0,0.0,0.0,0.0,0.0,-0.096,-0.191,-0.191
Joint 6: ,0.0,0.0,0.0,0.0,0.0,0.0,0.0,0.0,0.0,0.0,0.0,0.0,0.0,0.0,0.0,0.0
Trial,1,2D Sim,True,Distance Weight,0.8,Random Seed,15,Min Iterations,1200,Lazy,False,Distance cost,0.4121933526466079,Manip Cost,5.22909312608068,Total cost,1.375573307333422,Node cost function,True,Percent Manip Threshold,20,Update Path,True,Increasing weight,False,Parent finding radius R,0.6,Step Size,0.2,Goal Area Sample Probability,0.05,Goal Area Delta,0.6
Manipulability,0.081,0.082,0.153,0.167,0.16,0.175,0.202,0.212,0.212,0.238,0.238,0.249,0.268,0.293,0.294,0.272,0.272,0.267,0.256,0.256,0.282,0.268,0.268,0.196,0.135,0.081,0.081
Distance to Last Node,0.0,0.571,0.296,0.292,0.292,0.481,0.227,0.227,0.0,0.33,0.0,0.409,0.255,0.264,0.273,0.273,0.0,0.221,0.221,0.0,0.288,0.288,0.0,0.365,0.253,0.414,0.0
Joint 0: ,0.0,0.0,0.0,0.0,0.0,0.0,0.0,0.0,0.0,0.0,0.0,0.0,0.0,0.0,0.0,0.0,0.0,0.0,0.0,0.0,0.0,0.0,0.0,0.0,0.0,0.0,0.0
Joint 1: ,1.1,1.486,1.443,1.233,1.023,0.654,0.606,0.557,0.557,0.274,0.274,-0.036,-0.284,-0.391,-0.643,-0.896,-0.896,-1.106,-1.316,-1.316,-1.198,-1.079,-1.079,-1.186,-1.037,-1.1,-1.1
Joint 2: ,0.0,0.0,0.0,0.0,0.0,0.0,0.0,0.0,0.0,0.0,0.0,0.0,0.0,0.0,0.0,0.0,0.0,0.0,0.0,0.0,0.0,0.0,0.0,0.0,0.0,0.0,0.0
Joint 3: ,0.1,-0.271,-0.564,-0.766,-0.968,-1.278,-1.5,-1.722,-1.722,-1.553,-1.553,-1.286,-1.225,-1.466,-1.57,-1.675,-1.675,-1.606,-1.537,-1.537,-1.274,-1.012,-1.012,-0.662,-0.457,-0.1,-0.1
Joint 4: ,0.0,0.0,0.0,0.0,0.0,0.0,0.0,0.0,0.0,0.0,0.0,0.0,0.0,0.0,0.0,0.0,0.0,0.0,0.0,0.0,0.0,0.0,0.0,0.0,0.0,0.0,0.0
Joint 5: ,0.2,0.0,0.0,0.0,0.0,0.0,0.0,0.0,0.0,0.0,0.0,0.0,0.0,0.0,0.0,0.0,0.0,0.0,0.0,0.0,0.0,0.0,0.0,0.0,0.0,-0.199,-0.199
Joint 6: ,0.0,0.0,0.0,0.0,0.0,0.0,0.0,0.0,0.0,0.0,0.0,0.0,0.0,0.0,0.0,0.0,0.0,0.0,0.0,0.0,0.0,0.0,0.0,0.0,0.0,0.0,0.0
Trial,2,2D Sim,True,Distance Weight,0.8,Random Seed,30,Min Iterations,1200,Lazy,False,Distance cost,0.3932565690596633,Manip Cost,5.716776650389557,Total cost,1.4579605853256417,Node cost function,True,Percent Manip Threshold,20,Update Path,True,Increasing weight,False,Parent finding radius R,0.6,Step Size,0.2,Goal Area Sample Probability,0.05,Goal Area Delta,0.6
Manipulability,0.081,0.07,0.134,0.189,0.219,0.224,0.255,0.281,0.281,0.253,0.218,0.218,0.19,0.151,0.183,0.227,0.227,0.209,0.209,0.206,0.206,0.186,0.189,0.185,0.131,0.079,0.079
Distance to Last Node,0.0,0.431,0.271,0.271,0.286,0.286,0.264,0.264,0.0,0.291,0.291,0.0,0.267,0.447,0.265,0.265,0.0,0.476,0.0,0.255,0.0,0.287,0.22,0.22,0.298,0.298,0.0
Joint 0: ,0.0,0.0,0.0,0.0,0.0,0.0,0.0,0.0,0.0,0.0,0.0,0.0,0.0,0.0,0.0,0.0,0.0,0.0,0.0,0.0,0.0,0.0,0.0,0.0,0.0,0.0,0.0
Joint 1: ,1.1,1.24,1.337,1.435,1.428,1.422,1.686,1.95,1.95,1.661,1.371,1.371,1.106,0.708,0.484,0.26,0.26,-0.069,-0.069,-0.289,-0.289,-0.519,-0.732,-0.945,-1.023,-1.1,-1.1
Joint 2: ,0.0,0.0,0.0,0.0,0.0,0.0,0.0,0.0,0.0,0.0,0.0,0.0,0.0,0.0,0.0,0.0,0.0,0.0,0.0,0.0,0.0,0.0,0.0,0.0,0.0,0.0,0.0
Joint 3: ,0.1,-0.255,-0.508,-0.76,-1.046,-1.333,-1.34,-1.346,-1.346,-1.315,-1.283,-1.283,-1.314,-1.11,-1.252,-1.394,-1.394,-1.05,-1.05,-0.921,-0.921,-0.75,-0.695,-0.64,-0.369,-0.099,-0.099
Joint 4: ,0.0,0.0,0.0,0.0,0.0,0.0,0.0,0.0,0.0,0.0,0.0,0.0,0.0,0.0,0.0,0.0,0.0,0.0,0.0,0.0,0.0,0.0,0.0,0.0,0.0,0.0,0.0
Joint 5: ,0.2,0.0,0.0,0.0,0.0,0.0,0.0,0.0,0.0,0.0,0.0,0.0,0.0,0.0,0.0,0.0,0.0,0.0,0.0,0.0,0.0,0.0,0.0,0.0,-0.097,-0.195,-0.195
Joint 6: ,0.0,0.0,0.0,0.0,0.0,0.0,0.0,0.0,0.0,0.0,0.0,0.0,0.0,0.0,0.0,0.0,0.0,0.0,0.0,0.0,0.0,0.0,0.0,0.0,0.0,0.0,0.0
Trial,3,2D Sim,True,Distance Weight,0.8,Random Seed,45,Min Iterations,1200,Lazy,False,Distance cost,0.46960249625383543,Manip Cost,5.131863069407099,Total cost,1.402054610884488,Node cost function,True,Percent Manip Threshold,20,Update Path,True,Increasing weight,False,Parent finding radius R,0.6,Step Size,0.2,Goal Area Sample Probability,0.05,Goal Area Delta,0.6
Manipulability,0.081,0.075,0.123,0.184,0.234,0.274,0.274,0.25,0.213,0.213,0.174,0.168,0.165,0.197,0.197,0.222,0.228,0.228,0.234,0.219,0.219,0.234,0.246,0.246,0.272,0.285,0.285,0.299,0.286,0.286,0.281,0.246,0.194,0.137,0.081,0.081
Distance to Last Node,0.0,0.468,0.2,0.269,0.269,0.343,0.0,0.268,0.334,0.0,0.257,0.475,0.293,0.293,0.0,0.21,0.21,0.0,0.279,0.279,0.0,0.212,0.212,0.0,0.272,0.272,0.0,0.226,0.226,0.0,0.202,0.22,0.22,0.299,0.299,0.0
Joint 0: ,0.0,0.0,0.0,0.0,0.0,0.0,0.0,0.0,0.0,0.0,0.0,0.0,0.0,0.0,0.0,0.0,0.0,0.0,0.0,0.0,0.0,0.0,0.0,0.0,0.0,0.0,0.0,0.0,0.0,0.0,0.0,0.0,0.0,0.0,0.0,0.0
Joint 1: ,1.1,1.303,1.403,1.524,1.644,1.86,1.86,1.867,1.545,1.545,1.307,0.994,0.721,0.449,0.449,0.413,0.377,0.377,0.135,-0.107,-0.107,-0.309,-0.511,-0.511,-0.726,-0.942,-0.942,-0.864,-0.786,-0.786,-0.985,-1.014,-1.044,-1.072,-1.1,-1.1
Joint 2: ,0.0,0.0,0.0,0.0,0.0,0.0,0.0,0.0,0.0,0.0,0.0,0.0,0.0,0.0,0.0,0.0,0.0,0.0,0.0,0.0,0.0,0.0,0.0,0.0,0.0,0.0,0.0,0.0,0.0,0.0,0.0,0.0,0.0,0.0,0.0,0.0
Joint 3: ,0.1,-0.284,-0.458,-0.698,-0.938,-1.205,-1.205,-0.937,-0.849,-0.849,-0.75,-1.106,-1.215,-1.324,-1.324,-1.531,-1.738,-1.738,-1.878,-2.018,-2.018,-1.954,-1.89,-1.89,-1.724,-1.558,-1.558,-1.346,-1.134,-1.134,-1.097,-0.879,-0.66,-0.38,-0.1,-0.1
Joint 4: ,0.0,0.0,0.0,0.0,0.0,0.0,0.0,0.0,0.0,0.0,0.0,0.0,0.0,0.0,0.0,0.0,0.0,0.0,0.0,0.0,0.0,0.0,0.0,0.0,0.0,0.0,0.0,0.0,0.0,0.0,0.0,0.0,0.0,0.0,0.0,0.0
Joint 5: ,0.2,0.026,0.024,0.012,0.0,0.0,0.0,0.0,0.0,0.0,0.0,0.0,0.0,0.0,0.0,0.0,0.0,0.0,0.0,0.0,0.0,0.0,0.0,0.0,0.0,0.0,0.0,0.0,0.0,0.0,0.0,0.0,0.0,-0.1,-0.199,-0.199
Joint 6: ,0.0,0.0,0.0,0.0,0.0,0.0,0.0,0.0,0.0,0.0,0.0,0.0,0.0,0.0,0.0,0.0,0.0,0.0,0.0,0.0,0.0,0.0,0.0,0.0,0.0,0.0,0.0,0.0,0.0,0.0,0.0,0.0,0.0,0.0,0.0,0.0
Trial,4,2D Sim,True,Distance Weight,0.8,Random Seed,60,Min Iterations,1200,Lazy,False,Distance cost,0.2823536483885211,Manip Cost,7.5606386512490324,Total cost,1.738010648960623,Node cost function,True,Percent Manip Threshold,20,Update Path,True,Increasing weight,False,Parent finding radius R,0.6,Step Size,0.2,Goal Area Sample Probability,0.05,Goal Area Delta,0.6
Manipulability,0.081,0.154,0.22,0.235,0.234,0.225,0.214,0.204,0.184,0.182,0.192,0.159,0.112,0.032,0.08,0.08
Distance to Last Node,0.0,0.447,0.397,0.269,0.233,0.216,0.216,0.434,0.231,0.231,0.489,0.26,0.26,0.296,0.296,0.0
Joint 0: ,0.0,0.0,0.0,0.0,0.0,0.0,0.0,0.0,0.0,0.0,0.0,0.0,0.0,0.0,0.0,0.0
Joint 1: ,1.1,0.977,0.711,0.481,0.27,0.069,-0.132,-0.503,-0.732,-0.961,-1.262,-1.226,-1.189,-1.144,-1.1,-1.1
Joint 2: ,0.0,0.0,0.0,0.0,0.0,0.0,0.0,0.0,0.0,0.0,0.0,0.0,0.0,0.0,0.0,0.0
Joint 3: ,0.1,0.498,0.793,0.933,1.032,1.112,1.191,1.416,1.383,1.351,0.965,0.708,0.451,0.176,-0.099,-0.099
Joint 4: ,0.0,0.0,0.0,0.0,0.0,0.0,0.0,0.0,0.0,0.0,0.0,0.0,0.0,0.0,0.0,0.0
Joint 5: ,0.2,0.038,0.03,0.025,0.021,0.018,0.014,0.008,0.004,0.0,0.0,0.0,0.0,-0.098,-0.196,-0.196
Joint 6: ,0.0,0.0,0.0,0.0,0.0,0.0,0.0,0.0,0.0,0.0,0.0,0.0,0.0,0.0,0.0,0.0
Trial,5,2D Sim,True,Distance Weight,0.8,Random Seed,75,Min Iterations,1200,Lazy,False,Distance cost,0.3054593533247019,Manip Cost,7.5665352492682105,Total cost,1.7576745325134033,Node cost function,True,Percent Manip Threshold,20,Update Path,True,Increasing weight,False,Parent finding radius R,0.6,Step Size,0.2,Goal Area Sample Probability,0.05,Goal Area Delta,0.6
Manipulability,0.081,0.163,0.206,0.24,0.242,0.24,0.223,0.214,0.191,0.189,0.207,0.215,0.211,0.211,0.168,0.106,0.025,0.078,0.078
Distance to Last Node,0.0,0.378,0.299,0.299,0.292,0.246,0.445,0.2,0.29,0.29,0.295,0.227,0.227,0.0,0.269,0.269,0.299,0.299,0.0
Joint 0: ,0.0,0.0,0.0,0.0,0.0,0.0,0.0,0.0,0.0,0.0,0.0,0.0,0.0,0.0,0.0,0.0,0.0,0.0,0.0
Joint 1: ,1.1,0.929,0.742,0.556,0.305,0.097,-0.29,-0.461,-0.751,-1.04,-1.277,-1.374,-1.471,-1.471,-1.452,-1.432,-1.267,-1.101,-1.101
Joint 2: ,0.0,0.0,0.0,0.0,0.0,0.0,0.0,0.0,0.0,0.0,0.0,0.0,0.0,0.0,0.0,0.0,0.0,0.0,0.0
Joint 3: ,0.1,0.436,0.664,0.893,1.039,1.168,1.387,1.491,1.489,1.487,1.311,1.105,0.9,0.9,0.632,0.364,0.133,-0.097,-0.097
Joint 4: ,0.0,0.0,0.0,0.0,0.0,0.0,0.0,0.0,0.0,0.0,0.0,0.0,0.0,0.0,0.0,0.0,0.0,0.0,0.0
Joint 5: ,0.2,0.165,0.118,0.071,0.036,0.018,0.0,0.0,0.0,0.0,0.0,0.0,0.0,0.0,0.0,0.0,-0.095,-0.191,-0.191
Joint 6: ,0.0,0.0,0.0,0.0,0.0,0.0,0.0,0.0,0.0,0.0,0.0,0.0,0.0,0.0,0.0,0.0,0.0,0.0,0.0
Trial,1,2D Sim,True,Distance Weight,0.7,Random Seed,15,Min Iterations,1200,Lazy,False,Distance cost,0.42206639865808093,Manip Cost,5.26594337468722,Total cost,1.8752294914668228,Node cost function,True,Percent Manip Threshold,20,Update Path,True,Increasing weight,False,Parent finding radius R,0.6,Step Size,0.2,Goal Area Sample Probability,0.05,Goal Area Delta,0.6
Manipulability,0.081,0.082,0.153,0.167,0.16,0.175,0.202,0.212,0.212,0.238,0.238,0.249,0.268,0.293,0.294,0.272,0.272,0.267,0.256,0.256,0.282,0.268,0.268,0.229,0.229,0.152,0.115,0.081,0.081
Distance to Last Node,0.0,0.571,0.296,0.292,0.292,0.481,0.227,0.227,0.0,0.33,0.0,0.409,0.255,0.264,0.273,0.273,0.0,0.221,0.221,0.0,0.288,0.288,0.0,0.339,0.0,0.294,0.275,0.275,0.0
Joint 0: ,0.0,0.0,0.0,0.0,0.0,0.0,0.0,0.0,0.0,0.0,0.0,0.0,0.0,0.0,0.0,0.0,0.0,0.0,0.0,0.0,0.0,0.0,0.0,0.0,0.0,0.0,0.0,0.0,0.0
Joint 1: ,1.1,1.486,1.443,1.233,1.023,0.654,0.606,0.557,0.557,0.274,0.274,-0.036,-0.284,-0.391,-0.643,-0.896,-0.896,-1.106,-1.316,-1.316,-1.198,-1.079,-1.079,-0.793,-0.793,-0.841,-0.97,-1.1,-1.1
Joint 2: ,0.0,0.0,0.0,0.0,0.0,0.0,0.0,0.0,0.0,0.0,0.0,0.0,0.0,0.0,0.0,0.0,0.0,0.0,0.0,0.0,0.0,0.0,0.0,0.0,0.0,0.0,0.0,0.0,0.0
Joint 3: ,0.1,-0.271,-0.564,-0.766,-0.968,-1.278,-1.5,-1.722,-1.722,-1.553,-1.553,-1.286,-1.225,-1.466,-1.57,-1.675,-1.675,-1.606,-1.537,-1.537,-1.274,-1.012,-1.012,-0.831,-0.831,-0.542,-0.321,-0.1,-0.1
Joint 4: ,0.0,0.0,0.0,0.0,0.0,0.0,0.0,0.0,0.0,0.0,0.0,0.0,0.0,0.0,0.0,0.0,0.0,0.0,0.0,0.0,0.0,0.0,0.0,0.0,0.0,0.0,0.0,0.0,0.0
Joint 5: ,0.2,0.0,0.0,0.0,0.0,0.0,0.0,0.0,0.0,0.0,0.0,0.0,0.0,0.0,0.0,0.0,0.0,0.0,0.0,0.0,0.0,0.0,0.0,0.0,0.0,0.0,-0.1,-0.199,-0.199
Joint 6: ,0.0,0.0,0.0,0.0,0.0,0.0,0.0,0.0,0.0,0.0,0.0,0.0,0.0,0.0,0.0,0.0,0.0,0.0,0.0,0.0,0.0,0.0,0.0,0.0,0.0,0.0,0.0,0.0,0.0
Trial,2,2D Sim,True,Distance Weight,0.7,Random Seed,30,Min Iterations,1200,Lazy,False,Distance cost,0.30198349623587534,Manip Cost,8.020217001107653,Total cost,2.617453547697409,Node cost function,True,Percent Manip Threshold,20,Update Path,True,Increasing weight,False,Parent finding radius R,0.6,Step Size,0.2,Goal Area Sample Probability,0.05,Goal Area Delta,0.6
Manipulability,0.081,0.121,0.208,0.248,0.285,0.291,0.291,0.267,0.238,0.208,0.166,0.153,0.157,0.102,0.024,0.079,0.079
Distance to Last Node,0.0,0.293,0.455,0.456,0.252,0.252,0.0,0.298,0.244,0.244,0.287,0.287,0.552,0.377,0.287,0.287,0.0
Joint 0: ,0.0,0.0,0.0,0.0,0.0,0.0,0.0,0.0,0.0,0.0,0.0,0.0,0.0,0.0,0.0,0.0,0.0
Joint 1: ,1.1,0.877,0.644,0.367,0.352,0.337,0.337,0.194,-0.05,-0.294,-0.564,-0.834,-1.227,-1.388,-1.244,-1.1,-1.1
Joint 2: ,0.0,0.0,0.0,0.0,0.0,0.0,0.0,0.0,0.0,0.0,0.0,0.0,0.0,0.0,0.0,0.0,0.0
Joint 3: ,0.1,0.29,0.679,1.029,1.28,1.531,1.531,1.27,1.276,1.282,1.184,1.086,0.699,0.359,0.13,-0.099,-0.099
Joint 4: ,0.0,0.0,0.0,0.0,0.0,0.0,0.0,0.0,0.0,0.0,0.0,0.0,0.0,0.0,0.0,0.0,0.0
Joint 5: ,0.2,0.181,0.143,0.049,0.04,0.031,0.031,0.015,0.008,0.0,0.0,0.0,0.0,0.0,-0.097,-0.195,-0.195
Joint 6: ,0.0,0.0,0.0,0.0,0.0,0.0,0.0,0.0,0.0,0.0,0.0,0.0,0.0,0.0,0.0,0.0,0.0
Trial,3,2D Sim,True,Distance Weight,0.7,Random Seed,45,Min Iterations,1200,Lazy,False,Distance cost,0.484357243742821,Manip Cost,5.08316796452239,Total cost,1.8640004599766922,Node cost function,True,Percent Manip Threshold,20,Update Path,True,Increasing weight,False,Parent finding radius R,0.6,Step Size,0.2,Goal Area Sample Probability,0.05,Goal Area Delta,0.6
Manipulability,0.081,0.075,0.123,0.184,0.234,0.274,0.274,0.25,0.213,0.213,0.174,0.168,0.165,0.197,0.197,0.222,0.228,0.228,0.234,0.219,0.219,0.234,0.246,0.246,0.272,0.285,0.285,0.299,0.286,0.286,0.274,0.274,0.26,0.247,0.181,0.13,0.081,0.081
Distance to Last Node,0.0,0.468,0.2,0.269,0.269,0.343,0.0,0.268,0.334,0.0,0.257,0.475,0.293,0.293,0.0,0.21,0.21,0.0,0.279,0.279,0.0,0.212,0.212,0.0,0.272,0.272,0.0,0.226,0.226,0.0,0.395,0.0,0.13,0.117,0.271,0.275,0.275,0.0
Joint 0: ,0.0,0.0,0.0,0.0,0.0,0.0,0.0,0.0,0.0,0.0,0.0,0.0,0.0,0.0,0.0,0.0,0.0,0.0,0.0,0.0,0.0,0.0,0.0,0.0,0.0,0.0,0.0,0.0,0.0,0.0,0.0,0.0,0.0,0.0,0.0,0.0,0.0,0.0
Joint 1: ,1.1,1.303,1.403,1.524,1.644,1.86,1.86,1.867,1.545,1.545,1.307,0.994,0.721,0.449,0.449,0.413,0.377,0.377,0.135,-0.107,-0.107,-0.309,-0.511,-0.511,-0.726,-0.942,-0.942,-0.864,-0.786,-0.786,-1.18,-1.18,-1.161,-1.083,-1.078,-1.089,-1.1,-1.1
Joint 2: ,0.0,0.0,0.0,0.0,0.0,0.0,0.0,0.0,0.0,0.0,0.0,0.0,0.0,0.0,0.0,0.0,0.0,0.0,0.0,0.0,0.0,0.0,0.0,0.0,0.0,0.0,0.0,0.0,0.0,0.0,0.0,0.0,0.0,0.0,0.0,0.0,0.0,0.0
Joint 3: ,0.1,-0.284,-0.458,-0.698,-0.938,-1.205,-1.205,-0.937,-0.849,-0.849,-0.75,-1.106,-1.215,-1.324,-1.324,-1.531,-1.738,-1.738,-1.878,-2.018,-2.018,-1.954,-1.89,-1.89,-1.724,-1.558,-1.558,-1.346,-1.134,-1.134,-1.098,-1.098,-0.97,-0.883,-0.612,-0.356,-0.1,-0.1
Joint 4: ,0.0,0.0,0.0,0.0,0.0,0.0,0.0,0.0,0.0,0.0,0.0,0.0,0.0,0.0,0.0,0.0,0.0,0.0,0.0,0.0,0.0,0.0,0.0,0.0,0.0,0.0,0.0,0.0,0.0,0.0,0.0,0.0,0.0,0.0,0.0,0.0,0.0,0.0
Joint 5: ,0.2,0.026,0.024,0.012,0.0,0.0,0.0,0.0,0.0,0.0,0.0,0.0,0.0,0.0,0.0,0.0,0.0,0.0,0.0,0.0,0.0,0.0,0.0,0.0,0.0,0.0,0.0,0.0,0.0,0.0,0.0,0.0,0.0,0.0,0.0,-0.099,-0.198,-0.198
Joint 6: ,0.0,0.0,0.0,0.0,0.0,0.0,0.0,0.0,0.0,0.0,0.0,0.0,0.0,0.0,0.0,0.0,0.0,0.0,0.0,0.0,0.0,0.0,0.0,0.0,0.0,0.0,0.0,0.0,0.0,0.0,0.0,0.0,0.0,0.0,0.0,0.0,0.0,0.0
Trial,4,2D Sim,True,Distance Weight,0.7,Random Seed,60,Min Iterations,1200,Lazy,False,Distance cost,0.5191935272858076,Manip Cost,4.847371555421153,Total cost,1.8176469357264113,Node cost function,True,Percent Manip Threshold,20,Update Path,True,Increasing weight,False,Parent finding radius R,0.6,Step Size,0.2,Goal Area Sample Probability,0.05,Goal Area Delta,0.6
Manipulability,0.081,0.058,0.162,0.212,0.252,0.282,0.282,0.218,0.218,0.247,0.25,0.25,0.249,0.249,0.285,0.285,0.264,0.264,0.27,0.248,0.211,0.189,0.185,0.189,0.202,0.246,0.279,0.279,0.292,0.292,0.301,0.296,0.296,0.285,0.251,0.251,0.189,0.133,0.08,0.08
Distance to Last Node,0.0,0.498,0.396,0.232,0.263,0.263,0.0,0.458,0.0,0.249,0.249,0.0,0.29,0.0,0.384,0.0,0.271,0.0,0.04,0.252,0.296,0.296,0.267,0.246,0.246,0.292,0.292,0.0,0.222,0.0,0.291,0.291,0.0,0.14,0.29,0.0,0.257,0.295,0.295,0.0
Joint 0: ,0.0,0.0,0.0,0.0,0.0,0.0,0.0,0.0,0.0,0.0,0.0,0.0,0.0,0.0,0.0,0.0,0.0,0.0,0.0,0.0,0.0,0.0,0.0,0.0,0.0,0.0,0.0,0.0,0.0,0.0,0.0,0.0,0.0,0.0,0.0,0.0,0.0,0.0,0.0,0.0
Joint 1: ,1.1,1.426,1.538,1.569,1.781,1.994,1.994,1.747,1.747,1.685,1.623,1.623,1.748,1.748,2.132,2.132,1.862,1.862,1.889,1.643,1.363,1.082,0.864,0.627,0.389,0.114,-0.162,-0.162,-0.382,-0.382,-0.637,-0.892,-0.892,-0.841,-1.03,-1.03,-1.002,-1.051,-1.1,-1.1
Joint 2: ,0.0,0.0,0.0,0.0,0.0,0.0,0.0,0.0,0.0,0.0,0.0,0.0,0.0,0.0,0.0,0.0,0.0,0.0,0.0,0.0,0.0,0.0,0.0,0.0,0.0,0.0,0.0,0.0,0.0,0.0,0.0,0.0,0.0,0.0,0.0,0.0,0.0,0.0,0.0,0.0
Joint 3: ,0.1,-0.265,-0.644,-0.871,-1.024,-1.177,-1.177,-0.792,-0.792,-1.033,-1.274,-1.274,-1.536,-1.536,-1.516,-1.516,-1.493,-1.493,-1.464,-1.404,-1.499,-1.594,-1.441,-1.377,-1.313,-1.408,-1.502,-1.502,-1.533,-1.533,-1.393,-1.252,-1.252,-1.122,-0.902,-0.902,-0.646,-0.373,-0.099,-0.099
Joint 4: ,0.0,0.0,0.0,0.0,0.0,0.0,0.0,0.0,0.0,0.0,0.0,0.0,0.0,0.0,0.0,0.0,0.0,0.0,0.0,0.0,0.0,0.0,0.0,0.0,0.0,0.0,0.0,0.0,0.0,0.0,0.0,0.0,0.0,0.0,0.0,0.0,0.0,0.0,0.0,0.0
Joint 5: ,0.2,0.108,0.085,0.046,0.023,0.0,0.0,0.002,0.002,0.001,0.0,0.0,0.0,0.0,0.0,0.0,0.0,0.0,0.0,0.0,0.0,0.0,0.0,0.0,0.0,0.0,0.0,0.0,0.0,0.0,0.0,0.0,0.0,0.0,0.0,0.0,0.0,-0.098,-0.196,-0.196
Joint 6: ,0.0,0.0,0.0,0.0,0.0,0.0,0.0,0.0,0.0,0.0,0.0,0.0,0.0,0.0,0.0,0.0,0.0,0.0,0.0,0.0,0.0,0.0,0.0,0.0,0.0,0.0,0.0,0.0,0.0,0.0,0.0,0.0,0.0,0.0,0.0,0.0,0.0,0.0,0.0,0.0
Trial,5,2D Sim,True,Distance Weight,0.7,Random Seed,75,Min Iterations,1200,Lazy,False,Distance cost,0.34964280499890943,Manip Cost,7.173507399183948,Total cost,2.396802183254421,Node cost function,True,Percent Manip Threshold,20,Update Path,True,Increasing weight,False,Parent finding radius R,0.6,Step Size,0.2,Goal Area Sample Probability,0.05,Goal Area Delta,0.6
Manipulability,0.081,0.163,0.206,0.24,0.242,0.24,0.223,0.207,0.194,0.186,0.19,0.224,0.253,0.259,0.259,0.225,0.174,0.106,0.025,0.078,0.078
Distance to Last Node,0.0,0.378,0.299,0.299,0.292,0.246,0.445,0.299,0.247,0.247,0.27,0.288,0.278,0.278,0.0,0.254,0.287,0.287,0.299,0.299,0.0
Joint 0: ,0.0,0.0,0.0,0.0,0.0,0.0,0.0,0.0,0.0,0.0,0.0,0.0,0.0,0.0,0.0,0.0,0.0,0.0,0.0,0.0,0.0
Joint 1: ,1.1,0.929,0.742,0.556,0.305,0.097,-0.29,-0.558,-0.791,-1.023,-1.292,-1.504,-1.655,-1.805,-1.805,-1.584,-1.508,-1.432,-1.267,-1.101,-1.101
Joint 2: ,0.0,0.0,0.0,0.0,0.0,0.0,0.0,0.0,0.0,0.0,0.0,0.0,0.0,0.0,0.0,0.0,0.0,0.0,0.0,0.0,0.0
Joint 3: ,0.1,0.436,0.664,0.893,1.039,1.168,1.387,1.519,1.603,1.686,1.706,1.511,1.277,1.043,1.043,0.917,0.641,0.364,0.133,-0.097,-0.097
Joint 4: ,0.0,0.0,0.0,0.0,0.0,0.0,0.0,0.0,0.0,0.0,0.0,0.0,0.0,0.0,0.0,0.0,0.0,0.0,0.0,0.0,0.0
Joint 5: ,0.2,0.165,0.118,0.071,0.036,0.018,0.0,0.0,0.0,0.0,0.0,0.0,0.0,0.0,0.0,0.0,0.0,0.0,-0.095,-0.191,-0.191
Joint 6: ,0.0,0.0,0.0,0.0,0.0,0.0,0.0,0.0,0.0,0.0,0.0,0.0,0.0,0.0,0.0,0.0,0.0,0.0,0.0,0.0,0.0
