Trial,1,2D Sim,True,Distance Weight,0.9,Random Seed,15,Min Iterations,1200,Lazy,False,Distance cost,0.2988552126176602,Manip Cost,7.342242583201554,Total cost,1.0031939496760494,Node cost function,True,Percent Manip Threshold,10,Update Path,True,Increasing weight,False,Parent finding radius R,0.6,Step Size,0.2,Goal Area Sample Probability,0.05,Goal Area Delta,0.6
Manipulability,0.081,0.128,0.212,0.261,0.292,0.292,0.294,0.294,0.283,0.283,0.273,0.273,0.25,0.224,0.184,0.165,0.145,0.132,0.092,0.021,0.081,0.081
Distance to Last Node,0.0,0.282,0.4,0.29,0.29,0.0,0.257,0.0,0.237,0.0,0.242,0.0,0.242,0.234,0.293,0.293,0.362,0.293,0.293,0.257,0.257,0.0
Joint 0: ,0.0,0.0,0.0,0.0,0.0,0.0,0.0,0.0,0.0,0.0,0.0,0.0,0.0,0.0,0.0,0.0,0.0,0.0,0.0,0.0,0.0,0.0
Joint 1: ,1.1,1.212,1.172,0.998,0.824,0.824,0.581,0.581,0.346,0.346,0.133,0.133,-0.107,-0.341,-0.602,-0.863,-0.995,-1.137,-1.279,-1.19,-1.1,-1.1
Joint 2: ,0.0,0.0,0.0,0.0,0.0,0.0,0.0,0.0,0.0,0.0,0.0,0.0,0.0,0.0,0.0,0.0,0.0,0.0,0.0,0.0,0.0,0.0
Joint 3: ,0.1,0.339,0.725,0.958,1.19,1.19,1.273,1.273,1.305,1.305,1.42,1.42,1.449,1.456,1.322,1.188,0.851,0.594,0.338,0.119,-0.1,-0.1
Joint 4: ,0.0,0.0,0.0,0.0,0.0,0.0,0.0,0.0,0.0,0.0,0.0,0.0,0.0,0.0,0.0,0.0,0.0,0.0,0.0,0.0,0.0,0.0
Joint 5: ,0.2,0.1,0.002,0.001,0.0,0.0,0.0,0.0,0.0,0.0,0.0,0.0,0.0,0.0,0.0,0.0,0.0,0.0,0.0,-0.1,-0.199,-0.199
Joint 6: ,0.0,0.0,0.0,0.0,0.0,0.0,0.0,0.0,0.0,0.0,0.0,0.0,0.0,0.0,0.0,0.0,0.0,0.0,0.0,0.0,0.0,0.0
Trial,2,2D Sim,True,Distance Weight,0.9,Random Seed,30,Min Iterations,1200,Lazy,False,Distance cost,0.2729677681266526,Manip Cost,8.363514200362435,Total cost,1.0820224113502306,Node cost function,True,Percent Manip Threshold,10,Update Path,True,Increasing weight,False,Parent finding radius R,0.6,Step Size,0.2,Goal Area Sample Probability,0.05,Goal Area Delta,0.6
Manipulability,0.081,0.121,0.208,0.247,0.275,0.275,0.246,0.228,0.207,0.156,0.132,0.143,0.157,0.102,0.024,0.079,0.079
Distance to Last Node,0.0,0.293,0.455,0.257,0.257,0.0,0.226,0.297,0.297,0.281,0.281,0.268,0.268,0.377,0.287,0.287,0.0
Joint 0: ,0.0,0.0,0.0,0.0,0.0,0.0,0.0,0.0,0.0,0.0,0.0,0.0,0.0,0.0,0.0,0.0,0.0
Joint 1: ,1.1,0.877,0.644,0.572,0.499,0.499,0.278,-0.006,-0.291,-0.524,-0.757,-0.992,-1.227,-1.388,-1.244,-1.1,-1.1
Joint 2: ,0.0,0.0,0.0,0.0,0.0,0.0,0.0,0.0,0.0,0.0,0.0,0.0,0.0,0.0,0.0,0.0,0.0
Joint 3: ,0.1,0.29,0.679,0.915,1.15,1.15,1.102,1.188,1.273,1.116,0.959,0.829,0.699,0.359,0.13,-0.099,-0.099
Joint 4: ,0.0,0.0,0.0,0.0,0.0,0.0,0.0,0.0,0.0,0.0,0.0,0.0,0.0,0.0,0.0,0.0,0.0
Joint 5: ,0.2,0.181,0.143,0.071,0.0,0.0,0.0,0.0,0.0,0.0,0.0,0.0,0.0,0.0,-0.097,-0.195,-0.195
Joint 6: ,0.0,0.0,0.0,0.0,0.0,0.0,0.0,0.0,0.0,0.0,0.0,0.0,0.0,0.0,0.0,0.0,0.0
Trial,3,2D Sim,True,Distance Weight,0.9,Random Seed,45,Min Iterations,1200,Lazy,False,Distance cost,0.2600458571957376,Manip Cost,8.137955294685181,Total cost,1.047836800944682,Node cost function,True,Percent Manip Threshold,10,Update Path,True,Increasing weight,False,Parent finding radius R,0.6,Step Size,0.2,Goal Area Sample Probability,0.05,Goal Area Delta,0.6
Manipulability,0.081,0.157,0.191,0.229,0.279,0.275,0.243,0.208,0.157,0.123,0.116,0.103,0.031,0.081,0.081
Distance to Last Node,0.0,0.396,0.283,0.254,0.417,0.289,0.282,0.282,0.288,0.288,0.287,0.287,0.292,0.292,0.0
Joint 0: ,0.0,0.0,0.0,0.0,0.0,0.0,0.0,0.0,0.0,0.0,0.0,0.0,0.0,0.0,0.0
Joint 1: ,1.1,0.891,0.724,0.588,0.405,0.169,-0.113,-0.395,-0.565,-0.735,-0.912,-1.09,-1.095,-1.1,-1.1
Joint 2: ,0.0,0.0,0.0,0.0,0.0,0.0,0.0,0.0,0.0,0.0,0.0,0.0,0.0,0.0,0.0
Joint 3: ,0.1,0.432,0.648,0.859,1.232,1.398,1.381,1.364,1.132,0.9,0.674,0.449,0.174,-0.1,-0.1
Joint 4: ,0.0,0.0,0.0,0.0,0.0,0.0,0.0,0.0,0.0,0.0,0.0,0.0,0.0,0.0,0.0
Joint 5: ,0.2,0.15,0.075,0.038,0.0,0.0,0.0,0.0,0.0,0.0,0.0,0.0,-0.099,-0.198,-0.198
Joint 6: ,0.0,0.0,0.0,0.0,0.0,0.0,0.0,0.0,0.0,0.0,0.0,0.0,0.0,0.0,0.0
Trial,4,2D Sim,True,Distance Weight,0.9,Random Seed,60,Min Iterations,1200,Lazy,False,Distance cost,0.2704483052735106,Manip Cost,8.951887106691249,Total cost,1.1385921854152843,Node cost function,True,Percent Manip Threshold,10,Update Path,True,Increasing weight,False,Parent finding radius R,0.6,Step Size,0.2,Goal Area Sample Probability,0.05,Goal Area Delta,0.6
Manipulability,0.081,0.154,0.22,0.235,0.234,0.225,0.214,0.204,0.181,0.165,0.164,0.132,0.084,0.021,0.08,0.08
Distance to Last Node,0.0,0.447,0.397,0.269,0.233,0.216,0.216,0.434,0.273,0.287,0.287,0.273,0.273,0.244,0.244,0.0
Joint 0: ,0.0,0.0,0.0,0.0,0.0,0.0,0.0,0.0,0.0,0.0,0.0,0.0,0.0,0.0,0.0,0.0
Joint 1: ,1.1,0.977,0.711,0.481,0.27,0.069,-0.132,-0.503,-0.77,-0.938,-1.105,-1.1,-1.094,-1.097,-1.1,-1.1
Joint 2: ,0.0,0.0,0.0,0.0,0.0,0.0,0.0,0.0,0.0,0.0,0.0,0.0,0.0,0.0,0.0,0.0
Joint 3: ,0.1,0.498,0.793,0.933,1.032,1.112,1.191,1.416,1.361,1.128,0.894,0.621,0.348,0.124,-0.099,-0.099
Joint 4: ,0.0,0.0,0.0,0.0,0.0,0.0,0.0,0.0,0.0,0.0,0.0,0.0,0.0,0.0,0.0,0.0
Joint 5: ,0.2,0.038,0.03,0.025,0.021,0.018,0.014,0.008,0.005,0.003,0.0,0.0,0.0,-0.098,-0.196,-0.196
Joint 6: ,0.0,0.0,0.0,0.0,0.0,0.0,0.0,0.0,0.0,0.0,0.0,0.0,0.0,0.0,0.0,0.0
Trial,5,2D Sim,True,Distance Weight,0.9,Random Seed,75,Min Iterations,1200,Lazy,False,Distance cost,0.26981420589215277,Manip Cost,8.632187262835076,Total cost,1.106051511586445,Node cost function,True,Percent Manip Threshold,10,Update Path,True,Increasing weight,False,Parent finding radius R,0.6,Step Size,0.2,Goal Area Sample Probability,0.05,Goal Area Delta,0.6
Manipulability,0.081,0.163,0.206,0.237,0.239,0.216,0.191,0.175,0.162,0.168,0.151,0.106,0.025,0.078,0.078
Distance to Last Node,0.0,0.378,0.299,0.486,0.2,0.276,0.299,0.299,0.278,0.408,0.282,0.282,0.299,0.299,0.0
Joint 0: ,0.0,0.0,0.0,0.0,0.0,0.0,0.0,0.0,0.0,0.0,0.0,0.0,0.0,0.0,0.0
Joint 1: ,1.1,0.929,0.742,0.406,0.231,-0.04,-0.332,-0.624,-0.875,-1.162,-1.297,-1.432,-1.267,-1.101,-1.101
Joint 2: ,0.0,0.0,0.0,0.0,0.0,0.0,0.0,0.0,0.0,0.0,0.0,0.0,0.0,0.0,0.0
Joint 3: ,0.1,0.436,0.664,0.994,1.091,1.146,1.207,1.268,1.148,0.858,0.611,0.364,0.133,-0.097,-0.097
Joint 4: ,0.0,0.0,0.0,0.0,0.0,0.0,0.0,0.0,0.0,0.0,0.0,0.0,0.0,0.0,0.0
Joint 5: ,0.2,0.165,0.118,0.0,0.0,0.0,0.0,0.0,0.0,0.0,0.0,0.0,-0.095,-0.191,-0.191
Joint 6: ,0.0,0.0,0.0,0.0,0.0,0.0,0.0,0.0,0.0,0.0,0.0,0.0,0.0,0.0,0.0
Trial,1,2D Sim,True,Distance Weight,0.85,Random Seed,15,Min Iterations,1200,Lazy,False,Distance cost,0.2988552126176602,Manip Cost,7.342242583201554,Total cost,1.3553633182052445,Node cost function,True,Percent Manip Threshold,10,Update Path,True,Increasing weight,False,Parent finding radius R,0.6,Step Size,0.2,Goal Area Sample Probability,0.05,Goal Area Delta,0.6
Manipulability,0.081,0.128,0.212,0.261,0.292,0.292,0.294,0.294,0.283,0.283,0.273,0.273,0.25,0.224,0.184,0.165,0.145,0.132,0.092,0.021,0.081,0.081
Distance to Last Node,0.0,0.282,0.4,0.29,0.29,0.0,0.257,0.0,0.237,0.0,0.242,0.0,0.242,0.234,0.293,0.293,0.362,0.293,0.293,0.257,0.257,0.0
Joint 0: ,0.0,0.0,0.0,0.0,0.0,0.0,0.0,0.0,0.0,0.0,0.0,0.0,0.0,0.0,0.0,0.0,0.0,0.0,0.0,0.0,0.0,0.0
Joint 1: ,1.1,1.212,1.172,0.998,0.824,0.824,0.581,0.581,0.346,0.346,0.133,0.133,-0.107,-0.341,-0.602,-0.863,-0.995,-1.137,-1.279,-1.19,-1.1,-1.1
Joint 2: ,0.0,0.0,0.0,0.0,0.0,0.0,0.0,0.0,0.0,0.0,0.0,0.0,0.0,0.0,0.0,0.0,0.0,0.0,0.0,0.0,0.0,0.0
Joint 3: ,0.1,0.339,0.725,0.958,1.19,1.19,1.273,1.273,1.305,1.305,1.42,1.42,1.449,1.456,1.322,1.188,0.851,0.594,0.338,0.119,-0.1,-0.1
Joint 4: ,0.0,0.0,0.0,0.0,0.0,0.0,0.0,0.0,0.0,0.0,0.0,0.0,0.0,0.0,0.0,0.0,0.0,0.0,0.0,0.0,0.0,0.0
Joint 5: ,0.2,0.1,0.002,0.001,0.0,0.0,0.0,0.0,0.0,0.0,0.0,0.0,0.0,0.0,0.0,0.0,0.0,0.0,0.0,-0.1,-0.199,-0.199
Joint 6: ,0.0,0.0,0.0,0.0,0.0,0.0,0.0,0.0,0.0,0.0,0.0,0.0,0.0,0.0,0.0,0.0,0.0,0.0,0.0,0.0,0.0,0.0
Trial,2,2D Sim,True,Distance Weight,0.85,Random Seed,30,Min Iterations,1200,Lazy,False,Distance cost,0.30868038780423246,Manip Cost,8.138255263323241,Total cost,1.483116619132084,Node cost function,True,Percent Manip Threshold,10,Update Path,True,Increasing weight,False,Parent finding radius R,0.6,Step Size,0.2,Goal Area Sample Probability,0.05,Goal Area Delta,0.6
Manipulability,0.081,0.121,0.208,0.208,0.245,0.202,0.178,0.184,0.214,0.248,0.248,0.221,0.168,0.102,0.024,0.079,0.079
Distance to Last Node,0.0,0.293,0.455,0.298,0.545,0.366,0.404,0.339,0.287,0.287,0.0,0.266,0.279,0.279,0.287,0.287,0.0
Joint 0: ,0.0,0.0,0.0,0.0,0.0,0.0,0.0,0.0,0.0,0.0,0.0,0.0,0.0,0.0,0.0,0.0,0.0
Joint 1: ,1.1,0.877,0.644,0.404,0.035,-0.329,-0.728,-1.062,-1.342,-1.622,-1.622,-1.587,-1.487,-1.388,-1.244,-1.1,-1.1
Joint 2: ,0.0,0.0,0.0,0.0,0.0,0.0,0.0,0.0,0.0,0.0,0.0,0.0,0.0,0.0,0.0,0.0,0.0
Joint 3: ,0.1,0.29,0.679,0.832,1.232,1.26,1.326,1.273,1.209,1.144,1.144,0.881,0.62,0.359,0.13,-0.099,-0.099
Joint 4: ,0.0,0.0,0.0,0.0,0.0,0.0,0.0,0.0,0.0,0.0,0.0,0.0,0.0,0.0,0.0,0.0,0.0
Joint 5: ,0.2,0.181,0.143,0.056,0.033,0.01,0.0,0.0,0.0,0.0,0.0,0.0,0.0,0.0,-0.097,-0.195,-0.195
Joint 6: ,0.0,0.0,0.0,0.0,0.0,0.0,0.0,0.0,0.0,0.0,0.0,0.0,0.0,0.0,0.0,0.0,0.0
Trial,3,2D Sim,True,Distance Weight,0.85,Random Seed,45,Min Iterations,1200,Lazy,False,Distance cost,0.45906563283218854,Manip Cost,5.0300933095360705,Total cost,1.144719784337771,Node cost function,True,Percent Manip Threshold,10,Update Path,True,Increasing weight,False,Parent finding radius R,0.6,Step Size,0.2,Goal Area Sample Probability,0.05,Goal Area Delta,0.6
Manipulability,0.081,0.075,0.147,0.204,0.204,0.234,0.267,0.282,0.282,0.263,0.232,0.232,0.212,0.168,0.165,0.197,0.222,0.228,0.228,0.234,0.219,0.219,0.234,0.246,0.246,0.272,0.285,0.285,0.291,0.274,0.274,0.26,0.238,0.177,0.127,0.081,0.081
Distance to Last Node,0.0,0.468,0.293,0.293,0.0,0.2,0.271,0.271,0.0,0.269,0.269,0.0,0.156,0.365,0.293,0.293,0.21,0.21,0.0,0.279,0.279,0.0,0.212,0.212,0.0,0.272,0.272,0.0,0.259,0.259,0.0,0.13,0.126,0.255,0.266,0.266,0.0
Joint 0: ,0.0,0.0,0.0,0.0,0.0,0.0,0.0,0.0,0.0,0.0,0.0,0.0,0.0,0.0,0.0,0.0,0.0,0.0,0.0,0.0,0.0,0.0,0.0,0.0,0.0,0.0,0.0,0.0,0.0,0.0,0.0,0.0,0.0,0.0,0.0,0.0,0.0
Joint 1: ,1.1,1.303,1.385,1.466,1.466,1.644,1.808,1.972,1.972,1.742,1.513,1.513,1.357,0.994,0.721,0.449,0.413,0.377,0.377,0.135,-0.107,-0.107,-0.309,-0.511,-0.511,-0.726,-0.942,-0.942,-1.061,-1.18,-1.18,-1.161,-1.142,-1.108,-1.104,-1.1,-1.1
Joint 2: ,0.0,0.0,0.0,0.0,0.0,0.0,0.0,0.0,0.0,0.0,0.0,0.0,0.0,0.0,0.0,0.0,0.0,0.0,0.0,0.0,0.0,0.0,0.0,0.0,0.0,0.0,0.0,0.0,0.0,0.0,0.0,0.0,0.0,0.0,0.0,0.0,0.0
Joint 3: ,0.1,-0.284,-0.566,-0.847,-0.847,-0.938,-1.154,-1.371,-1.371,-1.23,-1.089,-1.089,-1.077,-1.106,-1.215,-1.324,-1.531,-1.738,-1.738,-1.878,-2.018,-2.018,-1.954,-1.89,-1.89,-1.724,-1.558,-1.558,-1.328,-1.098,-1.098,-0.97,-0.845,-0.593,-0.346,-0.1,-0.1
Joint 4: ,0.0,0.0,0.0,0.0,0.0,0.0,0.0,0.0,0.0,0.0,0.0,0.0,0.0,0.0,0.0,0.0,0.0,0.0,0.0,0.0,0.0,0.0,0.0,0.0,0.0,0.0,0.0,0.0,0.0,0.0,0.0,0.0,0.0,0.0,0.0,0.0,0.0
Joint 5: ,0.2,0.026,0.013,0.0,0.0,0.0,0.0,0.0,0.0,0.0,0.0,0.0,0.0,0.0,0.0,0.0,0.0,0.0,0.0,0.0,0.0,0.0,0.0,0.0,0.0,0.0,0.0,0.0,0.0,0.0,0.0,0.0,0.0,0.0,-0.099,-0.198,-0.198
Joint 6: ,0.0,0.0,0.0,0.0,0.0,0.0,0.0,0.0,0.0,0.0,0.0,0.0,0.0,0.0,0.0,0.0,0.0,0.0,0.0,0.0,0.0,0.0,0.0,0.0,0.0,0.0,0.0,0.0,0.0,0.0,0.0,0.0,0.0,0.0,0.0,0.0,0.0
Trial,4,2D Sim,True,Distance Weight,0.85,Random Seed,60,Min Iterations,1200,Lazy,False,Distance cost,0.44125847519455086,Manip Cost,4.871475929164514,Total cost,1.1057910932900454,Node cost function,True,Percent Manip Threshold,10,Update Path,True,Increasing weight,False,Parent finding radius R,0.6,Step Size,0.2,Goal Area Sample Probability,0.05,Goal Area Delta,0.6
Manipulability,0.081,0.085,0.147,0.204,0.204,0.242,0.259,0.277,0.285,0.285,0.264,0.264,0.27,0.248,0.211,0.189,0.185,0.189,0.202,0.246,0.279,0.279,0.292,0.292,0.301,0.296,0.296,0.285,0.251,0.251,0.189,0.133,0.08,0.08
Distance to Last Node,0.0,0.54,0.27,0.27,0.0,0.265,0.266,0.246,0.246,0.0,0.271,0.0,0.04,0.252,0.296,0.296,0.267,0.246,0.246,0.292,0.292,0.0,0.222,0.0,0.291,0.291,0.0,0.14,0.29,0.0,0.257,0.295,0.295,0.0
Joint 0: ,0.0,0.0,0.0,0.0,0.0,0.0,0.0,0.0,0.0,0.0,0.0,0.0,0.0,0.0,0.0,0.0,0.0,0.0,0.0,0.0,0.0,0.0,0.0,0.0,0.0,0.0,0.0,0.0,0.0,0.0,0.0,0.0,0.0,0.0
Joint 1: ,1.1,1.419,1.558,1.696,1.696,1.66,1.704,1.918,2.132,2.132,1.862,1.862,1.889,1.643,1.363,1.082,0.864,0.627,0.389,0.114,-0.162,-0.162,-0.382,-0.382,-0.637,-0.892,-0.892,-0.841,-1.03,-1.03,-1.002,-1.051,-1.1,-1.1
Joint 2: ,0.0,0.0,0.0,0.0,0.0,0.0,0.0,0.0,0.0,0.0,0.0,0.0,0.0,0.0,0.0,0.0,0.0,0.0,0.0,0.0,0.0,0.0,0.0,0.0,0.0,0.0,0.0,0.0,0.0,0.0,0.0,0.0,0.0,0.0
Joint 3: ,0.1,-0.287,-0.518,-0.749,-0.749,-1.012,-1.274,-1.395,-1.516,-1.516,-1.493,-1.493,-1.464,-1.404,-1.499,-1.594,-1.441,-1.377,-1.313,-1.408,-1.502,-1.502,-1.533,-1.533,-1.393,-1.252,-1.252,-1.122,-0.902,-0.902,-0.646,-0.373,-0.099,-0.099
Joint 4: ,0.0,0.0,0.0,0.0,0.0,0.0,0.0,0.0,0.0,0.0,0.0,0.0,0.0,0.0,0.0,0.0,0.0,0.0,0.0,0.0,0.0,0.0,0.0,0.0,0.0,0.0,0.0,0.0,0.0,0.0,0.0,0.0,0.0,0.0
Joint 5: ,0.2,0.0,0.011,0.023,0.023,0.011,0.006,0.003,0.0,0.0,0.0,0.0,0.0,0.0,0.0,0.0,0.0,0.0,0.0,0.0,0.0,0.0,0.0,0.0,0.0,0.0,0.0,0.0,0.0,0.0,0.0,-0.098,-0.196,-0.196
Joint 6: ,0.0,0.0,0.0,0.0,0.0,0.0,0.0,0.0,0.0,0.0,0.0,0.0,0.0,0.0,0.0,0.0,0.0,0.0,0.0,0.0,0.0,0.0,0.0,0.0,0.0,0.0,0.0,0.0,0.0,0.0,0.0,0.0,0.0,0.0
Trial,5,2D Sim,True,Distance Weight,0.85,Random Seed,75,Min Iterations,1200,Lazy,False,Distance cost,0.34663072730554,Manip Cost,7.2039147094030325,Total cost,1.3752233246201642,Node cost function,True,Percent Manip Threshold,10,Update Path,True,Increasing weight,False,Parent finding radius R,0.6,Step Size,0.2,Goal Area Sample Probability,0.05,Goal Area Delta,0.6
Manipulability,0.081,0.163,0.206,0.24,0.242,0.24,0.223,0.207,0.194,0.186,0.19,0.224,0.253,0.259,0.259,0.214,0.162,0.106,0.025,0.078,0.078
Distance to Last Node,0.0,0.378,0.299,0.299,0.292,0.246,0.445,0.299,0.247,0.247,0.27,0.288,0.278,0.278,0.0,0.283,0.249,0.249,0.3,0.3,0.0
Joint 0: ,0.0,0.0,0.0,0.0,0.0,0.0,0.0,0.0,0.0,0.0,0.0,0.0,0.0,0.0,0.0,0.0,0.0,0.0,0.0,0.0,0.0
Joint 1: ,1.1,0.929,0.742,0.556,0.305,0.097,-0.29,-0.558,-0.791,-1.023,-1.292,-1.504,-1.655,-1.805,-1.805,-1.716,-1.574,-1.432,-1.267,-1.102,-1.102
Joint 2: ,0.0,0.0,0.0,0.0,0.0,0.0,0.0,0.0,0.0,0.0,0.0,0.0,0.0,0.0,0.0,0.0,0.0,0.0,0.0,0.0,0.0
Joint 3: ,0.1,0.436,0.664,0.893,1.039,1.168,1.387,1.519,1.603,1.686,1.706,1.511,1.277,1.043,1.043,0.774,0.569,0.364,0.133,-0.098,-0.098
Joint 4: ,0.0,0.0,0.0,0.0,0.0,0.0,0.0,0.0,0.0,0.0,0.0,0.0,0.0,0.0,0.0,0.0,0.0,0.0,0.0,0.0,0.0
Joint 5: ,0.2,0.165,0.118,0.071,0.036,0.018,0.0,0.0,0.0,0.0,0.0,0.0,0.0,0.0,0.0,0.0,0.0,0.0,-0.096,-0.192,-0.192
Joint 6: ,0.0,0.0,0.0,0.0,0.0,0.0,0.0,0.0,0.0,0.0,0.0,0.0,0.0,0.0,0.0,0.0,0.0,0.0,0.0,0.0,0.0
Trial,1,2D Sim,True,Distance Weight,0.8,Random Seed,15,Min Iterations,1200,Lazy,False,Distance cost,0.338714058760263,Manip Cost,6.893908594224763,Total cost,1.6497529658531627,Node cost function,True,Percent Manip Threshold,10,Update Path,True,Increasing weight,False,Parent finding radius R,0.6,Step Size,0.2,Goal Area Sample Probability,0.05,Goal Area Delta,0.6
Manipulability,0.081,0.128,0.212,0.24,0.259,0.295,0.297,0.297,0.299,0.294,0.294,0.283,0.283,0.273,0.273,0.25,0.224,0.184,0.165,0.145,0.132,0.092,0.021,0.081,0.081
Distance to Last Node,0.0,0.282,0.4,0.27,0.27,0.253,0.253,0.0,0.159,0.236,0.0,0.237,0.0,0.242,0.0,0.242,0.234,0.293,0.293,0.362,0.293,0.293,0.257,0.257,0.0
Joint 0: ,0.0,0.0,0.0,0.0,0.0,0.0,0.0,0.0,0.0,0.0,0.0,0.0,0.0,0.0,0.0,0.0,0.0,0.0,0.0,0.0,0.0,0.0,0.0,0.0,0.0
Joint 1: ,1.1,1.212,1.172,0.936,0.7,0.759,0.817,0.817,0.659,0.581,0.581,0.346,0.346,0.133,0.133,-0.107,-0.341,-0.602,-0.863,-0.995,-1.137,-1.279,-1.19,-1.1,-1.1
Joint 2: ,0.0,0.0,0.0,0.0,0.0,0.0,0.0,0.0,0.0,0.0,0.0,0.0,0.0,0.0,0.0,0.0,0.0,0.0,0.0,0.0,0.0,0.0,0.0,0.0,0.0
Joint 3: ,0.1,0.339,0.725,0.857,0.988,1.235,1.481,1.481,1.495,1.273,1.273,1.305,1.305,1.42,1.42,1.449,1.456,1.322,1.188,0.851,0.594,0.338,0.119,-0.1,-0.1
Joint 4: ,0.0,0.0,0.0,0.0,0.0,0.0,0.0,0.0,0.0,0.0,0.0,0.0,0.0,0.0,0.0,0.0,0.0,0.0,0.0,0.0,0.0,0.0,0.0,0.0,0.0
Joint 5: ,0.2,0.1,0.002,0.001,0.0,0.0,0.0,0.0,0.0,0.0,0.0,0.0,0.0,0.0,0.0,0.0,0.0,0.0,0.0,0.0,0.0,0.0,-0.1,-0.199,-0.199
Joint 6: ,0.0,0.0,0.0,0.0,0.0,0.0,0.0,0.0,0.0,0.0,0.0,0.0,0.0,0.0,0.0,0.0,0.0,0.0,0.0,0.0,0.0,0.0,0.0,0.0,0.0
Trial,2,2D Sim,True,Distance Weight,0.8,Random Seed,30,Min Iterations,1200,Lazy,False,Distance cost,0.32416018794453916,Manip Cost,7.4128607945881075,Total cost,1.7419003092732526,Node cost function,True,Percent Manip Threshold,10,Update Path,True,Increasing weight,False,Parent finding radius R,0.6,Step Size,0.2,Goal Area Sample Probability,0.05,Goal Area Delta,0.6
Manipulability,0.081,0.121,0.208,0.248,0.285,0.291,0.291,0.272,0.241,0.204,0.178,0.178,0.204,0.224,0.224,0.172,0.102,0.024,0.079,0.079
Distance to Last Node,0.0,0.293,0.455,0.456,0.252,0.252,0.0,0.26,0.274,0.28,0.28,0.286,0.286,0.365,0.0,0.298,0.298,0.287,0.287,0.0
Joint 0: ,0.0,0.0,0.0,0.0,0.0,0.0,0.0,0.0,0.0,0.0,0.0,0.0,0.0,0.0,0.0,0.0,0.0,0.0,0.0,0.0
Joint 1: ,1.1,0.877,0.644,0.367,0.352,0.337,0.337,0.098,-0.175,-0.452,-0.728,-1.001,-1.274,-1.557,-1.557,-1.472,-1.388,-1.244,-1.1,-1.1
Joint 2: ,0.0,0.0,0.0,0.0,0.0,0.0,0.0,0.0,0.0,0.0,0.0,0.0,0.0,0.0,0.0,0.0,0.0,0.0,0.0,0.0
Joint 3: ,0.1,0.29,0.679,1.029,1.28,1.531,1.531,1.429,1.419,1.372,1.326,1.242,1.159,0.929,0.929,0.644,0.359,0.13,-0.099,-0.099
Joint 4: ,0.0,0.0,0.0,0.0,0.0,0.0,0.0,0.0,0.0,0.0,0.0,0.0,0.0,0.0,0.0,0.0,0.0,0.0,0.0,0.0
Joint 5: ,0.2,0.181,0.143,0.049,0.04,0.031,0.031,0.024,0.012,0.006,0.0,0.0,0.0,0.0,0.0,0.0,0.0,-0.097,-0.195,-0.195
Joint 6: ,0.0,0.0,0.0,0.0,0.0,0.0,0.0,0.0,0.0,0.0,0.0,0.0,0.0,0.0,0.0,0.0,0.0,0.0,0.0,0.0
Trial,3,2D Sim,True,Distance Weight,0.8,Random Seed,45,Min Iterations,1200,Lazy,False,Distance cost,0.46897874479419027,Manip Cost,4.97519165892838,Total cost,1.370221327621028,Node cost function,True,Percent Manip Threshold,10,Update Path,True,Increasing weight,False,Parent finding radius R,0.6,Step Size,0.2,Goal Area Sample Probability,0.05,Goal Area Delta,0.6
Manipulability,0.081,0.075,0.147,0.204,0.204,0.234,0.267,0.282,0.282,0.263,0.232,0.232,0.212,0.168,0.165,0.197,0.222,0.228,0.228,0.234,0.219,0.219,0.234,0.246,0.246,0.272,0.285,0.285,0.299,0.286,0.286,0.281,0.247,0.247,0.181,0.13,0.081,0.081
Distance to Last Node,0.0,0.468,0.293,0.293,0.0,0.2,0.271,0.271,0.0,0.269,0.269,0.0,0.156,0.365,0.293,0.293,0.21,0.21,0.0,0.279,0.279,0.0,0.212,0.212,0.0,0.272,0.272,0.0,0.226,0.226,0.0,0.202,0.235,0.0,0.271,0.275,0.275,0.0
Joint 0: ,0.0,0.0,0.0,0.0,0.0,0.0,0.0,0.0,0.0,0.0,0.0,0.0,0.0,0.0,0.0,0.0,0.0,0.0,0.0,0.0,0.0,0.0,0.0,0.0,0.0,0.0,0.0,0.0,0.0,0.0,0.0,0.0,0.0,0.0,0.0,0.0,0.0,0.0
Joint 1: ,1.1,1.303,1.385,1.466,1.466,1.644,1.808,1.972,1.972,1.742,1.513,1.513,1.357,0.994,0.721,0.449,0.413,0.377,0.377,0.135,-0.107,-0.107,-0.309,-0.511,-0.511,-0.726,-0.942,-0.942,-0.864,-0.786,-0.786,-0.985,-1.083,-1.083,-1.078,-1.089,-1.1,-1.1
Joint 2: ,0.0,0.0,0.0,0.0,0.0,0.0,0.0,0.0,0.0,0.0,0.0,0.0,0.0,0.0,0.0,0.0,0.0,0.0,0.0,0.0,0.0,0.0,0.0,0.0,0.0,0.0,0.0,0.0,0.0,0.0,0.0,0.0,0.0,0.0,0.0,0.0,0.0,0.0
Joint 3: ,0.1,-0.284,-0.566,-0.847,-0.847,-0.938,-1.154,-1.371,-1.371,-1.23,-1.089,-1.089,-1.077,-1.106,-1.215,-1.324,-1.531,-1.738,-1.738,-1.878,-2.018,-2.018,-1.954,-1.89,-1.89,-1.724,-1.558,-1.558,-1.346,-1.134,-1.134,-1.097,-0.883,-0.883,-0.612,-0.356,-0.1,-0.1
Joint 4: ,0.0,0.0,0.0,0.0,0.0,0.0,0.0,0.0,0.0,0.0,0.0,0.0,0.0,0.0,0.0,0.0,0.0,0.0,0.0,0.0,0.0,0.0,0.0,0.0,0.0,0.0,0.0,0.0,0.0,0.0,0.0,0.0,0.0,0.0,0.0,0.0,0.0,0.0
Joint 5: ,0.2,0.026,0.013,0.0,0.0,0.0,0.0,0.0,0.0,0.0,0.0,0.0,0.0,0.0,0.0,0.0,0.0,0.0,0.0,0.0,0.0,0.0,0.0,0.0,0.0,0.0,0.0,0.0,0.0,0.0,0.0,0.0,0.0,0.0,0.0,-0.099,-0.198,-0.198
Joint 6: ,0.0,0.0,0.0,0.0,0.0,0.0,0.0,0.0,0.0,0.0,0.0,0.0,0.0,0.0,0.0,0.0,0.0,0.0,0.0,0.0,0.0,0.0,0.0,0.0,0.0,0.0,0.0,0.0,0.0,0.0,0.0,0.0,0.0,0.0,0.0,0.0,0.0,0.0
Trial,4,2D Sim,True,Distance Weight,0.8,Random Seed,60,Min Iterations,1200,Lazy,False,Distance cost,0.2725294565126292,Manip Cost,8.013844809947614,Total cost,1.820792527199626,Node cost function,True,Percent Manip Threshold,10,Update Path,True,Increasing weight,False,Parent finding radius R,0.6,Step Size,0.2,Goal Area Sample Probability,0.05,Goal Area Delta,0.6
Manipulability,0.081,0.154,0.22,0.235,0.234,0.225,0.214,0.204,0.181,0.165,0.164,0.148,0.105,0.028,0.08,0.08
Distance to Last Node,0.0,0.447,0.397,0.269,0.233,0.216,0.216,0.434,0.273,0.287,0.287,0.276,0.231,0.279,0.279,0.0
Joint 0: ,0.0,0.0,0.0,0.0,0.0,0.0,0.0,0.0,0.0,0.0,0.0,0.0,0.0,0.0,0.0,0.0
Joint 1: ,1.1,0.977,0.711,0.481,0.27,0.069,-0.132,-0.503,-0.77,-0.938,-1.105,-1.217,-1.216,-1.158,-1.1,-1.1
Joint 2: ,0.0,0.0,0.0,0.0,0.0,0.0,0.0,0.0,0.0,0.0,0.0,0.0,0.0,0.0,0.0,0.0
Joint 3: ,0.1,0.498,0.793,0.933,1.032,1.112,1.191,1.416,1.361,1.128,0.894,0.642,0.411,0.156,-0.099,-0.099
Joint 4: ,0.0,0.0,0.0,0.0,0.0,0.0,0.0,0.0,0.0,0.0,0.0,0.0,0.0,0.0,0.0,0.0
Joint 5: ,0.2,0.038,0.03,0.025,0.021,0.018,0.014,0.008,0.005,0.003,0.0,0.0,0.0,-0.098,-0.196,-0.196
Joint 6: ,0.0,0.0,0.0,0.0,0.0,0.0,0.0,0.0,0.0,0.0,0.0,0.0,0.0,0.0,0.0,0.0
Trial,5,2D Sim,True,Distance Weight,0.8,Random Seed,75,Min Iterations,1200,Lazy,False,Distance cost,0.3505931611054995,Manip Cost,7.046738440872663,Total cost,1.689822217058932,Node cost function,True,Percent Manip Threshold,10,Update Path,True,Increasing weight,False,Parent finding radius R,0.6,Step Size,0.2,Goal Area Sample Probability,0.05,Goal Area Delta,0.6
Manipulability,0.081,0.163,0.206,0.24,0.242,0.24,0.223,0.207,0.194,0.186,0.19,0.224,0.253,0.259,0.259,0.214,0.149,0.11,0.027,0.079,0.079
Distance to Last Node,0.0,0.378,0.299,0.299,0.292,0.246,0.445,0.299,0.247,0.247,0.27,0.288,0.278,0.278,0.0,0.283,0.283,0.281,0.297,0.297,0.0
Joint 0: ,0.0,0.0,0.0,0.0,0.0,0.0,0.0,0.0,0.0,0.0,0.0,0.0,0.0,0.0,0.0,0.0,0.0,0.0,0.0,0.0,0.0
Joint 1: ,1.1,0.929,0.742,0.556,0.305,0.097,-0.29,-0.558,-0.791,-1.023,-1.292,-1.504,-1.655,-1.805,-1.805,-1.716,-1.626,-1.37,-1.234,-1.098,-1.098
Joint 2: ,0.0,0.0,0.0,0.0,0.0,0.0,0.0,0.0,0.0,0.0,0.0,0.0,0.0,0.0,0.0,0.0,0.0,0.0,0.0,0.0,0.0
Joint 3: ,0.1,0.436,0.664,0.893,1.039,1.168,1.387,1.519,1.603,1.686,1.706,1.511,1.277,1.043,1.043,0.774,0.506,0.39,0.144,-0.102,-0.102
Joint 4: ,0.0,0.0,0.0,0.0,0.0,0.0,0.0,0.0,0.0,0.0,0.0,0.0,0.0,0.0,0.0,0.0,0.0,0.0,0.0,0.0,0.0
Joint 5: ,0.2,0.165,0.118,0.071,0.036,0.018,0.0,0.0,0.0,0.0,0.0,0.0,0.0,0.0,0.0,0.0,0.0,0.0,-0.096,-0.191,-0.191
Joint 6: ,0.0,0.0,0.0,0.0,0.0,0.0,0.0,0.0,0.0,0.0,0.0,0.0,0.0,0.0,0.0,0.0,0.0,0.0,0.0,0.0,0.0
Trial,1,2D Sim,True,Distance Weight,0.7,Random Seed,15,Min Iterations,1200,Lazy,False,Distance cost,0.49352590705449856,Manip Cost,4.8633098685899965,Total cost,1.804461095515148,Node cost function,True,Percent Manip Threshold,10,Update Path,True,Increasing weight,False,Parent finding radius R,0.6,Step Size,0.2,Goal Area Sample Probability,0.05,Goal Area Delta,0.6
Manipulability,0.081,0.082,0.153,0.167,0.16,0.175,0.238,0.238,0.249,0.268,0.293,0.279,0.279,0.273,0.259,0.259,0.29,0.29,0.284,0.273,0.273,0.3,0.286,0.286,0.299,0.297,0.297,0.274,0.229,0.229,0.152,0.115,0.081,0.081
Distance to Last Node,0.0,0.571,0.296,0.292,0.292,0.481,0.469,0.0,0.409,0.255,0.264,0.264,0.0,0.236,0.236,0.0,0.413,0.0,0.239,0.369,0.0,0.283,0.283,0.0,0.162,0.27,0.0,0.272,0.272,0.0,0.294,0.275,0.275,0.0
Joint 0: ,0.0,0.0,0.0,0.0,0.0,0.0,0.0,0.0,0.0,0.0,0.0,0.0,0.0,0.0,0.0,0.0,0.0,0.0,0.0,0.0,0.0,0.0,0.0,0.0,0.0,0.0,0.0,0.0,0.0,0.0,0.0,0.0,0.0,0.0
Joint 1: ,1.1,1.486,1.443,1.233,1.023,0.654,0.274,0.274,-0.036,-0.284,-0.391,-0.497,-0.497,-0.262,-0.027,-0.027,-0.406,-0.406,-0.297,-0.558,-0.558,-0.731,-0.903,-0.903,-0.81,-0.562,-0.562,-0.678,-0.793,-0.793,-0.841,-0.97,-1.1,-1.1
Joint 2: ,0.0,0.0,0.0,0.0,0.0,0.0,0.0,0.0,0.0,0.0,0.0,0.0,0.0,0.0,0.0,0.0,0.0,0.0,0.0,0.0,0.0,0.0,0.0,0.0,0.0,0.0,0.0,0.0,0.0,0.0,0.0,0.0,0.0,0.0
Joint 3: ,0.1,-0.271,-0.564,-0.766,-0.968,-1.278,-1.553,-1.553,-1.286,-1.225,-1.466,-1.707,-1.707,-1.729,-1.75,-1.75,-1.587,-1.587,-1.374,-1.113,-1.113,-1.339,-1.564,-1.564,-1.431,-1.324,-1.324,-1.078,-0.831,-0.831,-0.542,-0.321,-0.1,-0.1
Joint 4: ,0.0,0.0,0.0,0.0,0.0,0.0,0.0,0.0,0.0,0.0,0.0,0.0,0.0,0.0,0.0,0.0,0.0,0.0,0.0,0.0,0.0,0.0,0.0,0.0,0.0,0.0,0.0,0.0,0.0,0.0,0.0,0.0,0.0,0.0
Joint 5: ,0.2,0.0,0.0,0.0,0.0,0.0,0.0,0.0,0.0,0.0,0.0,0.0,0.0,0.0,0.0,0.0,0.0,0.0,0.0,0.0,0.0,0.0,0.0,0.0,0.0,0.0,0.0,0.0,0.0,0.0,0.0,-0.1,-0.199,-0.199
Joint 6: ,0.0,0.0,0.0,0.0,0.0,0.0,0.0,0.0,0.0,0.0,0.0,0.0,0.0,0.0,0.0,0.0,0.0,0.0,0.0,0.0,0.0,0.0,0.0,0.0,0.0,0.0,0.0,0.0,0.0,0.0,0.0,0.0,0.0,0.0
Trial,2,2D Sim,True,Distance Weight,0.7,Random Seed,30,Min Iterations,1200,Lazy,False,Distance cost,0.34830355196800844,Manip Cost,7.021014188412473,Total cost,2.3501167429013483,Node cost function,True,Percent Manip Threshold,10,Update Path,True,Increasing weight,False,Parent finding radius R,0.6,Step Size,0.2,Goal Area Sample Probability,0.05,Goal Area Delta,0.6
Manipulability,0.081,0.121,0.208,0.248,0.285,0.291,0.291,0.278,0.278,0.296,0.275,0.275,0.258,0.234,0.207,0.165,0.153,0.157,0.102,0.024,0.079,0.079
Distance to Last Node,0.0,0.293,0.455,0.456,0.252,0.252,0.0,0.302,0.0,0.174,0.21,0.0,0.204,0.299,0.299,0.287,0.287,0.552,0.377,0.287,0.287,0.0
Joint 0: ,0.0,0.0,0.0,0.0,0.0,0.0,0.0,0.0,0.0,0.0,0.0,0.0,0.0,0.0,0.0,0.0,0.0,0.0,0.0,0.0,0.0,0.0
Joint 1: ,1.1,0.877,0.644,0.367,0.352,0.337,0.337,0.384,0.384,0.503,0.499,0.499,0.295,0.002,-0.291,-0.562,-0.834,-1.227,-1.388,-1.244,-1.1,-1.1
Joint 2: ,0.0,0.0,0.0,0.0,0.0,0.0,0.0,0.0,0.0,0.0,0.0,0.0,0.0,0.0,0.0,0.0,0.0,0.0,0.0,0.0,0.0,0.0
Joint 3: ,0.1,0.29,0.679,1.029,1.28,1.531,1.531,1.234,1.234,1.36,1.15,1.15,1.155,1.214,1.273,1.18,1.086,0.699,0.359,0.13,-0.099,-0.099
Joint 4: ,0.0,0.0,0.0,0.0,0.0,0.0,0.0,0.0,0.0,0.0,0.0,0.0,0.0,0.0,0.0,0.0,0.0,0.0,0.0,0.0,0.0,0.0
Joint 5: ,0.2,0.181,0.143,0.049,0.04,0.031,0.031,0.0,0.0,0.0,0.0,0.0,0.0,0.0,0.0,0.0,0.0,0.0,0.0,-0.097,-0.195,-0.195
Joint 6: ,0.0,0.0,0.0,0.0,0.0,0.0,0.0,0.0,0.0,0.0,0.0,0.0,0.0,0.0,0.0,0.0,0.0,0.0,0.0,0.0,0.0,0.0
Trial,3,2D Sim,True,Distance Weight,0.7,Random Seed,45,Min Iterations,1200,Lazy,False,Distance cost,0.48255863795836024,Manip Cost,4.94680626449598,Total cost,1.8218329259196464,Node cost function,True,Percent Manip Threshold,10,Update Path,True,Increasing weight,False,Parent finding radius R,0.6,Step Size,0.2,Goal Area Sample Probability,0.05,Goal Area Delta,0.6
Manipulability,0.081,0.075,0.147,0.204,0.204,0.234,0.267,0.282,0.282,0.263,0.232,0.232,0.212,0.168,0.165,0.197,0.222,0.228,0.228,0.234,0.219,0.234,0.246,0.246,0.272,0.285,0.285,0.299,0.286,0.286,0.274,0.274,0.26,0.247,0.181,0.13,0.081,0.081
Distance to Last Node,0.0,0.468,0.293,0.293,0.0,0.2,0.271,0.271,0.0,0.269,0.269,0.0,0.156,0.365,0.293,0.293,0.21,0.21,0.0,0.279,0.279,0.212,0.212,0.0,0.272,0.272,0.0,0.226,0.226,0.0,0.395,0.0,0.13,0.117,0.271,0.275,0.275,0.0
Joint 0: ,0.0,0.0,0.0,0.0,0.0,0.0,0.0,0.0,0.0,0.0,0.0,0.0,0.0,0.0,0.0,0.0,0.0,0.0,0.0,0.0,0.0,0.0,0.0,0.0,0.0,0.0,0.0,0.0,0.0,0.0,0.0,0.0,0.0,0.0,0.0,0.0,0.0,0.0
Joint 1: ,1.1,1.303,1.385,1.466,1.466,1.644,1.808,1.972,1.972,1.742,1.513,1.513,1.357,0.994,0.721,0.449,0.413,0.377,0.377,0.135,-0.107,-0.309,-0.511,-0.511,-0.726,-0.942,-0.942,-0.864,-0.786,-0.786,-1.18,-1.18,-1.161,-1.083,-1.078,-1.089,-1.1,-1.1
Joint 2: ,0.0,0.0,0.0,0.0,0.0,0.0,0.0,0.0,0.0,0.0,0.0,0.0,0.0,0.0,0.0,0.0,0.0,0.0,0.0,0.0,0.0,0.0,0.0,0.0,0.0,0.0,0.0,0.0,0.0,0.0,0.0,0.0,0.0,0.0,0.0,0.0,0.0,0.0
Joint 3: ,0.1,-0.284,-0.566,-0.847,-0.847,-0.938,-1.154,-1.371,-1.371,-1.23,-1.089,-1.089,-1.077,-1.106,-1.215,-1.324,-1.531,-1.738,-1.738,-1.878,-2.018,-1.954,-1.89,-1.89,-1.724,-1.558,-1.558,-1.346,-1.134,-1.134,-1.098,-1.098,-0.97,-0.883,-0.612,-0.356,-0.1,-0.1
Joint 4: ,0.0,0.0,0.0,0.0,0.0,0.0,0.0,0.0,0.0,0.0,0.0,0.0,0.0,0.0,0.0,0.0,0.0,0.0,0.0,0.0,0.0,0.0,0.0,0.0,0.0,0.0,0.0,0.0,0.0,0.0,0.0,0.0,0.0,0.0,0.0,0.0,0.0,0.0
Joint 5: ,0.2,0.026,0.013,0.0,0.0,0.0,0.0,0.0,0.0,0.0,0.0,0.0,0.0,0.0,0.0,0.0,0.0,0.0,0.0,0.0,0.0,0.0,0.0,0.0,0.0,0.0,0.0,0.0,0.0,0.0,0.0,0.0,0.0,0.0,0.0,-0.099,-0.198,-0.198
Joint 6: ,0.0,0.0,0.0,0.0,0.0,0.0,0.0,0.0,0.0,0.0,0.0,0.0,0.0,0.0,0.0,0.0,0.0,0.0,0.0,0.0,0.0,0.0,0.0,0.0,0.0,0.0,0.0,0.0,0.0,0.0,0.0,0.0,0.0,0.0,0.0,0.0,0.0,0.0
Trial,4,2D Sim,True,Distance Weight,0.7,Random Seed,60,Min Iterations,1200,Lazy,False,Distance cost,0.5656347391832512,Manip Cost,4.759686139748973,Total cost,1.823850159352968,Node cost function,True,Percent Manip Threshold,10,Update Path,True,Increasing weight,False,Parent finding radius R,0.6,Step Size,0.2,Goal Area Sample Probability,0.05,Goal Area Delta,0.6
Manipulability,0.081,0.058,0.129,0.182,0.221,0.221,0.242,0.258,0.277,0.282,0.263,0.263,0.294,0.294,0.276,0.25,0.25,0.249,0.249,0.285,0.285,0.264,0.264,0.27,0.248,0.211,0.189,0.185,0.189,0.202,0.246,0.279,0.279,0.292,0.292,0.301,0.296,0.296,0.285,0.251,0.251,0.189,0.133,0.08,0.08
Distance to Last Node,0.0,0.498,0.258,0.258,0.39,0.0,0.2,0.2,0.2,0.117,0.305,0.0,0.368,0.0,0.258,0.258,0.0,0.29,0.0,0.384,0.0,0.271,0.0,0.04,0.252,0.296,0.296,0.267,0.246,0.246,0.292,0.292,0.0,0.222,0.0,0.291,0.291,0.0,0.14,0.29,0.0,0.257,0.295,0.295,0.0
Joint 0: ,0.0,0.0,0.0,0.0,0.0,0.0,0.0,0.0,0.0,0.0,0.0,0.0,0.0,0.0,0.0,0.0,0.0,0.0,0.0,0.0,0.0,0.0,0.0,0.0,0.0,0.0,0.0,0.0,0.0,0.0,0.0,0.0,0.0,0.0,0.0,0.0,0.0,0.0,0.0,0.0,0.0,0.0,0.0,0.0,0.0
Joint 1: ,1.1,1.426,1.411,1.395,1.411,1.411,1.599,1.699,1.897,1.994,1.778,1.778,2.138,2.138,1.88,1.623,1.623,1.748,1.748,2.132,2.132,1.862,1.862,1.889,1.643,1.363,1.082,0.864,0.627,0.389,0.114,-0.162,-0.162,-0.382,-0.382,-0.637,-0.892,-0.892,-0.841,-1.03,-1.03,-1.002,-1.051,-1.1,-1.1
Joint 2: ,0.0,0.0,0.0,0.0,0.0,0.0,0.0,0.0,0.0,0.0,0.0,0.0,0.0,0.0,0.0,0.0,0.0,0.0,0.0,0.0,0.0,0.0,0.0,0.0,0.0,0.0,0.0,0.0,0.0,0.0,0.0,0.0,0.0,0.0,0.0,0.0,0.0,0.0,0.0,0.0,0.0,0.0,0.0,0.0,0.0
Joint 3: ,0.1,-0.265,-0.52,-0.776,-1.165,-1.165,-1.098,-1.271,-1.242,-1.177,-1.391,-1.391,-1.316,-1.316,-1.295,-1.274,-1.274,-1.536,-1.536,-1.516,-1.516,-1.493,-1.493,-1.464,-1.404,-1.499,-1.594,-1.441,-1.377,-1.313,-1.408,-1.502,-1.502,-1.533,-1.533,-1.393,-1.252,-1.252,-1.122,-0.902,-0.902,-0.646,-0.373,-0.099,-0.099
Joint 4: ,0.0,0.0,0.0,0.0,0.0,0.0,0.0,0.0,0.0,0.0,0.0,0.0,0.0,0.0,0.0,0.0,0.0,0.0,0.0,0.0,0.0,0.0,0.0,0.0,0.0,0.0,0.0,0.0,0.0,0.0,0.0,0.0,0.0,0.0,0.0,0.0,0.0,0.0,0.0,0.0,0.0,0.0,0.0,0.0,0.0
Joint 5: ,0.2,0.108,0.073,0.038,0.013,0.013,0.008,0.006,0.004,0.0,0.0,0.0,0.0,0.0,0.0,0.0,0.0,0.0,0.0,0.0,0.0,0.0,0.0,0.0,0.0,0.0,0.0,0.0,0.0,0.0,0.0,0.0,0.0,0.0,0.0,0.0,0.0,0.0,0.0,0.0,0.0,0.0,-0.098,-0.196,-0.196
Joint 6: ,0.0,0.0,0.0,0.0,0.0,0.0,0.0,0.0,0.0,0.0,0.0,0.0,0.0,0.0,0.0,0.0,0.0,0.0,0.0,0.0,0.0,0.0,0.0,0.0,0.0,0.0,0.0,0.0,0.0,0.0,0.0,0.0,0.0,0.0,0.0,0.0,0.0,0.0,0.0,0.0,0.0,0.0,0.0,0.0,0.0
Trial,5,2D Sim,True,Distance Weight,0.7,Random Seed,75,Min Iterations,1200,Lazy,False,Distance cost,0.3505931611054995,Manip Cost,7.046738440872663,Total cost,2.359436745035649,Node cost function,True,Percent Manip Threshold,10,Update Path,True,Increasing weight,False,Parent finding radius R,0.6,Step Size,0.2,Goal Area Sample Probability,0.05,Goal Area Delta,0.6
Manipulability,0.081,0.163,0.206,0.24,0.242,0.24,0.223,0.207,0.194,0.186,0.19,0.224,0.253,0.259,0.259,0.214,0.149,0.11,0.027,0.079,0.079
Distance to Last Node,0.0,0.378,0.299,0.299,0.292,0.246,0.445,0.299,0.247,0.247,0.27,0.288,0.278,0.278,0.0,0.283,0.283,0.281,0.297,0.297,0.0
Joint 0: ,0.0,0.0,0.0,0.0,0.0,0.0,0.0,0.0,0.0,0.0,0.0,0.0,0.0,0.0,0.0,0.0,0.0,0.0,0.0,0.0,0.0
Joint 1: ,1.1,0.929,0.742,0.556,0.305,0.097,-0.29,-0.558,-0.791,-1.023,-1.292,-1.504,-1.655,-1.805,-1.805,-1.716,-1.626,-1.37,-1.234,-1.098,-1.098
Joint 2: ,0.0,0.0,0.0,0.0,0.0,0.0,0.0,0.0,0.0,0.0,0.0,0.0,0.0,0.0,0.0,0.0,0.0,0.0,0.0,0.0,0.0
Joint 3: ,0.1,0.436,0.664,0.893,1.039,1.168,1.387,1.519,1.603,1.686,1.706,1.511,1.277,1.043,1.043,0.774,0.506,0.39,0.144,-0.102,-0.102
Joint 4: ,0.0,0.0,0.0,0.0,0.0,0.0,0.0,0.0,0.0,0.0,0.0,0.0,0.0,0.0,0.0,0.0,0.0,0.0,0.0,0.0,0.0
Joint 5: ,0.2,0.165,0.118,0.071,0.036,0.018,0.0,0.0,0.0,0.0,0.0,0.0,0.0,0.0,0.0,0.0,0.0,0.0,-0.096,-0.191,-0.191
Joint 6: ,0.0,0.0,0.0,0.0,0.0,0.0,0.0,0.0,0.0,0.0,0.0,0.0,0.0,0.0,0.0,0.0,0.0,0.0,0.0,0.0,0.0
