Trial,5,2D Sim,True,Distance Weight,0.9,Random Seed,75,Min Iterations,1200,Lazy,False,Distance cost,0.22630681974590794,Manip Cost,9.253404447697985,Total cost,0.551282334352183,Node cost function,True,Percent Manip Threshold,20,Update Path,False,Increasing weight,True,Parent finding radius R,0.6,Step Size,0.2,Goal Area Sample Probability,0.05,Goal Area Delta,0.6
Manipulability,0.081,0.122,0.163,0.193,0.211,0.224,0.232,0.218,0.202,0.183,0.165,0.152,0.123,0.112,0.114,0.106,0.093,0.05,0.022,0.078
Distance to Last Node,0.0,0.189,0.189,0.199,0.195,0.194,0.194,0.147,0.147,0.176,0.176,0.176,0.19,0.19,0.19,0.16,0.16,0.184,0.184,0.184
Joint 0: ,0.0,0.0,0.0,0.0,0.0,0.0,0.0,0.0,0.0,0.0,0.0,0.0,0.0,0.0,0.0,0.0,0.0,0.0,0.0,0.0
Joint 1: ,1.1,1.015,0.929,0.805,0.672,0.525,0.368,0.222,0.077,-0.098,-0.273,-0.448,-0.592,-0.736,-0.88,-0.957,-1.035,-1.057,-1.079,-1.101
Joint 2: ,0.0,0.0,0.0,0.0,0.0,0.0,0.0,0.0,0.0,0.0,0.0,0.0,0.0,0.0,0.0,0.0,0.0,0.0,0.0,0.0
Joint 3: ,0.1,0.268,0.436,0.588,0.723,0.846,0.959,0.98,1.001,1.023,1.046,1.068,0.943,0.818,0.694,0.554,0.415,0.244,0.073,-0.097
Joint 4: ,0.0,0.0,0.0,0.0,0.0,0.0,0.0,0.0,0.0,0.0,0.0,0.0,0.0,0.0,0.0,0.0,0.0,0.0,0.0,0.0
Joint 5: ,0.2,0.183,0.165,0.134,0.089,0.06,0.04,0.03,0.02,0.013,0.007,0.0,0.0,0.0,0.0,0.0,0.0,-0.064,-0.127,-0.191
Joint 6: ,0.0,0.0,0.0,0.0,0.0,0.0,0.0,0.0,0.0,0.0,0.0,0.0,0.0,0.0,0.0,0.0,0.0,0.0,0.0,0.0
Trial,1,2D Sim,True,Distance Weight,0.9,Random Seed,15,Min Iterations,1200,Lazy,False,Distance cost,0.22936503073475548,Manip Cost,9.575782368560013,Total cost,0.565836054896465,Node cost function,True,Percent Manip Threshold,20,Update Path,False,Increasing weight,True,Parent finding radius R,0.6,Step Size,0.2,Goal Area Sample Probability,0.05,Goal Area Delta,0.6
Manipulability,0.081,0.097,0.11,0.148,0.164,0.177,0.188,0.199,0.177,0.158,0.147,0.131,0.134,0.128,0.12,0.103,0.055,0.023,0.081
Distance to Last Node,0.0,0.193,0.193,0.265,0.193,0.193,0.193,0.18,0.197,0.197,0.197,0.2,0.2,0.167,0.167,0.167,0.191,0.191,0.191
Joint 0: ,0.0,0.0,0.0,0.0,0.0,0.0,0.0,0.0,0.0,0.0,0.0,0.0,0.0,0.0,0.0,0.0,0.0,0.0,0.0
Joint 1: ,1.1,0.936,0.772,0.595,0.461,0.327,0.193,0.057,-0.139,-0.334,-0.53,-0.706,-0.882,-0.96,-1.038,-1.115,-1.11,-1.105,-1.1
Joint 2: ,0.0,0.0,0.0,0.0,0.0,0.0,0.0,0.0,0.0,0.0,0.0,0.0,0.0,0.0,0.0,0.0,0.0,0.0,0.0
Joint 3: ,0.1,0.198,0.296,0.493,0.626,0.758,0.89,1.008,1.028,1.048,1.068,0.974,0.88,0.732,0.585,0.437,0.258,0.079,-0.1
Joint 4: ,0.0,0.0,0.0,0.0,0.0,0.0,0.0,0.0,0.0,0.0,0.0,0.0,0.0,0.0,0.0,0.0,0.0,0.0,0.0
Joint 5: ,0.2,0.177,0.154,0.133,0.091,0.05,0.009,0.006,0.004,0.002,0.0,0.0,0.0,0.0,0.0,0.0,-0.066,-0.133,-0.199
Joint 6: ,0.0,0.0,0.0,0.0,0.0,0.0,0.0,0.0,0.0,0.0,0.0,0.0,0.0,0.0,0.0,0.0,0.0,0.0,0.0
Trial,2,2D Sim,True,Distance Weight,0.9,Random Seed,30,Min Iterations,1200,Lazy,False,Distance cost,0.21589296224402144,Manip Cost,10.056495301819389,Total cost,0.570154646468735,Node cost function,True,Percent Manip Threshold,20,Update Path,False,Increasing weight,True,Parent finding radius R,0.6,Step Size,0.2,Goal Area Sample Probability,0.05,Goal Area Delta,0.6
Manipulability,0.081,0.108,0.134,0.15,0.163,0.172,0.178,0.182,0.157,0.135,0.12,0.115,0.119,0.114,0.109,0.095,0.05,0.023,0.079
Distance to Last Node,0.0,0.196,0.196,0.229,0.229,0.167,0.167,0.167,0.164,0.164,0.164,0.16,0.173,0.183,0.183,0.183,0.181,0.181,0.181
Joint 0: ,0.0,0.0,0.0,0.0,0.0,0.0,0.0,0.0,0.0,0.0,0.0,0.0,0.0,0.0,0.0,0.0,0.0,0.0,0.0
Joint 1: ,1.1,0.952,0.803,0.633,0.464,0.326,0.189,0.051,-0.112,-0.276,-0.44,-0.599,-0.767,-0.873,-0.979,-1.086,-1.09,-1.094,-1.098
Joint 2: ,0.0,0.0,0.0,0.0,0.0,0.0,0.0,0.0,0.0,0.0,0.0,0.0,0.0,0.0,0.0,0.0,0.0,0.0,0.0
Joint 3: ,0.1,0.227,0.353,0.498,0.642,0.736,0.831,0.926,0.921,0.916,0.911,0.893,0.853,0.705,0.556,0.408,0.238,0.068,-0.101
Joint 4: ,0.0,0.0,0.0,0.0,0.0,0.0,0.0,0.0,0.0,0.0,0.0,0.0,0.0,0.0,0.0,0.0,0.0,0.0,0.0
Joint 5: ,0.2,0.187,0.175,0.12,0.065,0.053,0.04,0.028,0.019,0.009,0.0,0.0,0.0,0.0,0.0,0.0,-0.064,-0.127,-0.191
Joint 6: ,0.0,0.0,0.0,0.0,0.0,0.0,0.0,0.0,0.0,0.0,0.0,0.0,0.0,0.0,0.0,0.0,0.0,0.0,0.0
Trial,3,2D Sim,True,Distance Weight,0.9,Random Seed,45,Min Iterations,1200,Lazy,False,Distance cost,0.24461019632981715,Manip Cost,9.479385997447862,Total cost,0.577062125170067,Node cost function,True,Percent Manip Threshold,20,Update Path,False,Increasing weight,True,Parent finding radius R,0.6,Step Size,0.2,Goal Area Sample Probability,0.05,Goal Area Delta,0.6
Manipulability,0.081,0.119,0.157,0.185,0.191,0.194,0.206,0.212,0.212,0.209,0.184,0.166,0.142,0.122,0.111,0.098,0.07,0.04,0.024,0.081
Distance to Last Node,0.0,0.198,0.198,0.238,0.168,0.168,0.244,0.244,0.178,0.178,0.199,0.199,0.174,0.191,0.191,0.191,0.164,0.192,0.192,0.192
Joint 0: ,0.0,0.0,0.0,0.0,0.0,0.0,0.0,0.0,0.0,0.0,0.0,0.0,0.0,0.0,0.0,0.0,0.0,0.0,0.0,0.0
Joint 1: ,1.1,0.996,0.891,0.759,0.613,0.468,0.27,0.071,-0.081,-0.233,-0.432,-0.63,-0.701,-0.776,-0.851,-0.926,-0.844,-0.929,-1.015,-1.1
Joint 2: ,0.0,0.0,0.0,0.0,0.0,0.0,0.0,0.0,0.0,0.0,0.0,0.0,0.0,0.0,0.0,0.0,0.0,0.0,0.0,0.0
Joint 3: ,0.1,0.266,0.432,0.616,0.696,0.777,0.919,1.061,1.153,1.246,1.226,1.206,1.048,0.872,0.696,0.52,0.378,0.219,0.059,-0.1
Joint 4: ,0.0,0.0,0.0,0.0,0.0,0.0,0.0,0.0,0.0,0.0,0.0,0.0,0.0,0.0,0.0,0.0,0.0,0.0,0.0,0.0
Joint 5: ,0.2,0.175,0.15,0.075,0.05,0.025,0.013,0.0,0.0,0.0,0.0,0.0,0.0,0.0,0.0,0.0,0.0,-0.066,-0.132,-0.198
Joint 6: ,0.0,0.0,0.0,0.0,0.0,0.0,0.0,0.0,0.0,0.0,0.0,0.0,0.0,0.0,0.0,0.0,0.0,0.0,0.0,0.0
Trial,4,2D Sim,True,Distance Weight,0.9,Random Seed,60,Min Iterations,1200,Lazy,False,Distance cost,0.2463975147720156,Manip Cost,8.439663409376454,Total cost,0.5413550869777757,Node cost function,True,Percent Manip Threshold,20,Update Path,False,Increasing weight,True,Parent finding radius R,0.6,Step Size,0.2,Goal Area Sample Probability,0.05,Goal Area Delta,0.6
Manipulability,0.081,0.116,0.154,0.189,0.217,0.229,0.232,0.224,0.213,0.201,0.183,0.168,0.16,0.149,0.142,0.138,0.13,0.112,0.059,0.022,0.08
Distance to Last Node,0.0,0.223,0.2,0.2,0.19,0.179,0.184,0.168,0.168,0.168,0.172,0.172,0.172,0.194,0.179,0.189,0.189,0.189,0.197,0.197,0.197
Joint 0: ,0.0,0.0,0.0,0.0,0.0,0.0,0.0,0.0,0.0,0.0,0.0,0.0,0.0,0.0,0.0,0.0,0.0,0.0,0.0,0.0,0.0
Joint 1: ,1.1,1.038,0.929,0.82,0.697,0.548,0.385,0.225,0.066,-0.094,-0.266,-0.437,-0.608,-0.784,-0.897,-0.994,-1.092,-1.189,-1.159,-1.13,-1.1
Joint 2: ,0.0,0.0,0.0,0.0,0.0,0.0,0.0,0.0,0.0,0.0,0.0,0.0,0.0,0.0,0.0,0.0,0.0,0.0,0.0,0.0,0.0
Joint 3: ,0.1,0.299,0.464,0.629,0.773,0.873,0.959,1.01,1.061,1.112,1.128,1.144,1.16,1.078,0.938,0.776,0.614,0.451,0.268,0.084,-0.099
Joint 4: ,0.0,0.0,0.0,0.0,0.0,0.0,0.0,0.0,0.0,0.0,0.0,0.0,0.0,0.0,0.0,0.0,0.0,0.0,0.0,0.0,0.0
Joint 5: ,0.2,0.119,0.089,0.06,0.047,0.038,0.031,0.021,0.01,0.0,0.0,0.0,0.0,0.0,0.0,0.0,0.0,0.0,-0.065,-0.131,-0.196
Joint 6: ,0.0,0.0,0.0,0.0,0.0,0.0,0.0,0.0,0.0,0.0,0.0,0.0,0.0,0.0,0.0,0.0,0.0,0.0,0.0,0.0,0.0
Trial,5,2D Sim,True,Distance Weight,0.9,Random Seed,75,Min Iterations,1200,Lazy,False,Distance cost,0.22630681974590794,Manip Cost,9.253404447697985,Total cost,0.551282334352183,Node cost function,True,Percent Manip Threshold,20,Update Path,False,Increasing weight,True,Parent finding radius R,0.6,Step Size,0.2,Goal Area Sample Probability,0.05,Goal Area Delta,0.6
Manipulability,0.081,0.122,0.163,0.193,0.211,0.224,0.232,0.218,0.202,0.183,0.165,0.152,0.123,0.112,0.114,0.106,0.093,0.05,0.022,0.078
Distance to Last Node,0.0,0.189,0.189,0.199,0.195,0.194,0.194,0.147,0.147,0.176,0.176,0.176,0.19,0.19,0.19,0.16,0.16,0.184,0.184,0.184
Joint 0: ,0.0,0.0,0.0,0.0,0.0,0.0,0.0,0.0,0.0,0.0,0.0,0.0,0.0,0.0,0.0,0.0,0.0,0.0,0.0,0.0
Joint 1: ,1.1,1.015,0.929,0.805,0.672,0.525,0.368,0.222,0.077,-0.098,-0.273,-0.448,-0.592,-0.736,-0.88,-0.957,-1.035,-1.057,-1.079,-1.101
Joint 2: ,0.0,0.0,0.0,0.0,0.0,0.0,0.0,0.0,0.0,0.0,0.0,0.0,0.0,0.0,0.0,0.0,0.0,0.0,0.0,0.0
Joint 3: ,0.1,0.268,0.436,0.588,0.723,0.846,0.959,0.98,1.001,1.023,1.046,1.068,0.943,0.818,0.694,0.554,0.415,0.244,0.073,-0.097
Joint 4: ,0.0,0.0,0.0,0.0,0.0,0.0,0.0,0.0,0.0,0.0,0.0,0.0,0.0,0.0,0.0,0.0,0.0,0.0,0.0,0.0
Joint 5: ,0.2,0.183,0.165,0.134,0.089,0.06,0.04,0.03,0.02,0.013,0.007,0.0,0.0,0.0,0.0,0.0,0.0,-0.064,-0.127,-0.191
Joint 6: ,0.0,0.0,0.0,0.0,0.0,0.0,0.0,0.0,0.0,0.0,0.0,0.0,0.0,0.0,0.0,0.0,0.0,0.0,0.0,0.0
Trial,5,2D Sim,True,Distance Weight,0.85,Random Seed,75,Min Iterations,1200,Lazy,False,Distance cost,0.24012485807999748,Manip Cost,8.685836023345974,Total cost,0.6961932610043606,Node cost function,True,Percent Manip Threshold,20,Update Path,False,Increasing weight,True,Parent finding radius R,0.6,Step Size,0.2,Goal Area Sample Probability,0.05,Goal Area Delta,0.6
Manipulability,0.081,0.122,0.163,0.193,0.211,0.224,0.232,0.218,0.21,0.196,0.183,0.173,0.162,0.142,0.133,0.131,0.121,0.102,0.055,0.022,0.078
Distance to Last Node,0.0,0.189,0.189,0.199,0.195,0.194,0.194,0.147,0.193,0.166,0.166,0.166,0.184,0.173,0.173,0.173,0.183,0.183,0.189,0.189,0.189
Joint 0: ,0.0,0.0,0.0,0.0,0.0,0.0,0.0,0.0,0.0,0.0,0.0,0.0,0.0,0.0,0.0,0.0,0.0,0.0,0.0,0.0,0.0
Joint 1: ,1.1,1.015,0.929,0.805,0.672,0.525,0.368,0.222,0.045,-0.116,-0.277,-0.438,-0.622,-0.731,-0.84,-0.949,-1.024,-1.099,-1.1,-1.101,-1.101
Joint 2: ,0.0,0.0,0.0,0.0,0.0,0.0,0.0,0.0,0.0,0.0,0.0,0.0,0.0,0.0,0.0,0.0,0.0,0.0,0.0,0.0,0.0
Joint 3: ,0.1,0.268,0.436,0.588,0.723,0.846,0.959,0.98,1.054,1.093,1.133,1.172,1.175,1.04,0.906,0.772,0.604,0.437,0.259,0.081,-0.097
Joint 4: ,0.0,0.0,0.0,0.0,0.0,0.0,0.0,0.0,0.0,0.0,0.0,0.0,0.0,0.0,0.0,0.0,0.0,0.0,0.0,0.0,0.0
Joint 5: ,0.2,0.183,0.165,0.134,0.089,0.06,0.04,0.03,0.02,0.013,0.007,0.0,0.0,0.0,0.0,0.0,0.0,0.0,-0.064,-0.127,-0.191
Joint 6: ,0.0,0.0,0.0,0.0,0.0,0.0,0.0,0.0,0.0,0.0,0.0,0.0,0.0,0.0,0.0,0.0,0.0,0.0,0.0,0.0,0.0
Trial,1,2D Sim,True,Distance Weight,0.85,Random Seed,15,Min Iterations,1200,Lazy,False,Distance cost,0.29457536173149185,Manip Cost,7.71218690294151,Total cost,0.6951263849568332,Node cost function,True,Percent Manip Threshold,20,Update Path,False,Increasing weight,True,Parent finding radius R,0.6,Step Size,0.2,Goal Area Sample Probability,0.05,Goal Area Delta,0.6
Manipulability,0.081,0.097,0.11,0.148,0.19,0.226,0.248,0.263,0.266,0.26,0.247,0.23,0.215,0.195,0.181,0.179,0.188,0.193,0.191,0.168,0.135,0.092,0.042,0.028,0.081
Distance to Last Node,0.0,0.193,0.193,0.265,0.223,0.223,0.175,0.182,0.182,0.185,0.183,0.157,0.157,0.185,0.185,0.185,0.15,0.172,0.159,0.198,0.198,0.198,0.171,0.171,0.171
Joint 0: ,0.0,0.0,0.0,0.0,0.0,0.0,0.0,0.0,0.0,0.0,0.0,0.0,0.0,0.0,0.0,0.0,0.0,0.0,0.0,0.0,0.0,0.0,0.0,0.0,0.0
Joint 1: ,1.1,0.936,0.772,0.595,0.494,0.392,0.311,0.218,0.097,-0.042,-0.202,-0.358,-0.514,-0.671,-0.828,-0.984,-1.125,-1.216,-1.279,-1.279,-1.279,-1.279,-1.22,-1.16,-1.1
Joint 2: ,0.0,0.0,0.0,0.0,0.0,0.0,0.0,0.0,0.0,0.0,0.0,0.0,0.0,0.0,0.0,0.0,0.0,0.0,0.0,0.0,0.0,0.0,0.0,0.0,0.0
Joint 3: ,0.1,0.198,0.296,0.493,0.69,0.887,1.04,1.197,1.332,1.452,1.541,1.556,1.572,1.473,1.374,1.276,1.223,1.077,0.931,0.733,0.536,0.338,0.192,0.046,-0.1
Joint 4: ,0.0,0.0,0.0,0.0,0.0,0.0,0.0,0.0,0.0,0.0,0.0,0.0,0.0,0.0,0.0,0.0,0.0,0.0,0.0,0.0,0.0,0.0,0.0,0.0,0.0
Joint 5: ,0.2,0.177,0.154,0.133,0.111,0.09,0.068,0.052,0.04,0.031,0.024,0.019,0.013,0.009,0.004,0.0,0.0,0.0,0.0,0.0,0.0,0.0,-0.066,-0.133,-0.199
Joint 6: ,0.0,0.0,0.0,0.0,0.0,0.0,0.0,0.0,0.0,0.0,0.0,0.0,0.0,0.0,0.0,0.0,0.0,0.0,0.0,0.0,0.0,0.0,0.0,0.0,0.0
Trial,2,2D Sim,True,Distance Weight,0.85,Random Seed,30,Min Iterations,1200,Lazy,False,Distance cost,0.255672555703598,Manip Cost,8.687428643367747,Total cost,0.7109873844374625,Node cost function,True,Percent Manip Threshold,20,Update Path,False,Increasing weight,True,Parent finding radius R,0.6,Step Size,0.2,Goal Area Sample Probability,0.05,Goal Area Delta,0.6
Manipulability,0.081,0.108,0.134,0.15,0.163,0.172,0.178,0.182,0.182,0.181,0.178,0.176,0.172,0.175,0.173,0.167,0.159,0.134,0.102,0.053,0.023,0.08
Distance to Last Node,0.0,0.196,0.196,0.229,0.229,0.167,0.167,0.167,0.219,0.219,0.147,0.174,0.147,0.147,0.187,0.168,0.168,0.192,0.192,0.186,0.186,0.186
Joint 0: ,0.0,0.0,0.0,0.0,0.0,0.0,0.0,0.0,0.0,0.0,0.0,0.0,0.0,0.0,0.0,0.0,0.0,0.0,0.0,0.0,0.0,0.0
Joint 1: ,1.1,0.952,0.803,0.633,0.464,0.326,0.189,0.051,-0.136,-0.323,-0.458,-0.621,-0.768,-0.915,-1.028,-1.082,-1.137,-1.135,-1.133,-1.122,-1.111,-1.1
Joint 2: ,0.0,0.0,0.0,0.0,0.0,0.0,0.0,0.0,0.0,0.0,0.0,0.0,0.0,0.0,0.0,0.0,0.0,0.0,0.0,0.0,0.0,0.0
Joint 3: ,0.1,0.227,0.353,0.498,0.642,0.736,0.831,0.926,1.038,1.151,1.209,1.271,1.271,1.272,1.123,0.964,0.805,0.613,0.421,0.247,0.073,-0.102
Joint 4: ,0.0,0.0,0.0,0.0,0.0,0.0,0.0,0.0,0.0,0.0,0.0,0.0,0.0,0.0,0.0,0.0,0.0,0.0,0.0,0.0,0.0,0.0
Joint 5: ,0.2,0.187,0.175,0.12,0.065,0.053,0.04,0.028,0.014,0.0,0.0,0.0,0.0,0.0,0.0,0.0,0.0,0.0,0.0,-0.064,-0.129,-0.193
Joint 6: ,0.0,0.0,0.0,0.0,0.0,0.0,0.0,0.0,0.0,0.0,0.0,0.0,0.0,0.0,0.0,0.0,0.0,0.0,0.0,0.0,0.0,0.0
Trial,3,2D Sim,True,Distance Weight,0.85,Random Seed,45,Min Iterations,1200,Lazy,False,Distance cost,0.24517570452021725,Manip Cost,8.87362904782748,Total cost,0.7111121850588098,Node cost function,True,Percent Manip Threshold,20,Update Path,False,Increasing weight,True,Parent finding radius R,0.6,Step Size,0.2,Goal Area Sample Probability,0.05,Goal Area Delta,0.6
Manipulability,0.081,0.119,0.157,0.185,0.191,0.194,0.206,0.212,0.212,0.209,0.206,0.172,0.141,0.123,0.117,0.114,0.103,0.056,0.022,0.081
Distance to Last Node,0.0,0.198,0.198,0.238,0.168,0.168,0.244,0.244,0.178,0.178,0.178,0.187,0.187,0.187,0.192,0.192,0.192,0.194,0.194,0.194
Joint 0: ,0.0,0.0,0.0,0.0,0.0,0.0,0.0,0.0,0.0,0.0,0.0,0.0,0.0,0.0,0.0,0.0,0.0,0.0,0.0,0.0
Joint 1: ,1.1,0.996,0.891,0.759,0.613,0.468,0.27,0.071,-0.081,-0.233,-0.386,-0.502,-0.618,-0.735,-0.853,-0.972,-1.09,-1.094,-1.097,-1.1
Joint 2: ,0.0,0.0,0.0,0.0,0.0,0.0,0.0,0.0,0.0,0.0,0.0,0.0,0.0,0.0,0.0,0.0,0.0,0.0,0.0,0.0
Joint 3: ,0.1,0.266,0.432,0.616,0.696,0.777,0.919,1.061,1.153,1.246,1.338,1.192,1.046,0.9,0.749,0.599,0.449,0.266,0.083,-0.1
Joint 4: ,0.0,0.0,0.0,0.0,0.0,0.0,0.0,0.0,0.0,0.0,0.0,0.0,0.0,0.0,0.0,0.0,0.0,0.0,0.0,0.0
Joint 5: ,0.2,0.175,0.15,0.075,0.05,0.025,0.013,0.0,0.0,0.0,0.0,0.0,0.0,0.0,0.0,0.0,0.0,-0.066,-0.132,-0.198
Joint 6: ,0.0,0.0,0.0,0.0,0.0,0.0,0.0,0.0,0.0,0.0,0.0,0.0,0.0,0.0,0.0,0.0,0.0,0.0,0.0,0.0
Trial,4,2D Sim,True,Distance Weight,0.85,Random Seed,60,Min Iterations,1200,Lazy,False,Distance cost,0.2463975147720156,Manip Cost,8.439663409376454,Total cost,0.6888338730806557,Node cost function,True,Percent Manip Threshold,20,Update Path,False,Increasing weight,True,Parent finding radius R,0.6,Step Size,0.2,Goal Area Sample Probability,0.05,Goal Area Delta,0.6
Manipulability,0.081,0.116,0.154,0.189,0.217,0.229,0.232,0.224,0.213,0.201,0.183,0.168,0.16,0.149,0.142,0.138,0.13,0.112,0.059,0.022,0.08
Distance to Last Node,0.0,0.223,0.2,0.2,0.19,0.179,0.184,0.168,0.168,0.168,0.172,0.172,0.172,0.194,0.179,0.189,0.189,0.189,0.197,0.197,0.197
Joint 0: ,0.0,0.0,0.0,0.0,0.0,0.0,0.0,0.0,0.0,0.0,0.0,0.0,0.0,0.0,0.0,0.0,0.0,0.0,0.0,0.0,0.0
Joint 1: ,1.1,1.038,0.929,0.82,0.697,0.548,0.385,0.225,0.066,-0.094,-0.266,-0.437,-0.608,-0.784,-0.897,-0.994,-1.092,-1.189,-1.159,-1.13,-1.1
Joint 2: ,0.0,0.0,0.0,0.0,0.0,0.0,0.0,0.0,0.0,0.0,0.0,0.0,0.0,0.0,0.0,0.0,0.0,0.0,0.0,0.0,0.0
Joint 3: ,0.1,0.299,0.464,0.629,0.773,0.873,0.959,1.01,1.061,1.112,1.128,1.144,1.16,1.078,0.938,0.776,0.614,0.451,0.268,0.084,-0.099
Joint 4: ,0.0,0.0,0.0,0.0,0.0,0.0,0.0,0.0,0.0,0.0,0.0,0.0,0.0,0.0,0.0,0.0,0.0,0.0,0.0,0.0,0.0
Joint 5: ,0.2,0.119,0.089,0.06,0.047,0.038,0.031,0.021,0.01,0.0,0.0,0.0,0.0,0.0,0.0,0.0,0.0,0.0,-0.065,-0.131,-0.196
Joint 6: ,0.0,0.0,0.0,0.0,0.0,0.0,0.0,0.0,0.0,0.0,0.0,0.0,0.0,0.0,0.0,0.0,0.0,0.0,0.0,0.0,0.0
Trial,5,2D Sim,True,Distance Weight,0.85,Random Seed,75,Min Iterations,1200,Lazy,False,Distance cost,0.24012485807999748,Manip Cost,8.685836023345974,Total cost,0.6961932610043606,Node cost function,True,Percent Manip Threshold,20,Update Path,False,Increasing weight,True,Parent finding radius R,0.6,Step Size,0.2,Goal Area Sample Probability,0.05,Goal Area Delta,0.6
Manipulability,0.081,0.122,0.163,0.193,0.211,0.224,0.232,0.218,0.21,0.196,0.183,0.173,0.162,0.142,0.133,0.131,0.121,0.102,0.055,0.022,0.078
Distance to Last Node,0.0,0.189,0.189,0.199,0.195,0.194,0.194,0.147,0.193,0.166,0.166,0.166,0.184,0.173,0.173,0.173,0.183,0.183,0.189,0.189,0.189
Joint 0: ,0.0,0.0,0.0,0.0,0.0,0.0,0.0,0.0,0.0,0.0,0.0,0.0,0.0,0.0,0.0,0.0,0.0,0.0,0.0,0.0,0.0
Joint 1: ,1.1,1.015,0.929,0.805,0.672,0.525,0.368,0.222,0.045,-0.116,-0.277,-0.438,-0.622,-0.731,-0.84,-0.949,-1.024,-1.099,-1.1,-1.101,-1.101
Joint 2: ,0.0,0.0,0.0,0.0,0.0,0.0,0.0,0.0,0.0,0.0,0.0,0.0,0.0,0.0,0.0,0.0,0.0,0.0,0.0,0.0,0.0
Joint 3: ,0.1,0.268,0.436,0.588,0.723,0.846,0.959,0.98,1.054,1.093,1.133,1.172,1.175,1.04,0.906,0.772,0.604,0.437,0.259,0.081,-0.097
Joint 4: ,0.0,0.0,0.0,0.0,0.0,0.0,0.0,0.0,0.0,0.0,0.0,0.0,0.0,0.0,0.0,0.0,0.0,0.0,0.0,0.0,0.0
Joint 5: ,0.2,0.183,0.165,0.134,0.089,0.06,0.04,0.03,0.02,0.013,0.007,0.0,0.0,0.0,0.0,0.0,0.0,0.0,-0.064,-0.127,-0.191
Joint 6: ,0.0,0.0,0.0,0.0,0.0,0.0,0.0,0.0,0.0,0.0,0.0,0.0,0.0,0.0,0.0,0.0,0.0,0.0,0.0,0.0,0.0
Trial,5,2D Sim,True,Distance Weight,0.8,Random Seed,75,Min Iterations,1200,Lazy,False,Distance cost,0.24468788622619322,Manip Cost,8.496009013356044,Total cost,0.838783007379543,Node cost function,True,Percent Manip Threshold,20,Update Path,False,Increasing weight,True,Parent finding radius R,0.6,Step Size,0.2,Goal Area Sample Probability,0.05,Goal Area Delta,0.6
Manipulability,0.081,0.122,0.163,0.193,0.211,0.224,0.232,0.218,0.21,0.196,0.183,0.173,0.162,0.146,0.144,0.151,0.134,0.108,0.059,0.021,0.078
Distance to Last Node,0.0,0.189,0.189,0.199,0.195,0.194,0.194,0.147,0.193,0.166,0.166,0.166,0.184,0.186,0.186,0.186,0.19,0.19,0.195,0.195,0.195
Joint 0: ,0.0,0.0,0.0,0.0,0.0,0.0,0.0,0.0,0.0,0.0,0.0,0.0,0.0,0.0,0.0,0.0,0.0,0.0,0.0,0.0,0.0
Joint 1: ,1.1,1.015,0.929,0.805,0.672,0.525,0.368,0.222,0.045,-0.116,-0.277,-0.438,-0.622,-0.767,-0.912,-1.057,-1.096,-1.135,-1.124,-1.113,-1.101
Joint 2: ,0.0,0.0,0.0,0.0,0.0,0.0,0.0,0.0,0.0,0.0,0.0,0.0,0.0,0.0,0.0,0.0,0.0,0.0,0.0,0.0,0.0
Joint 3: ,0.1,0.268,0.436,0.588,0.723,0.846,0.959,0.98,1.054,1.093,1.133,1.172,1.175,1.059,0.943,0.827,0.641,0.455,0.271,0.087,-0.097
Joint 4: ,0.0,0.0,0.0,0.0,0.0,0.0,0.0,0.0,0.0,0.0,0.0,0.0,0.0,0.0,0.0,0.0,0.0,0.0,0.0,0.0,0.0
Joint 5: ,0.2,0.183,0.165,0.134,0.089,0.06,0.04,0.03,0.02,0.013,0.007,0.0,0.0,0.0,0.0,0.0,0.0,0.0,-0.064,-0.127,-0.191
Joint 6: ,0.0,0.0,0.0,0.0,0.0,0.0,0.0,0.0,0.0,0.0,0.0,0.0,0.0,0.0,0.0,0.0,0.0,0.0,0.0,0.0,0.0
Trial,1,2D Sim,True,Distance Weight,0.8,Random Seed,15,Min Iterations,1200,Lazy,False,Distance cost,0.275356775262791,Manip Cost,7.900178177942627,Total cost,0.8243439162557398,Node cost function,True,Percent Manip Threshold,20,Update Path,False,Increasing weight,True,Parent finding radius R,0.6,Step Size,0.2,Goal Area Sample Probability,0.05,Goal Area Delta,0.6
Manipulability,0.081,0.107,0.135,0.164,0.204,0.239,0.268,0.283,0.27,0.255,0.238,0.232,0.219,0.192,0.172,0.155,0.147,0.145,0.139,0.122,0.092,0.042,0.028,0.081
Distance to Last Node,0.0,0.189,0.189,0.189,0.195,0.195,0.254,0.254,0.152,0.152,0.152,0.138,0.128,0.185,0.185,0.17,0.17,0.17,0.195,0.195,0.195,0.171,0.171,0.171
Joint 0: ,0.0,0.0,0.0,0.0,0.0,0.0,0.0,0.0,0.0,0.0,0.0,0.0,0.0,0.0,0.0,0.0,0.0,0.0,0.0,0.0,0.0,0.0,0.0,0.0
Joint 1: ,1.1,1.023,0.946,0.869,0.764,0.659,0.502,0.346,0.194,0.041,-0.111,-0.229,-0.357,-0.525,-0.694,-0.794,-0.895,-0.995,-1.09,-1.185,-1.279,-1.22,-1.16,-1.1
Joint 2: ,0.0,0.0,0.0,0.0,0.0,0.0,0.0,0.0,0.0,0.0,0.0,0.0,0.0,0.0,0.0,0.0,0.0,0.0,0.0,0.0,0.0,0.0,0.0,0.0
Joint 3: ,0.1,0.259,0.418,0.577,0.741,0.906,1.105,1.305,1.315,1.325,1.334,1.406,1.415,1.34,1.264,1.126,0.989,0.851,0.68,0.509,0.338,0.192,0.046,-0.1
Joint 4: ,0.0,0.0,0.0,0.0,0.0,0.0,0.0,0.0,0.0,0.0,0.0,0.0,0.0,0.0,0.0,0.0,0.0,0.0,0.0,0.0,0.0,0.0,0.0,0.0
Joint 5: ,0.2,0.133,0.067,0.0,0.0,0.0,0.0,0.0,0.0,0.0,0.0,0.0,0.0,0.0,0.0,0.0,0.0,0.0,0.0,0.0,0.0,-0.066,-0.133,-0.199
Joint 6: ,0.0,0.0,0.0,0.0,0.0,0.0,0.0,0.0,0.0,0.0,0.0,0.0,0.0,0.0,0.0,0.0,0.0,0.0,0.0,0.0,0.0,0.0,0.0,0.0
Trial,2,2D Sim,True,Distance Weight,0.8,Random Seed,30,Min Iterations,1200,Lazy,False,Distance cost,0.3035179292637076,Manip Cost,7.724606889531597,Total cost,0.8378363344029961,Node cost function,True,Percent Manip Threshold,20,Update Path,False,Increasing weight,True,Parent finding radius R,0.6,Step Size,0.2,Goal Area Sample Probability,0.05,Goal Area Delta,0.6
Manipulability,0.081,0.108,0.143,0.177,0.208,0.231,0.248,0.258,0.267,0.266,0.255,0.231,0.214,0.207,0.195,0.184,0.176,0.173,0.171,0.152,0.127,0.095,0.05,0.023,0.08
Distance to Last Node,0.0,0.196,0.183,0.183,0.183,0.228,0.213,0.213,0.199,0.199,0.199,0.235,0.188,0.186,0.186,0.177,0.177,0.177,0.155,0.191,0.191,0.191,0.182,0.182,0.182
Joint 0: ,0.0,0.0,0.0,0.0,0.0,0.0,0.0,0.0,0.0,0.0,0.0,0.0,0.0,0.0,0.0,0.0,0.0,0.0,0.0,0.0,0.0,0.0,0.0,0.0,0.0
Joint 1: ,1.1,0.952,0.849,0.747,0.644,0.505,0.365,0.224,0.115,0.006,-0.103,-0.295,-0.482,-0.62,-0.757,-0.85,-0.942,-1.034,-1.099,-1.094,-1.09,-1.086,-1.091,-1.095,-1.1
Joint 2: ,0.0,0.0,0.0,0.0,0.0,0.0,0.0,0.0,0.0,0.0,0.0,0.0,0.0,0.0,0.0,0.0,0.0,0.0,0.0,0.0,0.0,0.0,0.0,0.0,0.0
Joint 3: ,0.1,0.227,0.377,0.528,0.679,0.854,1.011,1.169,1.335,1.501,1.667,1.802,1.825,1.7,1.574,1.423,1.273,1.122,0.981,0.79,0.599,0.408,0.238,0.068,-0.102
Joint 4: ,0.0,0.0,0.0,0.0,0.0,0.0,0.0,0.0,0.0,0.0,0.0,0.0,0.0,0.0,0.0,0.0,0.0,0.0,0.0,0.0,0.0,0.0,0.0,0.0,0.0
Joint 5: ,0.2,0.187,0.173,0.158,0.143,0.096,0.069,0.043,0.029,0.015,0.001,0.0,0.0,0.0,0.0,0.0,0.0,0.0,0.0,0.0,0.0,0.0,-0.064,-0.129,-0.193
Joint 6: ,0.0,0.0,0.0,0.0,0.0,0.0,0.0,0.0,0.0,0.0,0.0,0.0,0.0,0.0,0.0,0.0,0.0,0.0,0.0,0.0,0.0,0.0,0.0,0.0,0.0
Trial,3,2D Sim,True,Distance Weight,0.8,Random Seed,45,Min Iterations,1200,Lazy,False,Distance cost,0.2565725280154247,Manip Cost,8.576048722612379,Total cost,0.8555748140264059,Node cost function,True,Percent Manip Threshold,20,Update Path,False,Increasing weight,True,Parent finding radius R,0.6,Step Size,0.2,Goal Area Sample Probability,0.05,Goal Area Delta,0.6
Manipulability,0.081,0.119,0.157,0.185,0.191,0.194,0.211,0.221,0.217,0.204,0.192,0.17,0.16,0.166,0.146,0.151,0.126,0.096,0.052,0.023,0.081
Distance to Last Node,0.0,0.198,0.198,0.238,0.168,0.168,0.244,0.244,0.18,0.183,0.183,0.185,0.185,0.185,0.199,0.186,0.186,0.186,0.188,0.188,0.188
Joint 0: ,0.0,0.0,0.0,0.0,0.0,0.0,0.0,0.0,0.0,0.0,0.0,0.0,0.0,0.0,0.0,0.0,0.0,0.0,0.0,0.0,0.0
Joint 1: ,1.1,0.996,0.891,0.759,0.613,0.468,0.28,0.093,-0.067,-0.243,-0.419,-0.598,-0.777,-0.955,-0.939,-1.075,-1.063,-1.052,-1.068,-1.084,-1.1
Joint 2: ,0.0,0.0,0.0,0.0,0.0,0.0,0.0,0.0,0.0,0.0,0.0,0.0,0.0,0.0,0.0,0.0,0.0,0.0,0.0,0.0,0.0
Joint 3: ,0.1,0.266,0.432,0.616,0.696,0.777,0.933,1.089,1.172,1.222,1.272,1.223,1.173,1.123,0.925,0.798,0.612,0.426,0.25,0.075,-0.1
Joint 4: ,0.0,0.0,0.0,0.0,0.0,0.0,0.0,0.0,0.0,0.0,0.0,0.0,0.0,0.0,0.0,0.0,0.0,0.0,0.0,0.0,0.0
Joint 5: ,0.2,0.175,0.15,0.075,0.05,0.025,0.013,0.0,0.0,0.0,0.0,0.0,0.0,0.0,0.0,0.0,0.0,0.0,-0.066,-0.132,-0.198
Joint 6: ,0.0,0.0,0.0,0.0,0.0,0.0,0.0,0.0,0.0,0.0,0.0,0.0,0.0,0.0,0.0,0.0,0.0,0.0,0.0,0.0,0.0
Trial,4,2D Sim,True,Distance Weight,0.8,Random Seed,60,Min Iterations,1200,Lazy,False,Distance cost,0.27099735220162857,Manip Cost,8.022007995856411,Total cost,0.8290701185447734,Node cost function,True,Percent Manip Threshold,20,Update Path,False,Increasing weight,True,Parent finding radius R,0.6,Step Size,0.2,Goal Area Sample Probability,0.05,Goal Area Delta,0.6
Manipulability,0.081,0.116,0.154,0.189,0.217,0.229,0.232,0.229,0.222,0.214,0.21,0.202,0.184,0.173,0.172,0.182,0.174,0.143,0.107,0.058,0.022,0.08
Distance to Last Node,0.0,0.223,0.2,0.2,0.19,0.179,0.184,0.189,0.189,0.189,0.217,0.167,0.19,0.198,0.174,0.27,0.17,0.194,0.194,0.195,0.195,0.195
Joint 0: ,0.0,0.0,0.0,0.0,0.0,0.0,0.0,0.0,0.0,0.0,0.0,0.0,0.0,0.0,0.0,0.0,0.0,0.0,0.0,0.0,0.0,0.0
Joint 1: ,1.1,1.038,0.929,0.82,0.697,0.548,0.385,0.213,0.041,-0.132,-0.317,-0.472,-0.661,-0.846,-0.985,-1.178,-1.233,-1.181,-1.129,-1.12,-1.11,-1.1
Joint 2: ,0.0,0.0,0.0,0.0,0.0,0.0,0.0,0.0,0.0,0.0,0.0,0.0,0.0,0.0,0.0,0.0,0.0,0.0,0.0,0.0,0.0,0.0
Joint 3: ,0.1,0.299,0.464,0.629,0.773,0.873,0.959,1.036,1.114,1.191,1.303,1.367,1.347,1.279,1.174,0.986,0.825,0.638,0.451,0.267,0.084,-0.099
Joint 4: ,0.0,0.0,0.0,0.0,0.0,0.0,0.0,0.0,0.0,0.0,0.0,0.0,0.0,0.0,0.0,0.0,0.0,0.0,0.0,0.0,0.0,0.0
Joint 5: ,0.2,0.119,0.089,0.06,0.047,0.038,0.031,0.025,0.02,0.014,0.011,0.009,0.007,0.004,0.003,0.001,0.001,0.001,0.0,-0.065,-0.13,-0.196
Joint 6: ,0.0,0.0,0.0,0.0,0.0,0.0,0.0,0.0,0.0,0.0,0.0,0.0,0.0,0.0,0.0,0.0,0.0,0.0,0.0,0.0,0.0,0.0
Trial,5,2D Sim,True,Distance Weight,0.8,Random Seed,75,Min Iterations,1200,Lazy,False,Distance cost,0.24468788622619322,Manip Cost,8.496009013356044,Total cost,0.838783007379543,Node cost function,True,Percent Manip Threshold,20,Update Path,False,Increasing weight,True,Parent finding radius R,0.6,Step Size,0.2,Goal Area Sample Probability,0.05,Goal Area Delta,0.6
Manipulability,0.081,0.122,0.163,0.193,0.211,0.224,0.232,0.218,0.21,0.196,0.183,0.173,0.162,0.146,0.144,0.151,0.134,0.108,0.059,0.021,0.078
Distance to Last Node,0.0,0.189,0.189,0.199,0.195,0.194,0.194,0.147,0.193,0.166,0.166,0.166,0.184,0.186,0.186,0.186,0.19,0.19,0.195,0.195,0.195
Joint 0: ,0.0,0.0,0.0,0.0,0.0,0.0,0.0,0.0,0.0,0.0,0.0,0.0,0.0,0.0,0.0,0.0,0.0,0.0,0.0,0.0,0.0
Joint 1: ,1.1,1.015,0.929,0.805,0.672,0.525,0.368,0.222,0.045,-0.116,-0.277,-0.438,-0.622,-0.767,-0.912,-1.057,-1.096,-1.135,-1.124,-1.113,-1.101
Joint 2: ,0.0,0.0,0.0,0.0,0.0,0.0,0.0,0.0,0.0,0.0,0.0,0.0,0.0,0.0,0.0,0.0,0.0,0.0,0.0,0.0,0.0
Joint 3: ,0.1,0.268,0.436,0.588,0.723,0.846,0.959,0.98,1.054,1.093,1.133,1.172,1.175,1.059,0.943,0.827,0.641,0.455,0.271,0.087,-0.097
Joint 4: ,0.0,0.0,0.0,0.0,0.0,0.0,0.0,0.0,0.0,0.0,0.0,0.0,0.0,0.0,0.0,0.0,0.0,0.0,0.0,0.0,0.0
Joint 5: ,0.2,0.183,0.165,0.134,0.089,0.06,0.04,0.03,0.02,0.013,0.007,0.0,0.0,0.0,0.0,0.0,0.0,0.0,-0.064,-0.127,-0.191
Joint 6: ,0.0,0.0,0.0,0.0,0.0,0.0,0.0,0.0,0.0,0.0,0.0,0.0,0.0,0.0,0.0,0.0,0.0,0.0,0.0,0.0,0.0
Trial,5,2D Sim,True,Distance Weight,0.7,Random Seed,75,Min Iterations,1200,Lazy,False,Distance cost,0.2519262030351291,Manip Cost,8.40785198203075,Total cost,1.1327661871666568,Node cost function,True,Percent Manip Threshold,20,Update Path,False,Increasing weight,True,Parent finding radius R,0.6,Step Size,0.2,Goal Area Sample Probability,0.05,Goal Area Delta,0.6
Manipulability,0.081,0.122,0.163,0.193,0.211,0.224,0.232,0.218,0.21,0.196,0.183,0.173,0.162,0.162,0.157,0.163,0.139,0.108,0.059,0.021,0.078
Distance to Last Node,0.0,0.189,0.189,0.199,0.195,0.194,0.194,0.147,0.193,0.166,0.166,0.166,0.184,0.184,0.248,0.248,0.183,0.183,0.196,0.196,0.196
Joint 0: ,0.0,0.0,0.0,0.0,0.0,0.0,0.0,0.0,0.0,0.0,0.0,0.0,0.0,0.0,0.0,0.0,0.0,0.0,0.0,0.0,0.0
Joint 1: ,1.1,1.015,0.929,0.805,0.672,0.525,0.368,0.222,0.045,-0.116,-0.277,-0.438,-0.622,-0.806,-0.978,-1.151,-1.138,-1.126,-1.118,-1.11,-1.101
Joint 2: ,0.0,0.0,0.0,0.0,0.0,0.0,0.0,0.0,0.0,0.0,0.0,0.0,0.0,0.0,0.0,0.0,0.0,0.0,0.0,0.0,0.0
Joint 3: ,0.1,0.268,0.436,0.588,0.723,0.846,0.959,0.98,1.054,1.093,1.133,1.172,1.175,1.177,0.999,0.822,0.639,0.457,0.272,0.087,-0.097
Joint 4: ,0.0,0.0,0.0,0.0,0.0,0.0,0.0,0.0,0.0,0.0,0.0,0.0,0.0,0.0,0.0,0.0,0.0,0.0,0.0,0.0,0.0
Joint 5: ,0.2,0.183,0.165,0.134,0.089,0.06,0.04,0.03,0.02,0.013,0.007,0.0,0.0,0.0,0.0,0.0,0.0,0.0,-0.064,-0.127,-0.191
Joint 6: ,0.0,0.0,0.0,0.0,0.0,0.0,0.0,0.0,0.0,0.0,0.0,0.0,0.0,0.0,0.0,0.0,0.0,0.0,0.0,0.0,0.0
Trial,1,2D Sim,True,Distance Weight,0.7,Random Seed,15,Min Iterations,1200,Lazy,False,Distance cost,0.275356775262791,Manip Cost,7.900178177942627,Total cost,1.0988374867522142,Node cost function,True,Percent Manip Threshold,20,Update Path,False,Increasing weight,True,Parent finding radius R,0.6,Step Size,0.2,Goal Area Sample Probability,0.05,Goal Area Delta,0.6
Manipulability,0.081,0.107,0.135,0.164,0.204,0.239,0.268,0.283,0.27,0.255,0.238,0.232,0.219,0.192,0.172,0.155,0.147,0.145,0.139,0.122,0.092,0.042,0.028,0.081
Distance to Last Node,0.0,0.189,0.189,0.189,0.195,0.195,0.254,0.254,0.152,0.152,0.152,0.138,0.128,0.185,0.185,0.17,0.17,0.17,0.195,0.195,0.195,0.171,0.171,0.171
Joint 0: ,0.0,0.0,0.0,0.0,0.0,0.0,0.0,0.0,0.0,0.0,0.0,0.0,0.0,0.0,0.0,0.0,0.0,0.0,0.0,0.0,0.0,0.0,0.0,0.0
Joint 1: ,1.1,1.023,0.946,0.869,0.764,0.659,0.502,0.346,0.194,0.041,-0.111,-0.229,-0.357,-0.525,-0.694,-0.794,-0.895,-0.995,-1.09,-1.185,-1.279,-1.22,-1.16,-1.1
Joint 2: ,0.0,0.0,0.0,0.0,0.0,0.0,0.0,0.0,0.0,0.0,0.0,0.0,0.0,0.0,0.0,0.0,0.0,0.0,0.0,0.0,0.0,0.0,0.0,0.0
Joint 3: ,0.1,0.259,0.418,0.577,0.741,0.906,1.105,1.305,1.315,1.325,1.334,1.406,1.415,1.34,1.264,1.126,0.989,0.851,0.68,0.509,0.338,0.192,0.046,-0.1
Joint 4: ,0.0,0.0,0.0,0.0,0.0,0.0,0.0,0.0,0.0,0.0,0.0,0.0,0.0,0.0,0.0,0.0,0.0,0.0,0.0,0.0,0.0,0.0,0.0,0.0
Joint 5: ,0.2,0.133,0.067,0.0,0.0,0.0,0.0,0.0,0.0,0.0,0.0,0.0,0.0,0.0,0.0,0.0,0.0,0.0,0.0,0.0,0.0,-0.066,-0.133,-0.199
Joint 6: ,0.0,0.0,0.0,0.0,0.0,0.0,0.0,0.0,0.0,0.0,0.0,0.0,0.0,0.0,0.0,0.0,0.0,0.0,0.0,0.0,0.0,0.0,0.0,0.0
Trial,2,2D Sim,True,Distance Weight,0.7,Random Seed,30,Min Iterations,1200,Lazy,False,Distance cost,0.2817829456809795,Manip Cost,7.777411953472318,Total cost,1.0913108785224446,Node cost function,True,Percent Manip Threshold,20,Update Path,False,Increasing weight,True,Parent finding radius R,0.6,Step Size,0.2,Goal Area Sample Probability,0.05,Goal Area Delta,0.6
Manipulability,0.081,0.108,0.143,0.177,0.208,0.231,0.258,0.277,0.284,0.284,0.265,0.238,0.208,0.178,0.157,0.153,0.154,0.157,0.136,0.102,0.047,0.026,0.08
Distance to Last Node,0.0,0.196,0.183,0.183,0.183,0.228,0.169,0.169,0.161,0.161,0.185,0.185,0.185,0.191,0.191,0.191,0.276,0.276,0.188,0.188,0.192,0.192,0.192
Joint 0: ,0.0,0.0,0.0,0.0,0.0,0.0,0.0,0.0,0.0,0.0,0.0,0.0,0.0,0.0,0.0,0.0,0.0,0.0,0.0,0.0,0.0,0.0,0.0
Joint 1: ,1.1,0.952,0.849,0.747,0.644,0.505,0.451,0.396,0.315,0.235,0.058,-0.118,-0.294,-0.474,-0.654,-0.834,-1.03,-1.227,-1.307,-1.388,-1.292,-1.196,-1.1
Joint 2: ,0.0,0.0,0.0,0.0,0.0,0.0,0.0,0.0,0.0,0.0,0.0,0.0,0.0,0.0,0.0,0.0,0.0,0.0,0.0,0.0,0.0,0.0,0.0
Joint 3: ,0.1,0.227,0.377,0.528,0.679,0.854,1.013,1.172,1.31,1.448,1.393,1.338,1.282,1.217,1.152,1.086,0.893,0.699,0.529,0.359,0.205,0.052,-0.102
Joint 4: ,0.0,0.0,0.0,0.0,0.0,0.0,0.0,0.0,0.0,0.0,0.0,0.0,0.0,0.0,0.0,0.0,0.0,0.0,0.0,0.0,0.0,0.0,0.0
Joint 5: ,0.2,0.187,0.173,0.158,0.143,0.096,0.077,0.057,0.038,0.019,0.013,0.006,0.0,0.0,0.0,0.0,0.0,0.0,0.0,0.0,-0.064,-0.129,-0.193
Joint 6: ,0.0,0.0,0.0,0.0,0.0,0.0,0.0,0.0,0.0,0.0,0.0,0.0,0.0,0.0,0.0,0.0,0.0,0.0,0.0,0.0,0.0,0.0,0.0
Trial,3,2D Sim,True,Distance Weight,0.7,Random Seed,45,Min Iterations,1200,Lazy,False,Distance cost,0.2988001358755033,Manip Cost,7.445341538539935,Total cost,1.0706266073632627,Node cost function,True,Percent Manip Threshold,20,Update Path,False,Increasing weight,True,Parent finding radius R,0.6,Step Size,0.2,Goal Area Sample Probability,0.05,Goal Area Delta,0.6
Manipulability,0.081,0.122,0.166,0.196,0.223,0.248,0.277,0.292,0.297,0.292,0.282,0.27,0.258,0.24,0.215,0.184,0.166,0.166,0.146,0.151,0.126,0.096,0.052,0.023,0.081
Distance to Last Node,0.0,0.2,0.175,0.178,0.178,0.178,0.184,0.183,0.183,0.183,0.16,0.162,0.2,0.2,0.213,0.213,0.206,0.206,0.199,0.186,0.186,0.186,0.188,0.188,0.188
Joint 0: ,0.0,0.0,0.0,0.0,0.0,0.0,0.0,0.0,0.0,0.0,0.0,0.0,0.0,0.0,0.0,0.0,0.0,0.0,0.0,0.0,0.0,0.0,0.0,0.0,0.0
Joint 1: ,1.1,1.02,0.975,0.907,0.838,0.769,0.702,0.604,0.506,0.408,0.271,0.119,-0.076,-0.27,-0.433,-0.596,-0.776,-0.955,-0.939,-1.075,-1.063,-1.052,-1.068,-1.084,-1.1
Joint 2: ,0.0,0.0,0.0,0.0,0.0,0.0,0.0,0.0,0.0,0.0,0.0,0.0,0.0,0.0,0.0,0.0,0.0,0.0,0.0,0.0,0.0,0.0,0.0,0.0,0.0
Joint 3: ,0.1,0.28,0.449,0.605,0.761,0.917,1.089,1.243,1.397,1.551,1.635,1.69,1.644,1.598,1.46,1.323,1.223,1.123,0.925,0.798,0.612,0.426,0.25,0.075,-0.1
Joint 4: ,0.0,0.0,0.0,0.0,0.0,0.0,0.0,0.0,0.0,0.0,0.0,0.0,0.0,0.0,0.0,0.0,0.0,0.0,0.0,0.0,0.0,0.0,0.0,0.0,0.0
Joint 5: ,0.2,0.167,0.15,0.1,0.05,0.0,0.001,0.001,0.001,0.001,0.001,0.0,0.0,0.0,0.0,0.0,0.0,0.0,0.0,0.0,0.0,0.0,-0.066,-0.133,-0.199
Joint 6: ,0.0,0.0,0.0,0.0,0.0,0.0,0.0,0.0,0.0,0.0,0.0,0.0,0.0,0.0,0.0,0.0,0.0,0.0,0.0,0.0,0.0,0.0,0.0,0.0,0.0
Trial,4,2D Sim,True,Distance Weight,0.7,Random Seed,60,Min Iterations,1200,Lazy,False,Distance cost,0.26766577933794405,Manip Cost,7.995868854211577,Total cost,1.102311711424297,Node cost function,True,Percent Manip Threshold,20,Update Path,False,Increasing weight,True,Parent finding radius R,0.6,Step Size,0.2,Goal Area Sample Probability,0.05,Goal Area Delta,0.6
Manipulability,0.081,0.116,0.154,0.189,0.217,0.229,0.232,0.229,0.222,0.214,0.21,0.202,0.184,0.173,0.172,0.166,0.157,0.142,0.112,0.058,0.023,0.08
Distance to Last Node,0.0,0.223,0.2,0.2,0.19,0.179,0.184,0.189,0.189,0.189,0.217,0.167,0.19,0.198,0.174,0.195,0.195,0.195,0.191,0.196,0.196,0.196
Joint 0: ,0.0,0.0,0.0,0.0,0.0,0.0,0.0,0.0,0.0,0.0,0.0,0.0,0.0,0.0,0.0,0.0,0.0,0.0,0.0,0.0,0.0,0.0
Joint 1: ,1.1,1.038,0.929,0.82,0.697,0.548,0.385,0.213,0.041,-0.132,-0.317,-0.472,-0.661,-0.846,-0.985,-1.051,-1.117,-1.183,-1.229,-1.186,-1.143,-1.1
Joint 2: ,0.0,0.0,0.0,0.0,0.0,0.0,0.0,0.0,0.0,0.0,0.0,0.0,0.0,0.0,0.0,0.0,0.0,0.0,0.0,0.0,0.0,0.0
Joint 3: ,0.1,0.299,0.464,0.629,0.773,0.873,0.959,1.036,1.114,1.191,1.303,1.367,1.347,1.279,1.174,0.991,0.808,0.625,0.44,0.26,0.08,-0.099
Joint 4: ,0.0,0.0,0.0,0.0,0.0,0.0,0.0,0.0,0.0,0.0,0.0,0.0,0.0,0.0,0.0,0.0,0.0,0.0,0.0,0.0,0.0,0.0
Joint 5: ,0.2,0.119,0.089,0.06,0.047,0.038,0.031,0.025,0.02,0.014,0.011,0.009,0.007,0.004,0.003,0.002,0.001,0.0,0.0,-0.065,-0.131,-0.196
Joint 6: ,0.0,0.0,0.0,0.0,0.0,0.0,0.0,0.0,0.0,0.0,0.0,0.0,0.0,0.0,0.0,0.0,0.0,0.0,0.0,0.0,0.0,0.0
Trial,5,2D Sim,True,Distance Weight,0.7,Random Seed,75,Min Iterations,1200,Lazy,False,Distance cost,0.2519262030351291,Manip Cost,8.40785198203075,Total cost,1.1327661871666568,Node cost function,True,Percent Manip Threshold,20,Update Path,False,Increasing weight,True,Parent finding radius R,0.6,Step Size,0.2,Goal Area Sample Probability,0.05,Goal Area Delta,0.6
Manipulability,0.081,0.122,0.163,0.193,0.211,0.224,0.232,0.218,0.21,0.196,0.183,0.173,0.162,0.162,0.157,0.163,0.139,0.108,0.059,0.021,0.078
Distance to Last Node,0.0,0.189,0.189,0.199,0.195,0.194,0.194,0.147,0.193,0.166,0.166,0.166,0.184,0.184,0.248,0.248,0.183,0.183,0.196,0.196,0.196
Joint 0: ,0.0,0.0,0.0,0.0,0.0,0.0,0.0,0.0,0.0,0.0,0.0,0.0,0.0,0.0,0.0,0.0,0.0,0.0,0.0,0.0,0.0
Joint 1: ,1.1,1.015,0.929,0.805,0.672,0.525,0.368,0.222,0.045,-0.116,-0.277,-0.438,-0.622,-0.806,-0.978,-1.151,-1.138,-1.126,-1.118,-1.11,-1.101
Joint 2: ,0.0,0.0,0.0,0.0,0.0,0.0,0.0,0.0,0.0,0.0,0.0,0.0,0.0,0.0,0.0,0.0,0.0,0.0,0.0,0.0,0.0
Joint 3: ,0.1,0.268,0.436,0.588,0.723,0.846,0.959,0.98,1.054,1.093,1.133,1.172,1.175,1.177,0.999,0.822,0.639,0.457,0.272,0.087,-0.097
Joint 4: ,0.0,0.0,0.0,0.0,0.0,0.0,0.0,0.0,0.0,0.0,0.0,0.0,0.0,0.0,0.0,0.0,0.0,0.0,0.0,0.0,0.0
Joint 5: ,0.2,0.183,0.165,0.134,0.089,0.06,0.04,0.03,0.02,0.013,0.007,0.0,0.0,0.0,0.0,0.0,0.0,0.0,-0.064,-0.127,-0.191
Joint 6: ,0.0,0.0,0.0,0.0,0.0,0.0,0.0,0.0,0.0,0.0,0.0,0.0,0.0,0.0,0.0,0.0,0.0,0.0,0.0,0.0,0.0
